  366         A         R         N         D         C         Q         E         G         H         I         L         K         M         F         P         S         T         W         Y         V    
  1 M   1 0.0000000 0.0000000 0.0000000 0.0000000 0.0000000 0.7800762 0.0000000 0.0000000 0.0000000 0.0000000 0.1421068 0.0000000 0.0349296 0.0000000 0.0000000 0.0000000 0.0000000 0.0000000 0.0000000 0.0428875
  2 G   2 0.0043420 0.0175676 0.0088713 0.0000000 0.0000000 0.0000000 0.0000000 0.9378556 0.0000000 0.0000000 0.0000000 0.0000000 0.0000000 0.0000000 0.0000000 0.0228843 0.0049342 0.0000000 0.0000000 0.0035450
  3 P   3 0.0099609 0.0237515 0.0450315 0.0093581 0.0000000 0.0926227 0.0067002 0.0530823 0.0258228 0.0099892 0.0430117 0.0065765 0.0000000 0.0000000 0.4105572 0.2235594 0.0261396 0.0000000 0.0138364 0.0000000
  4 V   4 0.0217074 0.2773599 0.0000000 0.0000000 0.0029478 0.0130965 0.0000000 0.0267933 0.0050044 0.0000000 0.0000000 0.5551575 0.0169241 0.0046063 0.0054071 0.0066588 0.0080625 0.0009404 0.0133865 0.0419474
  5 W   5 0.0000000 0.0000000 0.0000000 0.0000000 0.0000000 0.0000000 0.0000000 0.0000000 0.0000000 0.0020621 0.0022712 0.0000000 0.0000000 0.0084942 0.0000000 0.0000000 0.0022662 0.9849063 0.0000000 0.0000000
  6 R   6 0.0172183 0.1402768 0.1024363 0.1262165 0.0000000 0.0543049 0.0774816 0.0334872 0.0322723 0.0036989 0.0090110 0.1105789 0.0049449 0.0045877 0.0651587 0.0995363 0.0853613 0.0000000 0.0295755 0.0038528
  7 K   7 0.0000000 0.0732724 0.0399381 0.0202551 0.0000000 0.0346834 0.0165229 0.0039504 0.1246622 0.0031696 0.0000000 0.5779400 0.0027963 0.0000000 0.0041573 0.0200799 0.0390010 0.0000000 0.0072954 0.0322761
  8 H   8 0.0049574 0.1653804 0.1642746 0.0187115 0.0000000 0.0288131 0.0095092 0.0063131 0.0566913 0.0011265 0.0165307 0.1757999 0.0081180 0.0315202 0.0140527 0.0618882 0.2135190 0.0008439 0.0169178 0.0050326
  9 Y   9 0.0159843 0.0179396 0.2408119 0.1682030 0.0000000 0.0354205 0.0399920 0.0000000 0.1708508 0.0205297 0.0242923 0.0461248 0.0058615 0.0104308 0.0060632 0.0295681 0.1072293 0.0000000 0.0132027 0.0474957
 10 I  10 0.0000000 0.0000000 0.0000000 0.0000000 0.0000000 0.0000000 0.0000000 0.0000000 0.0000000 0.2443520 0.6839922 0.0000000 0.0020522 0.0000000 0.0000000 0.0000000 0.0000000 0.0000000 0.0000000 0.0696035
 11 T  11 0.0000000 0.0094385 0.0067587 0.0000000 0.0000000 0.0022515 0.0000000 0.0000000 0.0000000 0.0015938 0.0042019 0.0511529 0.0000000 0.0118143 0.0000000 0.0859942 0.8167667 0.0000000 0.0024443 0.0075832
 12 Y  12 0.0000000 0.0000000 0.0000000 0.0000000 0.0000000 0.0000000 0.0000000 0.0000000 0.0024751 0.0000000 0.0000000 0.0000000 0.0000000 0.0727564 0.0000000 0.0000000 0.0000000 0.2386897 0.6860787 0.0000000
 13 R  13 0.0515970 0.4779043 0.0190516 0.0036670 0.0117017 0.0151598 0.0021190 0.0258747 0.0109850 0.0000000 0.0000000 0.1129946 0.0012249 0.0227104 0.0000000 0.1974723 0.0103064 0.0096011 0.0264445 0.0011856
 14 I  14 0.0011112 0.0013279 0.0000000 0.0000000 0.0116050 0.0000000 0.0000000 0.0000000 0.0000000 0.5781225 0.1762353 0.0000000 0.0108374 0.1114267 0.0000000 0.0000000 0.0007363 0.0000000 0.0044540 0.1041436
 15 N  15 0.0422360 0.0688102 0.0338750 0.0233752 0.0000000 0.0661400 0.0794635 0.0181875 0.0200516 0.0551343 0.1999465 0.0543936 0.0289438 0.0253439 0.0089162 0.0898126 0.0279411 0.0012491 0.0157620 0.1404178
 16 N  16 0.0148037 0.0452662 0.4945586 0.0127295 0.0032041 0.0202034 0.0131745 0.0757629 0.0035237 0.0000000 0.0000000 0.0709753 0.0000000 0.0000000 0.0193067 0.1446731 0.0777345 0.0000000 0.0007118 0.0033721
 17 Y  17 0.0047329 0.0059845 0.0071024 0.0450419 0.0010738 0.0165732 0.0154470 0.0197259 0.0303860 0.0042758 0.0515456 0.0042324 0.0050664 0.1522813 0.0035883 0.0358631 0.0508827 0.0473906 0.4735704 0.0252359
 18 T  18 0.0174543 0.0000000 0.0273101 0.0000000 0.0016393 0.0000000 0.0000000 0.0119577 0.0041947 0.0052963 0.0079278 0.0000000 0.0019976 0.0019588 0.3190774 0.1638175 0.4161460 0.0044286 0.0050923 0.0117017
 19 P  19 0.0195426 0.0742666 0.0617276 0.0238948 0.0013928 0.0594093 0.0385038 0.0106779 0.0094295 0.0056722 0.0171547 0.0334406 0.0035344 0.0011278 0.3547151 0.1809732 0.0608330 0.0253010 0.0051426 0.0132603
 20 D  20 0.0089823 0.0558325 0.0764180 0.3852105 0.0012058 0.1007924 0.0080700 0.0481901 0.0383391 0.0000000 0.0028622 0.0968991 0.0000000 0.0054150 0.0031054 0.0581528 0.0591001 0.0022870 0.0399164 0.0092213
 21 M  21 0.0126659 0.0000000 0.0060148 0.0000000 0.0000000 0.0091379 0.0028522 0.0016284 0.0014988 0.0634432 0.6036618 0.0041124 0.1608217 0.0163685 0.0046524 0.0011313 0.0035017 0.0034080 0.0236644 0.0814367
 22 N  22 0.0495861 0.0288261 0.0656414 0.1016414 0.0000000 0.0051830 0.0362206 0.1283993 0.0048428 0.0074992 0.0182366 0.0304297 0.0006913 0.0031724 0.1870327 0.2471075 0.0705354 0.0000000 0.0014687 0.0134860
 23 R  23 0.0660317 0.2219847 0.0150680 0.0202473 0.0000000 0.0879929 0.1154720 0.0151891 0.0274384 0.0279796 0.0273896 0.1040278 0.0084814 0.0043207 0.1262587 0.0379772 0.0394992 0.0105380 0.0107643 0.0333395
 24 E  24 0.1804607 0.0246120 0.0648202 0.1420758 0.0000000 0.0418436 0.1440516 0.0475902 0.0292539 0.0020055 0.0174822 0.0238576 0.0019969 0.0056994 0.0311040 0.1540164 0.0324405 0.0000000 0.0363359 0.0203536
 25 D  25 0.0986936 0.0313066 0.0201530 0.1956509 0.0000000 0.0896214 0.2291212 0.0103477 0.0148507 0.0207244 0.0316078 0.0274375 0.0082161 0.0020775 0.0057046 0.0333782 0.1080376 0.0000000 0.0027344 0.0703367
 26 V  26 0.0399709 0.0050289 0.0000000 0.0000000 0.0000000 0.0728304 0.0061712 0.0000000 0.0000000 0.1222310 0.0281917 0.0000000 0.0223802 0.0066694 0.0000000 0.0231808 0.1195745 0.0000000 0.0045845 0.5491864
 27 D  27 0.0182517 0.3670498 0.0133868 0.2517582 0.0000000 0.0358185 0.0930438 0.0045423 0.0304843 0.0039502 0.0160999 0.0852290 0.0088022 0.0135707 0.0000000 0.0134437 0.0129753 0.0054102 0.0125547 0.0136287
 28 Y  28 0.1009208 0.1468002 0.0705965 0.1510054 0.0000000 0.0527289 0.1015290 0.0321289 0.0099565 0.0024694 0.0134317 0.0878676 0.0048735 0.0169341 0.0024207 0.0955192 0.0639548 0.0014140 0.0389939 0.0064549
 29 A  29 0.4275524 0.0000000 0.0023927 0.0127752 0.0020207 0.0052364 0.0986068 0.0274172 0.0000000 0.0848194 0.1065087 0.0000000 0.0122295 0.0084009 0.0026207 0.0249451 0.0835019 0.0000000 0.0000000 0.1009726
 30 I  30 0.0290488 0.0000000 0.0000000 0.0000000 0.0055254 0.0000000 0.0000000 0.0039401 0.0000000 0.3757172 0.1661033 0.0000000 0.0912726 0.1565328 0.0000000 0.0000000 0.0208412 0.0000000 0.0023971 0.1486217
 31 R  31 0.1858678 0.2414266 0.0252961 0.0222347 0.0000000 0.1057154 0.1172515 0.0162441 0.0520166 0.0028729 0.0216270 0.0607884 0.0000000 0.0073795 0.0000000 0.0566545 0.0341586 0.0025856 0.0427690 0.0051115
 32 K  32 0.0689593 0.2602155 0.0282601 0.0357220 0.0000000 0.0834211 0.0702158 0.0029250 0.0186183 0.0104566 0.0396779 0.2455873 0.0133156 0.0070790 0.0000000 0.0291979 0.0348734 0.0023878 0.0466633 0.0024240
 33 A  33 0.9493752 0.0000000 0.0000000 0.0000000 0.0000000 0.0000000 0.0000000 0.0125381 0.0000000 0.0024184 0.0000000 0.0000000 0.0059842 0.0000000 0.0000000 0.0196935 0.0035621 0.0000000 0.0000000 0.0064286
 34 F  34 0.0183888 0.0000000 0.0000000 0.0000000 0.0000000 0.0016374 0.0000000 0.0000000 0.0000000 0.0161769 0.2482662 0.0000000 0.0048077 0.6893676 0.0000000 0.0019143 0.0018127 0.0061531 0.0053232 0.0061522
 35 Q  35 0.0799420 0.1285933 0.0429826 0.1018622 0.0020290 0.1833947 0.0536218 0.0565523 0.0140317 0.0000000 0.0030638 0.2304161 0.0167918 0.0000000 0.0000000 0.0619975 0.0185489 0.0015016 0.0040411 0.0006299
 36 V  36 0.0731337 0.0513949 0.0000000 0.0137201 0.0000000 0.0389915 0.0312466 0.0000000 0.0067556 0.0470077 0.1429460 0.0399240 0.0961100 0.0064843 0.0000000 0.0077030 0.0269415 0.0036248 0.0250580 0.3889581
 37 W  37 0.0000000 0.0029894 0.0000000 0.0000000 0.0000000 0.0000000 0.0000000 0.0000000 0.0000000 0.0047392 0.0000000 0.0000000 0.0000000 0.0081433 0.0000000 0.0000000 0.0000000 0.9804455 0.0036826 0.0000000
 38 S  38 0.1342101 0.0079382 0.0000000 0.0204475 0.0000000 0.0703979 0.1393887 0.0236879 0.0000000 0.0000000 0.0000000 0.0065598 0.0016754 0.0000000 0.0000000 0.5711995 0.0211356 0.0000000 0.0000000 0.0033594
 39 N  39 0.0672396 0.0571557 0.1174525 0.2756722 0.0000000 0.0397346 0.1513676 0.0234403 0.0103783 0.0119997 0.0030180 0.1088778 0.0087036 0.0000000 0.0027541 0.0851644 0.0155744 0.0000000 0.0021309 0.0193362
 40 V  40 0.1133117 0.0017142 0.0300218 0.0043474 0.0000000 0.0146144 0.0327389 0.0036303 0.0286699 0.0404048 0.0170562 0.0057859 0.0000000 0.0076187 0.0079067 0.0042963 0.0135246 0.0000000 0.0506925 0.6236657
 41 T  41 0.1188105 0.0000000 0.0000000 0.0000000 0.0000000 0.0000000 0.0000000 0.0086232 0.0000000 0.0606650 0.0167008 0.0031648 0.0064987 0.0018036 0.0000000 0.2613199 0.4949132 0.0000000 0.0000000 0.0275004
 42 P  42 0.0375863 0.0240033 0.1018859 0.0562000 0.0000000 0.0092538 0.0019700 0.0473850 0.0116469 0.0031648 0.0103003 0.0448527 0.0131454 0.0000000 0.5650164 0.0417527 0.0253847 0.0000000 0.0022009 0.0042509
 43 L  43 0.0009039 0.0041779 0.0000000 0.0000000 0.0000000 0.0000000 0.0000000 0.0000000 0.0000000 0.0454241 0.8458298 0.0000000 0.0070773 0.0484477 0.0039494 0.0000000 0.0000000 0.0076938 0.0017828 0.0347132
 44 K  44 0.0101400 0.1181256 0.1036713 0.0631839 0.0000000 0.0281823 0.0501898 0.0051096 0.0037294 0.0131422 0.0075859 0.0903593 0.0051218 0.0008595 0.0010097 0.0857026 0.3785710 0.0062048 0.0020980 0.0270134
 45 F  45 0.0000000 0.0000000 0.0000000 0.0000000 0.0019232 0.0000000 0.0000000 0.0000000 0.0000000 0.0254075 0.0108100 0.0000000 0.0000000 0.9567055 0.0031460 0.0020079 0.0000000 0.0000000 0.0000000 0.0000000
 46 S  46 0.0135887 0.1695407 0.0184891 0.0089689 0.0033760 0.0813751 0.0642903 0.0035787 0.0434880 0.0286205 0.0245175 0.0457131 0.0036099 0.0073378 0.0000000 0.0772482 0.2680478 0.0196086 0.0169530 0.1016481
 47 K  47 0.0180384 0.2053507 0.0052425 0.0097718 0.0000000 0.0719898 0.5301212 0.0036438 0.0063135 0.0000000 0.0049158 0.0993321 0.0044298 0.0041867 0.0119410 0.0150354 0.0000000 0.0016320 0.0080555 0.0000000
 48 I  48 0.0762268 0.0153697 0.0052821 0.0208806 0.0000000 0.0015590 0.0052899 0.0000000 0.0000000 0.1709350 0.0901344 0.0344380 0.0099527 0.0055991 0.0053995 0.0350386 0.0991183 0.0013532 0.0156562 0.4077669
 49 N  49 0.0981582 0.0459334 0.0970844 0.0481830 0.0000000 0.0461073 0.0237709 0.0334104 0.0648857 0.0051898 0.0157109 0.0521511 0.0093256 0.0269904 0.1016124 0.1236085 0.0871894 0.0034487 0.1035316 0.0137082
 50 T  50 0.0577074 0.0361878 0.0428871 0.1955618 0.0000000 0.0220314 0.0956627 0.0604578 0.0152270 0.0041225 0.0135490 0.0433145 0.0040457 0.0106356 0.0205860 0.2131281 0.0747792 0.0067462 0.0566722 0.0266981
 51 G  51 0.0536902 0.0221762 0.0602140 0.0773491 0.0000000 0.0506248 0.0873742 0.3773233 0.0210963 0.0022324 0.0114974 0.0217615 0.0000000 0.0000000 0.0402527 0.0942957 0.0517328 0.0019181 0.0102759 0.0161852
 52 M  52 0.0389537 0.0682807 0.0652620 0.1110757 0.0000000 0.0680615 0.2310520 0.0239541 0.0119518 0.0322743 0.0058337 0.0583061 0.0060088 0.0006357 0.0948994 0.0696575 0.0685290 0.0124490 0.0153611 0.0174538
 53 A  53 0.6841356 0.0000000 0.0085546 0.0057391 0.0022455 0.0000000 0.0064824 0.0415080 0.0112256 0.0049900 0.0000000 0.0000000 0.0000000 0.0000000 0.0856945 0.0614597 0.0045733 0.0000000 0.0000000 0.0833916
 54 D  54 0.0174932 0.0000000 0.0635525 0.8281516 0.0000000 0.0014741 0.0089684 0.0044725 0.0339346 0.0010161 0.0043935 0.0053834 0.0146757 0.0000000 0.0030506 0.0045472 0.0031759 0.0000000 0.0000000 0.0057107
 55 I  55 0.0009805 0.0041676 0.0000000 0.0060177 0.0000000 0.0080227 0.0015679 0.0034850 0.0000000 0.8499471 0.0538849 0.0000000 0.0108785 0.0084858 0.0059249 0.0029983 0.0069401 0.0000000 0.0034809 0.0332181
 56 L  56 0.0025523 0.1336305 0.0337172 0.0414030 0.0000000 0.0790370 0.0807056 0.0086367 0.0054088 0.0409875 0.0803486 0.1001891 0.2226245 0.0081917 0.0000000 0.0130928 0.0771181 0.0000000 0.0108323 0.0615244
 57 V  57 0.0015643 0.0060784 0.0022969 0.0038960 0.0009164 0.0000000 0.0039175 0.0035919 0.0000000 0.6295381 0.1156515 0.0000000 0.0142996 0.0266691 0.0091964 0.0039848 0.0059277 0.0000000 0.0020373 0.1704340
 58 V  58 0.0781783 0.0715912 0.0296650 0.0868005 0.0020328 0.0231481 0.0191699 0.1125568 0.0059663 0.0318022 0.0796262 0.0483633 0.0106489 0.0630830 0.0022597 0.2575931 0.0385599 0.0000000 0.0186817 0.0202731
 59 F  59 0.0140498 0.0027442 0.0000000 0.0127723 0.0000000 0.0015538 0.0032964 0.0151649 0.0016395 0.0038107 0.0049324 0.0111744 0.0000000 0.8829553 0.0056913 0.0054540 0.0071199 0.0191033 0.0085377 0.0000000
 60 A  60 0.2658885 0.0313894 0.0169042 0.0146137 0.0000000 0.0072184 0.0546592 0.1780519 0.0703340 0.0109883 0.0212422 0.0117466 0.0017901 0.0519102 0.0131247 0.0507424 0.0449923 0.0092245 0.0691023 0.0760770
 61 R  61 0.0520283 0.2763196 0.0495627 0.0120177 0.0000000 0.0522560 0.0475604 0.0409317 0.0167998 0.0174088 0.0071006 0.0561330 0.0043540 0.0080802 0.0246035 0.1737583 0.0844498 0.0064438 0.0249910 0.0452008
 62 G  62 0.0562892 0.1403393 0.0274238 0.0007773 0.0000000 0.0337032 0.0322373 0.4445298 0.0053283 0.0155065 0.0267627 0.0496857 0.0111853 0.0198040 0.0057070 0.0412149 0.0172049 0.0213543 0.0445024 0.0064441
 63 A  63 0.0539705 0.0449798 0.0847148 0.2804099 0.0000000 0.0211075 0.1525955 0.0187114 0.0201040 0.0038524 0.0098703 0.0191705 0.0047110 0.0979738 0.0064133 0.0515954 0.0274366 0.0232006 0.0531979 0.0259848
 64 H  64 0.0063434 0.0054248 0.0024691 0.0052260 0.0000000 0.0053193 0.0000000 0.0206031 0.8886953 0.0000000 0.0086497 0.0019678 0.0019725 0.0039595 0.0045663 0.0231375 0.0070460 0.0122569 0.0023627 0.0000000
 65 G  65 0.0221274 0.0244451 0.0977086 0.0295842 0.0000000 0.0318864 0.0137779 0.6193625 0.0034807 0.0033822 0.0036402 0.0212178 0.0000000 0.0015131 0.0015903 0.0423578 0.0373613 0.0041425 0.0424218 0.0000000
 66 D  66 0.0000000 0.0270774 0.0010227 0.7702363 0.1051416 0.0000000 0.0096921 0.0010821 0.0059169 0.0096814 0.0034649 0.0042728 0.0037662 0.0000000 0.0120535 0.0056247 0.0136582 0.0086382 0.0068551 0.0118157
 67 D  67 0.0355336 0.0365780 0.0838599 0.0173596 0.0452890 0.0115634 0.0157581 0.2695152 0.0083597 0.0122096 0.0192380 0.0174451 0.0056763 0.0842123 0.1065566 0.1709893 0.0114427 0.0072617 0.0220016 0.0191502
 68 H  68 0.0189893 0.0589914 0.0969162 0.0416643 0.0137843 0.0242359 0.0471090 0.0132227 0.0341313 0.0247835 0.0393390 0.0108721 0.0048727 0.0561104 0.0272743 0.1325928 0.0235115 0.0296577 0.2885771 0.0133644
 69 A  69 0.0898564 0.0202135 0.0255661 0.0236948 0.0359576 0.0040209 0.0059055 0.0113525 0.0139369 0.0129866 0.0260016 0.0195409 0.0045106 0.0057990 0.5398604 0.0781237 0.0264806 0.0049290 0.0133366 0.0379268
 70 F  70 0.0065551 0.0215825 0.0048800 0.0051200 0.0000000 0.0024579 0.0090525 0.0057271 0.0033448 0.0096782 0.0122606 0.0148593 0.0038941 0.8563082 0.0082882 0.0157962 0.0076865 0.0000000 0.0077209 0.0047879
 71 D  71 0.0036533 0.0155154 0.0092190 0.8119728 0.0000000 0.0182714 0.0012773 0.0091842 0.0035027 0.0030825 0.0298379 0.0149564 0.0018678 0.0259913 0.0090934 0.0100366 0.0074392 0.0039310 0.0182582 0.0029096
 72 G  72 0.0122865 0.0139495 0.0064298 0.0230315 0.0096350 0.0054407 0.0134161 0.8472396 0.0000000 0.0025045 0.0020864 0.0044947 0.0024200 0.0087492 0.0095177 0.0068811 0.0145365 0.0041647 0.0041554 0.0090611
 73 K  73 0.0254759 0.0649977 0.0110719 0.0208280 0.0044388 0.0379218 0.0784122 0.0160924 0.0040162 0.0065230 0.0349822 0.1093756 0.0035090 0.0143949 0.4445100 0.0436770 0.0332691 0.0041428 0.0103312 0.0320301
 74 G  74 0.0211643 0.0141339 0.0598634 0.0678807 0.0040039 0.0119148 0.0312553 0.5904872 0.0138196 0.0033442 0.0422998 0.0128910 0.0103644 0.0086473 0.0107994 0.0358287 0.0292262 0.0128858 0.0136003 0.0055896
 75 G  75 0.0085726 0.0388972 0.0849806 0.0251249 0.0000000 0.0623490 0.0129552 0.6048445 0.0119721 0.0096015 0.0028187 0.0418292 0.0045063 0.0014289 0.0039960 0.0132834 0.0212885 0.0030446 0.0330163 0.0154904
 76 I  76 0.0411780 0.0036760 0.0180625 0.0096658 0.0000000 0.0140724 0.0618502 0.0270610 0.0052604 0.1497110 0.0671700 0.0210807 0.0012781 0.0688512 0.0067107 0.0253446 0.2385928 0.0000000 0.0067021 0.2337324
 77 L  77 0.0168366 0.0078159 0.0000000 0.0031863 0.0028191 0.0078415 0.0114759 0.0036858 0.0000000 0.0333889 0.7622625 0.0034029 0.0038015 0.0317453 0.0041148 0.0155220 0.0236724 0.0000000 0.0116930 0.0567357
 78 A  78 0.8282210 0.0101575 0.0000000 0.0038780 0.0150030 0.0039220 0.0163065 0.0618491 0.0000000 0.0047953 0.0053900 0.0054919 0.0059374 0.0137240 0.0021130 0.0154367 0.0000000 0.0000000 0.0019788 0.0057958
 79 H  79 0.0093162 0.0000000 0.0059305 0.0095330 0.0000000 0.0074465 0.0076177 0.0023754 0.8580512 0.0206771 0.0040815 0.0006210 0.0000000 0.0082004 0.0157233 0.0140136 0.0200072 0.0101040 0.0034489 0.0028526
 80 A  80 0.8641041 0.0047673 0.0000000 0.0080807 0.0096335 0.0028407 0.0037459 0.0288478 0.0000000 0.0000000 0.0014394 0.0045670 0.0000000 0.0068203 0.0028235 0.0301318 0.0248062 0.0000000 0.0039626 0.0034291
 81 F  81 0.0164566 0.0000000 0.0075900 0.0295958 0.0019964 0.0015534 0.0212707 0.0062087 0.0009948 0.0184323 0.0087517 0.0068732 0.0042576 0.5822136 0.0068091 0.0129926 0.0209102 0.0294142 0.2140791 0.0096000
 82 G  82 0.1040890 0.0218466 0.0000000 0.0135335 0.0028264 0.0386828 0.0036872 0.0416630 0.0098217 0.0319403 0.0556305 0.0020583 0.0099011 0.3327338 0.1130097 0.0536933 0.0239681 0.0048330 0.1302431 0.0058387
 83 P  83 0.0247059 0.0196601 0.0086820 0.0035340 0.0000000 0.0052114 0.0057241 0.0082341 0.0072868 0.0000000 0.0110350 0.0042304 0.0032318 0.0000000 0.8779217 0.0134627 0.0020995 0.0000000 0.0049804 0.0000000
 84 G  84 0.0190375 0.0389636 0.0579654 0.0317500 0.0042330 0.0266547 0.0583988 0.3989172 0.0148726 0.0108414 0.0128461 0.0314410 0.0100674 0.0124468 0.1074260 0.0666556 0.0436984 0.0141867 0.0136161 0.0259820
 85 S  85 0.0291874 0.0443443 0.1291421 0.0768455 0.0030998 0.0281404 0.0760237 0.0209575 0.0590620 0.0106478 0.0231545 0.0277086 0.0016109 0.0276900 0.1969675 0.0882390 0.0758541 0.0011663 0.0707535 0.0094049
 86 G  86 0.0187823 0.0218005 0.0329605 0.0804105 0.0050211 0.0033417 0.0217404 0.5741897 0.0515487 0.0058319 0.0201115 0.0045977 0.0072567 0.0085260 0.0738039 0.0360059 0.0234414 0.0017798 0.0037289 0.0051209
 87 I  87 0.0153592 0.1043310 0.0139576 0.0229022 0.0516674 0.0222759 0.0960055 0.0085964 0.0239391 0.2823770 0.1080691 0.0249783 0.0275704 0.0210450 0.0105508 0.0233786 0.0559037 0.0076760 0.0281081 0.0513087
 88 G  88 0.1065725 0.0295986 0.0344246 0.0660914 0.0128223 0.0411849 0.0464066 0.3928014 0.0077324 0.0101579 0.0686356 0.0297981 0.0041508 0.0132078 0.0148004 0.0765401 0.0064968 0.0072851 0.0124959 0.0187967
 89 G  89 0.0320834 0.0035887 0.0103741 0.0065398 0.0000000 0.0026990 0.0000000 0.8199201 0.0033073 0.0017566 0.0157675 0.0105796 0.0000000 0.0000000 0.0054040 0.0245964 0.0488061 0.0000000 0.0052458 0.0093316
 90 D  90 0.0000000 0.0618606 0.0160095 0.5978405 0.0000000 0.0201262 0.0965552 0.0261406 0.0166010 0.0107724 0.0099732 0.0057259 0.0119203 0.0014788 0.0061486 0.0263309 0.0676689 0.0026499 0.0000000 0.0221974
 91 A  91 0.2444188 0.0027064 0.0032610 0.0041747 0.0076328 0.0084262 0.0018444 0.0049394 0.0000000 0.1914949 0.0732817 0.0064436 0.0117326 0.0509412 0.0000000 0.0465168 0.1453217 0.0039107 0.0037329 0.1892202
 92 H  92 0.0077141 0.0109703 0.0278063 0.0103881 0.0088179 0.0063767 0.0038760 0.0025785 0.8036324 0.0062749 0.0071080 0.0000000 0.0000000 0.0411494 0.0071532 0.0213222 0.0024059 0.0157041 0.0043132 0.0124088
 93 F  93 0.0000000 0.0025773 0.0032305 0.0031379 0.0000000 0.0039135 0.0000000 0.0051240 0.0000000 0.0243976 0.0776217 0.0037707 0.0065684 0.7869335 0.0000000 0.0080971 0.0032364 0.0000000 0.0623023 0.0090889
 94 D  94 0.0066667 0.0048562 0.0631496 0.8204162 0.0000000 0.0190795 0.0049124 0.0191469 0.0084567 0.0000000 0.0000000 0.0298566 0.0000000 0.0000000 0.0039012 0.0039100 0.0012391 0.0000000 0.0020087 0.0124003
 95 E  95 0.1241768 0.0201896 0.0394828 0.3091195 0.0017983 0.0163754 0.2104983 0.0681318 0.0000000 0.0033120 0.0227635 0.0293353 0.0156995 0.0055184 0.0127911 0.0682250 0.0233439 0.0000000 0.0187473 0.0104915
 96 D  96 0.1185740 0.0041748 0.0186956 0.5643146 0.0000000 0.0106320 0.0975048 0.0179917 0.0154181 0.0019641 0.0080246 0.0183405 0.0000000 0.0032290 0.0032349 0.0785999 0.0245840 0.0000000 0.0059385 0.0087790
 97 E  97 0.0078780 0.0305488 0.0050953 0.0088707 0.0066259 0.0170128 0.7757898 0.0018304 0.0283009 0.0046696 0.0025321 0.0281409 0.0017602 0.0076949 0.0155792 0.0076758 0.0125243 0.0035115 0.0282418 0.0057170
 98 F  98 0.0227795 0.0740034 0.0949695 0.0217061 0.0000000 0.0421573 0.0192801 0.0098215 0.0617806 0.0455086 0.0694292 0.1077008 0.0164217 0.0582159 0.0816177 0.0302096 0.1664079 0.0023082 0.0556380 0.0200446
 99 W  99 0.0024521 0.0025580 0.0095700 0.0045385 0.0000000 0.0000000 0.0036901 0.0000000 0.0059119 0.0000000 0.0044739 0.0067786 0.0000000 0.1356555 0.0000000 0.0026610 0.0174064 0.7692911 0.0350130 0.0000000
100 T 100 0.0129983 0.0036538 0.0421189 0.0170952 0.0026290 0.0052584 0.0149783 0.0621122 0.0048037 0.0197399 0.0174264 0.0251062 0.0040210 0.0225029 0.0000000 0.1521658 0.5289028 0.0044844 0.0063976 0.0536053
101 T 101 0.0330026 0.0152504 0.0680318 0.0535185 0.0130026 0.0281338 0.0735442 0.0491562 0.0295790 0.0960410 0.0707286 0.0723434 0.0195148 0.1036608 0.0488118 0.0498103 0.0545909 0.0192146 0.0399160 0.0621488
102 H 102 0.0225191 0.0724491 0.1289410 0.1349807 0.0388852 0.0158574 0.0439515 0.1645905 0.0099676 0.0106597 0.0148383 0.0306105 0.0058178 0.0339976 0.0677827 0.1006233 0.0625248 0.0078579 0.0178750 0.0152702
103 S 103 0.0397258 0.0397689 0.0875261 0.0998758 0.0032957 0.0297403 0.0653580 0.0499685 0.0367587 0.0109747 0.0185463 0.0279972 0.0069457 0.0274955 0.1155551 0.2171933 0.0676933 0.0009481 0.0417834 0.0128496
104 G 104 0.0462123 0.1118248 0.0577236 0.1013792 0.0000000 0.0687501 0.0754697 0.0803520 0.0446169 0.0163539 0.0171747 0.0676806 0.0251973 0.0143674 0.0317326 0.0763116 0.0569923 0.0286040 0.0378748 0.0413821
105 G 105 0.0445718 0.0192641 0.0433843 0.0120502 0.0014811 0.0198797 0.0126400 0.6182833 0.0090928 0.0058187 0.0278792 0.0312416 0.0019632 0.0000000 0.0619430 0.0158110 0.0354224 0.0000000 0.0045786 0.0346950
106 T 106 0.0395357 0.0448754 0.0777104 0.0125810 0.0000000 0.0000000 0.0163129 0.0205443 0.0072702 0.1150660 0.0263517 0.0295407 0.0314439 0.0516704 0.0180686 0.0236924 0.2596644 0.0014507 0.1136500 0.1105712
107 N 107 0.0202762 0.0135932 0.3677915 0.2590868 0.0057399 0.0196742 0.0240822 0.0009165 0.0118853 0.0081750 0.0016389 0.0050460 0.0009417 0.0121622 0.0131655 0.1536058 0.0298499 0.0100016 0.0199331 0.0224346
108 L 108 0.0127459 0.0153253 0.0025672 0.0148490 0.0000000 0.0076796 0.0000000 0.0108747 0.0005074 0.0319125 0.7413544 0.0225978 0.0023469 0.0940142 0.0078779 0.0017113 0.0020909 0.0024208 0.0192760 0.0098481
109 F 109 0.0078451 0.0490422 0.0037541 0.0156647 0.0000000 0.0062673 0.0546842 0.0018043 0.0040152 0.0142494 0.1741070 0.0173886 0.0069057 0.4587005 0.0127096 0.0222732 0.0008610 0.0069899 0.0985932 0.0441448
110 L 110 0.0819201 0.0174942 0.0456526 0.0195145 0.0010001 0.1003201 0.0238214 0.0386852 0.0330007 0.0614645 0.2238361 0.0392649 0.0170168 0.0070830 0.0100466 0.0869506 0.0779947 0.0513215 0.0296932 0.0339193
111 T 111 0.0289936 0.0211907 0.0359202 0.0038340 0.0000000 0.0090995 0.0115429 0.0101519 0.0000000 0.0451837 0.0083336 0.0023530 0.0117078 0.0038683 0.0000000 0.0014512 0.0718657 0.0000000 0.0050086 0.7294952
112 A 112 0.7487016 0.0043967 0.0000000 0.0032146 0.0000000 0.0000000 0.0082736 0.0095301 0.0000000 0.0145572 0.0722426 0.0024086 0.0118174 0.0180618 0.0105933 0.0220597 0.0283422 0.0000000 0.0063972 0.0394035
113 V 113 0.4045671 0.0093364 0.0008033 0.0189832 0.0032262 0.0048083 0.0231855 0.0058498 0.0021347 0.0495675 0.1063892 0.0039133 0.0267370 0.0242918 0.0025624 0.0013417 0.0582662 0.0148144 0.0025413 0.2366805
114 H 114 0.0071617 0.0137349 0.0072158 0.0025624 0.0032262 0.0084718 0.0000000 0.0368768 0.8675005 0.0019686 0.0000000 0.0205430 0.0000000 0.0042285 0.0192379 0.0034656 0.0000000 0.0000000 0.0000000 0.0038065
115 A 115 0.0432923 0.0000000 0.0000000 0.0031559 0.0019560 0.0181210 0.8984875 0.0043466 0.0000000 0.0049409 0.0000000 0.0000000 0.0042852 0.0000000 0.0049063 0.0000000 0.0079974 0.0030066 0.0000000 0.0055043
116 I 116 0.0152891 0.0000000 0.0000000 0.0032149 0.0000000 0.0017603 0.0046154 0.0053830 0.0025324 0.3167373 0.2074859 0.0000000 0.0213562 0.3365514 0.0025061 0.0115811 0.0128548 0.0000000 0.0116249 0.0465071
117 G 117 0.0081695 0.0000000 0.0088617 0.0243739 0.0345876 0.0025571 0.0000000 0.8778732 0.0000000 0.0000000 0.0025357 0.0176366 0.0000000 0.0031925 0.0119012 0.0000000 0.0037205 0.0000000 0.0028423 0.0017481
118 H 118 0.0056319 0.0059915 0.0230757 0.0294674 0.0000000 0.0128962 0.0104357 0.0017435 0.8622532 0.0000000 0.0083674 0.0091512 0.0042647 0.0043799 0.0102059 0.0095792 0.0000000 0.0000000 0.0025565 0.0000000
119 S 119 0.3142245 0.0055869 0.0166670 0.0000000 0.0225352 0.0029668 0.0023461 0.0077240 0.0066562 0.0307571 0.0478500 0.0000000 0.0140964 0.0326007 0.0106500 0.3179377 0.0782048 0.0091494 0.0134391 0.0666081
120 L 120 0.0000000 0.0044130 0.0036647 0.0015967 0.0045145 0.0069111 0.0000000 0.0091106 0.0158987 0.0513916 0.7870736 0.0000000 0.0148886 0.0051409 0.0715061 0.0036522 0.0121806 0.0000000 0.0000000 0.0080572
121 G 121 0.0179246 0.0058128 0.0209090 0.0062989 0.0112135 0.0017410 0.0051795 0.8651740 0.0137754 0.0036880 0.0056212 0.0069655 0.0000000 0.0153677 0.0000000 0.0136169 0.0043093 0.0018823 0.0005201 0.0000000
122 L 122 0.0037095 0.0067165 0.0029277 0.0020523 0.0107759 0.0063995 0.0012616 0.0033363 0.0030750 0.0255221 0.8493249 0.0058944 0.0139059 0.0146717 0.0127921 0.0042058 0.0017638 0.0000000 0.0081947 0.0234703
123 G 123 0.0864457 0.0209444 0.0062551 0.0852104 0.0000000 0.0361618 0.1555090 0.2120253 0.0196356 0.0047053 0.0134512 0.0289639 0.0199515 0.0421025 0.0453984 0.1501757 0.0353231 0.0064725 0.0220285 0.0092402
124 H 124 0.0041256 0.0208839 0.0085966 0.0061334 0.0021097 0.0019523 0.0123218 0.0092660 0.8380840 0.0086003 0.0062552 0.0130759 0.0072700 0.0044390 0.0037505 0.0144015 0.0124699 0.0055947 0.0123320 0.0083381
125 S 125 0.0238288 0.0100365 0.0108920 0.0062270 0.0055903 0.0055276 0.0125960 0.0231386 0.0091306 0.0426003 0.0048203 0.0017568 0.0018003 0.0021953 0.0241402 0.6997103 0.0606145 0.0068493 0.0131571 0.0353881
126 S 126 0.0542567 0.0697722 0.1252515 0.1060534 0.0000000 0.0476667 0.0257597 0.0237979 0.0263873 0.0063597 0.0193901 0.0219756 0.0050578 0.0347042 0.0556205 0.2608238 0.0762175 0.0036172 0.0315497 0.0057385
127 D 127 0.0971367 0.0508598 0.0890181 0.2565335 0.0154630 0.0335970 0.0470801 0.0118766 0.0191582 0.0262437 0.0077341 0.0168790 0.0008144 0.0177443 0.0068334 0.0482957 0.0126597 0.0072589 0.0309599 0.2038538
128 P 128 0.0662289 0.0934028 0.0230913 0.0172499 0.0022742 0.0667437 0.0814467 0.0308297 0.0306931 0.0299934 0.0151610 0.0747047 0.0044611 0.0228553 0.2699080 0.0641096 0.0516619 0.0038462 0.0339640 0.0173747
129 K 129 0.0230297 0.0447926 0.1118128 0.1115782 0.0000000 0.0460562 0.0954697 0.1914157 0.0174191 0.0081277 0.0202145 0.0537729 0.0090774 0.0301494 0.0220660 0.1203388 0.0692211 0.0000000 0.0111400 0.0143183
130 A 130 0.5239554 0.0266027 0.0128217 0.0099136 0.0039637 0.0096683 0.0175317 0.0173795 0.0014037 0.0000000 0.0104862 0.0029336 0.0039399 0.0000000 0.0077443 0.3147319 0.0234093 0.0000000 0.0024232 0.0110911
131 V 131 0.0110599 0.0000000 0.0134975 0.0305899 0.0015539 0.0017240 0.0014340 0.0212267 0.0024436 0.2876685 0.3780826 0.0041893 0.0291271 0.0147456 0.0158116 0.0133996 0.0160757 0.0000000 0.0183858 0.1389847
132 M 132 0.0125697 0.0110519 0.0112335 0.0268930 0.0000000 0.0132169 0.0094217 0.0138377 0.0352672 0.0059803 0.0071948 0.0089386 0.7809636 0.0078229 0.0134840 0.0129635 0.0076786 0.0047504 0.0064281 0.0103036
133 F 133 0.1714043 0.0487753 0.0333334 0.0055254 0.0136372 0.0463046 0.0225166 0.0160958 0.0397657 0.0098427 0.0142885 0.0161401 0.0058205 0.1625010 0.0089858 0.0444652 0.0051218 0.0190614 0.3082661 0.0081487
134 P 134 0.0637981 0.0066867 0.0000000 0.0096217 0.0062387 0.0056354 0.0073485 0.0245508 0.0126535 0.0029691 0.0234107 0.0230913 0.0000000 0.0115595 0.7273214 0.0236139 0.0200598 0.0000000 0.0297855 0.0016551
135 T 135 0.0180412 0.0227755 0.0750456 0.0185681 0.0192331 0.0100256 0.0257748 0.0184390 0.0233410 0.0527864 0.0230674 0.0237355 0.0474171 0.1639437 0.0095575 0.0578310 0.0946901 0.0647595 0.1691354 0.0618326
136 Y 136 0.0188428 0.0104181 0.0225609 0.0320798 0.0096068 0.0098162 0.0155903 0.0159978 0.0297819 0.0306522 0.0148653 0.0140378 0.0015771 0.0552456 0.0096154 0.0096978 0.0302073 0.0009879 0.6487027 0.0197163
137 K 137 0.0581647 0.0898811 0.0620818 0.0215349 0.0052160 0.1715069 0.0213604 0.0227136 0.0428037 0.0361857 0.0473533 0.1140948 0.0155807 0.0145128 0.0345154 0.0901759 0.0918617 0.0102780 0.0195544 0.0306241
138 Y 138 0.0264199 0.0241022 0.0357633 0.0319335 0.0024723 0.0104755 0.0115336 0.2808782 0.0126939 0.0081594 0.0124636 0.0183539 0.0054717 0.0904723 0.1078582 0.0418609 0.0234665 0.0361265 0.2081986 0.0112960
139 V 139 0.0225191 0.0787862 0.0343722 0.0305570 0.0064663 0.0445323 0.0145642 0.0508165 0.0307551 0.0344069 0.0421986 0.0190492 0.0562859 0.0461629 0.0679846 0.0841819 0.1087566 0.0025966 0.1623615 0.0626465
140 D 140 0.0331744 0.0373102 0.0634638 0.2071740 0.0087621 0.0413384 0.1086200 0.0332798 0.0497792 0.0284690 0.0316433 0.0666749 0.0166571 0.0383589 0.0127327 0.0419264 0.0618104 0.0000000 0.0561141 0.0627112
141 I 141 0.0147511 0.0345209 0.0213525 0.0542544 0.0000000 0.0415034 0.0128658 0.1061599 0.0031796 0.0213224 0.0322728 0.0376244 0.0080809 0.0312565 0.3205497 0.0611352 0.1393907 0.0137071 0.0222540 0.0238187
142 N 142 0.0370722 0.0584027 0.1105978 0.1253687 0.0035937 0.0349049 0.1249706 0.0738889 0.0535799 0.0023834 0.0398668 0.0994484 0.0027573 0.0331161 0.0280777 0.1140447 0.0098628 0.0023563 0.0300898 0.0156172
143 T 143 0.0236558 0.0535899 0.1214082 0.1065566 0.0055158 0.0230231 0.0431583 0.0753557 0.0255422 0.0377122 0.0313534 0.1248250 0.0101096 0.0500219 0.0734082 0.0480078 0.0946307 0.0000000 0.0101144 0.0420113
144 F 144 0.0344027 0.0475051 0.0220386 0.0567591 0.0049150 0.0355176 0.0119616 0.0511858 0.0315442 0.0474895 0.1066225 0.0533792 0.0222000 0.1873663 0.0610818 0.0220921 0.0439630 0.0167637 0.1032809 0.0399314
145 R 145 0.0319354 0.0858267 0.0269379 0.0688981 0.0059388 0.0727996 0.0361898 0.0340489 0.0721682 0.0330889 0.1128287 0.0636998 0.0092842 0.0277517 0.0622917 0.0930043 0.0619578 0.0000000 0.0381567 0.0631930
146 L 146 0.0281349 0.0355314 0.0045129 0.0843014 0.0000000 0.0129897 0.0292921 0.0530329 0.0120261 0.0491048 0.3044384 0.0256972 0.0171465 0.0573312 0.0873826 0.0335281 0.0285365 0.0134682 0.0775695 0.0459757
147 S 147 0.0430624 0.0393339 0.0255052 0.1201101 0.0000000 0.0433234 0.0292056 0.0629057 0.0553788 0.0579188 0.0485555 0.0298411 0.0178242 0.0114849 0.1719610 0.1175758 0.0596155 0.0000000 0.0466363 0.0197616
148 A 148 0.0551111 0.0393740 0.0197467 0.1570451 0.0024226 0.1629320 0.0752706 0.0143849 0.0166136 0.0517662 0.0511994 0.0602619 0.0085369 0.0334402 0.0771178 0.0390234 0.0578526 0.0106983 0.0387378 0.0284649
149 D 149 0.0322533 0.0481643 0.0384019 0.3702984 0.0118280 0.0517186 0.0326926 0.0557027 0.0168504 0.0413739 0.0422478 0.0316443 0.0028952 0.0156632 0.0458201 0.0539599 0.0498825 0.0015697 0.0162512 0.0407821
150 D 150 0.0446592 0.0280157 0.0340560 0.3632936 0.0030207 0.0393187 0.0454332 0.0361535 0.0037338 0.0314837 0.0687430 0.0476517 0.0028170 0.0412104 0.0734277 0.0462772 0.0572459 0.0000000 0.0105454 0.0229137
151 I 151 0.0437643 0.0590765 0.0251432 0.0673950 0.0113882 0.0227486 0.0477371 0.0732656 0.0237812 0.1663379 0.0827815 0.0407246 0.0152920 0.0027660 0.0336875 0.0473136 0.0716704 0.0000000 0.0369886 0.1281383
152 R 152 0.0191423 0.0785453 0.0676040 0.0876691 0.0053576 0.0678284 0.0393464 0.1038839 0.0232134 0.0557675 0.0633912 0.0600394 0.0175371 0.0242740 0.0755073 0.0639076 0.0429665 0.0224414 0.0461558 0.0354218
153 G 153 0.0691603 0.0833365 0.0139683 0.0725931 0.0011841 0.0439496 0.0343134 0.3204618 0.0230699 0.0602687 0.0293135 0.0278087 0.0074808 0.0099670 0.0191168 0.0576830 0.0552806 0.0174478 0.0295981 0.0239978
154 I 154 0.0509076 0.0354668 0.0301199 0.0392877 0.0015047 0.0466204 0.0344861 0.0296713 0.0055845 0.2739098 0.0983285 0.0419873 0.0154485 0.0199166 0.0921531 0.0265729 0.0502956 0.0226061 0.0540723 0.0310602
155 Q 155 0.0408381 0.0310945 0.0193191 0.0360743 0.0016634 0.2621567 0.0518797 0.0506641 0.0250970 0.0237032 0.0463617 0.0576072 0.0056612 0.0458050 0.0479150 0.0684957 0.0531100 0.0202550 0.0824943 0.0298049
156 S 156 0.0748965 0.0350267 0.0391943 0.0657013 0.0000000 0.0775137 0.0648044 0.0533411 0.0327943 0.0471089 0.0708990 0.0502576 0.0158696 0.0204003 0.0731369 0.1077697 0.0693162 0.0114631 0.0635597 0.0269465
157 L 157 0.0367919 0.0454231 0.0192390 0.0292285 0.0075000 0.0407903 0.0530610 0.0663840 0.0214584 0.0922081 0.2243480 0.0432011 0.0205908 0.0179338 0.0851673 0.0474069 0.0540201 0.0013225 0.0630724 0.0308526
158 Y 158 0.0463370 0.0563773 0.0160949 0.0403130 0.0191394 0.0347010 0.0340165 0.0774047 0.0151634 0.0136050 0.0320120 0.0658922 0.0112867 0.0251830 0.0938459 0.0315473 0.0638972 0.0000000 0.2875067 0.0356769
159 G 159 0.0813589 0.0495784 0.0329845 0.0364173 0.0032116 0.0232534 0.0538155 0.2894729 0.0101072 0.0272950 0.0655530 0.0338445 0.0091582 0.0393726 0.0894283 0.0481888 0.0515785 0.0020760 0.0310646 0.0222408
160 D 160 0.0456018 0.0501309 0.0474882 0.0599409 0.0196627 0.0323607 0.0698253 0.0488092 0.0112618 0.0453269 0.0255588 0.0768809 0.0177868 0.0292351 0.1763094 0.0693826 0.0763102 0.0120982 0.0613525 0.0246770
161 P 161 0.0543909 0.0677209 0.0475767 0.0479331 0.0074520 0.0482330 0.0671311 0.0795064 0.0131799 0.0232498 0.0444500 0.0721673 0.0179268 0.0301101 0.1793096 0.0569158 0.0703083 0.0235043 0.0270986 0.0218355
162 K 162 0.0277477 0.0670702 0.0464966 0.0550629 0.0054883 0.0189605 0.0719603 0.0726411 0.0255963 0.0383289 0.0319206 0.0948503 0.0275186 0.0081323 0.1347497 0.0586120 0.0970252 0.0210116 0.0292609 0.0675659
163 E 163 0.0390642 0.0693026 0.0425723 0.0437895 0.0230637 0.0522711 0.0494778 0.0793080 0.0390006 0.0275664 0.0520056 0.0781796 0.0073020 0.0371001 0.1112186 0.0738365 0.0862937 0.0086633 0.0417915 0.0381930
164 N 164 0.0387824 0.0706141 0.0465556 0.0516415 0.0179957 0.0377314 0.0282336 0.0610675 0.0470948 0.0403410 0.0402825 0.0421587 0.0096809 0.0316468 0.1933159 0.0590957 0.0933135 0.0125054 0.0506870 0.0272558
165 Q 165 0.0337454 0.0572965 0.0499165 0.0556882 0.0103174 0.0369878 0.0436355 0.0924524 0.0397389 0.0529062 0.0343648 0.0636624 0.0165045 0.0191318 0.1599948 0.0573568 0.0967300 0.0127954 0.0223805 0.0443941
166 R 166 0.0590588 0.0594619 0.0672550 0.0527216 0.0034545 0.0300400 0.0603054 0.0678509 0.0297663 0.0142864 0.0641829 0.0374333 0.0141462 0.0226544 0.1643033 0.0708945 0.0864679 0.0104393 0.0510586 0.0342189
167 L 167 0.0357738 0.0639170 0.0381654 0.0565926 0.0393932 0.0307618 0.0385172 0.0654188 0.0296379 0.0680636 0.0271095 0.0461827 0.0145864 0.0283727 0.1641049 0.0665632 0.0957060 0.0343572 0.0166648 0.0401114
168 P 168 0.0368719 0.0598002 0.0727661 0.0627159 0.0162833 0.0702903 0.0617245 0.0538858 0.0190862 0.0277631 0.0317721 0.0469504 0.0066558 0.0054914 0.1462755 0.0842758 0.1033459 0.0176081 0.0252038 0.0512339
169 N 169 0.0516566 0.0582112 0.0505161 0.0273730 0.0075081 0.0370765 0.0462663 0.0663717 0.0439576 0.0060401 0.0274038 0.0468104 0.0074047 0.0110253 0.2502678 0.0745849 0.1082555 0.0097431 0.0256723 0.0438549
170 P 170 0.0434069 0.0544708 0.0270301 0.0431169 0.0136979 0.0344153 0.0576735 0.0589555 0.0456579 0.0367035 0.0554540 0.0546979 0.0302701 0.0327207 0.1659628 0.0596080 0.1165094 0.0149178 0.0106057 0.0441254
171 D 171 0.0555068 0.0555474 0.0309205 0.0517595 0.0124588 0.0273445 0.0603611 0.1071634 0.0437862 0.0213242 0.0416660 0.0319335 0.0017245 0.0569973 0.1932520 0.0899202 0.0893798 0.0000000 0.0144364 0.0145178
172 N 172 0.0429644 0.0489002 0.0452204 0.0832017 0.0000000 0.0291893 0.0544704 0.0488540 0.0419867 0.0315111 0.0536631 0.0441132 0.0111331 0.0177397 0.2071541 0.0856531 0.0851765 0.0113963 0.0116200 0.0460528
173 S 173 0.0345618 0.0585435 0.0300782 0.0834402 0.0016467 0.0415915 0.0693614 0.0768740 0.0184141 0.0266827 0.0178494 0.0407553 0.0015192 0.0099886 0.1602689 0.1117543 0.1439629 0.0177167 0.0146172 0.0403734
174 E 174 0.0639354 0.0536672 0.0652928 0.0579558 0.0077687 0.0357088 0.0558628 0.0585702 0.0271274 0.0295370 0.0570974 0.0448713 0.0074462 0.0132547 0.1479243 0.0302047 0.1397373 0.0109230 0.0133204 0.0797944
175 P 175 0.0698432 0.0390440 0.0259461 0.0475292 0.0164267 0.0250015 0.0327370 0.0622553 0.0271104 0.0363774 0.0296107 0.0215728 0.0286398 0.0716985 0.2041599 0.0728720 0.0955968 0.0081132 0.0351514 0.0503142
176 A 176 0.0628108 0.0724184 0.0534250 0.1072589 0.0237246 0.0460969 0.0939704 0.0342553 0.0233829 0.0250741 0.0416000 0.0636520 0.0100122 0.0137847 0.1229149 0.0412262 0.0779839 0.0073419 0.0072375 0.0718295
177 L 177 0.0703010 0.0455513 0.0406703 0.0813879 0.0483382 0.0316133 0.0566393 0.0304432 0.0338316 0.0333383 0.0607675 0.0652023 0.0106584 0.0162523 0.1999335 0.0413114 0.0517783 0.0307144 0.0229723 0.0282952
178 C 178 0.0501027 0.0355919 0.0646990 0.1144652 0.2319845 0.0270917 0.0346623 0.0407194 0.0237050 0.0526411 0.0373851 0.0339709 0.0056871 0.0146991 0.0790653 0.0442889 0.0538266 0.0105109 0.0239969 0.0209064
179 D 179 0.0517819 0.0846094 0.0416809 0.1405483 0.1103868 0.0231589 0.0232778 0.0424383 0.0144363 0.0642978 0.0229303 0.0376304 0.0127505 0.0436485 0.0772571 0.1054411 0.0670796 0.0013716 0.0093801 0.0258944
180 P 180 0.0325325 0.0587196 0.0271778 0.0550609 0.1877575 0.0290453 0.0339842 0.0659446 0.0270079 0.0341945 0.0318029 0.0493475 0.0058587 0.0105582 0.1399795 0.0792526 0.0732471 0.0123551 0.0211736 0.0250000
181 N 181 0.0777184 0.0728204 0.0523711 0.1259307 0.0113006 0.0419600 0.0766164 0.0458794 0.0276036 0.0168148 0.0491544 0.0700020 0.0190251 0.0136958 0.0480865 0.1019774 0.0795592 0.0009191 0.0145262 0.0540388
182 L 182 0.0422981 0.0478286 0.0314084 0.0304904 0.0106582 0.0152143 0.0338174 0.1115110 0.0268163 0.0534753 0.1115686 0.0506159 0.0213621 0.0431002 0.0757541 0.0660202 0.1199520 0.0207029 0.0179342 0.0694718
183 S 183 0.0344993 0.0176709 0.0827453 0.0707193 0.0259978 0.0234675 0.0530247 0.0424676 0.0383280 0.0593217 0.0615201 0.0243957 0.0161157 0.0839380 0.0330902 0.1074417 0.1175519 0.0041703 0.0250000 0.0785344
184 F 184 0.0739373 0.0299499 0.0220122 0.1701502 0.0379400 0.0268846 0.0158102 0.0239532 0.0144532 0.0300024 0.0393494 0.0229426 0.0087077 0.2725082 0.0475133 0.0461895 0.0365109 0.0064237 0.0495878 0.0251738
185 D 185 0.1558472 0.0219442 0.0377921 0.3271392 0.0151247 0.0122816 0.0287772 0.0271303 0.0112550 0.0242692 0.0308857 0.0312523 0.0197254 0.0196733 0.0558472 0.0380391 0.0828113 0.0059533 0.0210469 0.0332049
186 A 186 0.3032198 0.0253433 0.0261305 0.0320540 0.0160113 0.0048370 0.0077438 0.0490157 0.0222981 0.0944741 0.0392733 0.0307034 0.0318294 0.0491840 0.0276935 0.0319297 0.1293555 0.0078721 0.0228389 0.0481925
187 V 187 0.0698074 0.0394700 0.0163523 0.0299581 0.0116593 0.0250638 0.0439149 0.0271969 0.0029791 0.1517058 0.0493893 0.0203715 0.0308153 0.0517110 0.0480657 0.0322807 0.1268934 0.0000000 0.0183031 0.2040623
188 T 188 0.1671315 0.0368881 0.0458303 0.0469405 0.0082430 0.0223946 0.0389158 0.0301864 0.0068955 0.0245128 0.0531724 0.0194664 0.0170345 0.0320107 0.0470742 0.1151650 0.2073536 0.0000000 0.0169995 0.0637853
189 T 189 0.0318818 0.0243631 0.0548644 0.0928765 0.0406308 0.0546983 0.0529715 0.0611296 0.0176127 0.0447053 0.0767912 0.0238385 0.0470374 0.0348712 0.0389818 0.0497907 0.1593502 0.0088191 0.0271808 0.0576053
190 V 190 0.0370786 0.0413807 0.0329847 0.0770682 0.0104058 0.0283337 0.0303664 0.0328170 0.0420560 0.1778918 0.1763861 0.0382697 0.0195561 0.0502386 0.0592886 0.0411414 0.0439538 0.0048951 0.0146984 0.0411889
191 G 191 0.0352300 0.3741851 0.0988748 0.0881474 0.0121855 0.0439577 0.0244584 0.0925567 0.0279666 0.0043859 0.0055183 0.0166786 0.0077089 0.0138720 0.0218427 0.0347644 0.0666662 0.0075431 0.0188393 0.0046183
192 N 192 0.0282617 0.0565652 0.0615589 0.0754739 0.0000000 0.0385133 0.0211185 0.4098282 0.0274290 0.0098368 0.0246023 0.0430590 0.0112710 0.0296309 0.0221899 0.0373516 0.0624563 0.0112049 0.0254252 0.0042233
193 K 193 0.0303402 0.0517251 0.0450889 0.0306913 0.0047791 0.0255864 0.3530933 0.0192162 0.0096767 0.0172402 0.0061090 0.1021707 0.0161094 0.0218196 0.0211136 0.0887055 0.0948435 0.0074276 0.0260159 0.0282478
194 I 194 0.0252715 0.0213054 0.0214667 0.0068493 0.0063246 0.0100096 0.0031965 0.0262164 0.0082161 0.1346650 0.1819721 0.0317144 0.0734004 0.0232904 0.0204525 0.0200362 0.1875149 0.0058000 0.0880223 0.1042756
195 F 195 0.0209795 0.0239686 0.0095584 0.0160640 0.0124863 0.0089432 0.0144449 0.0171388 0.0399744 0.0325439 0.1309591 0.0080329 0.0509844 0.2524598 0.0221752 0.0157712 0.0303041 0.0078450 0.2419902 0.0433760
196 F 196 0.1362029 0.0147424 0.0144165 0.0224563 0.0019186 0.0091521 0.0115770 0.0240745 0.0059383 0.0813976 0.0536220 0.0055501 0.0073149 0.3773023 0.0201153 0.0183737 0.0320005 0.0101107 0.0249834 0.1287508
197 F 197 0.0114907 0.0169668 0.0211206 0.0043692 0.0109946 0.0108701 0.0106099 0.0233757 0.0087696 0.0277271 0.0333575 0.0240002 0.0138494 0.6649162 0.0232957 0.0320429 0.0255516 0.0000000 0.0240575 0.0126349
198 K 198 0.0446977 0.1532601 0.0174313 0.0317756 0.0135997 0.0217688 0.0128659 0.0504294 0.0079603 0.0086013 0.0051087 0.4435846 0.0050628 0.0219114 0.0338612 0.0390228 0.0364507 0.0077709 0.0210694 0.0237676
199 D 199 0.0156105 0.0258602 0.0683002 0.2250869 0.0105003 0.0114586 0.0371399 0.3702997 0.0167750 0.0051116 0.0208326 0.0375488 0.0033168 0.0187248 0.0265416 0.0446344 0.0342353 0.0000000 0.0182999 0.0097229
200 R 200 0.0175375 0.1962548 0.0708757 0.0973876 0.0000000 0.0568553 0.0514628 0.1081550 0.0479219 0.0070185 0.0147675 0.1153360 0.0024054 0.0107504 0.0584664 0.0742115 0.0268169 0.0126527 0.0125869 0.0185371
201 F 201 0.0143024 0.0454781 0.0158878 0.0220264 0.0120176 0.0242111 0.0169749 0.0115094 0.1030316 0.0185537 0.0263008 0.0449111 0.0238905 0.1483915 0.0098770 0.0169483 0.0360742 0.1064148 0.2617882 0.0414102
202 F 202 0.0246234 0.0097704 0.0196607 0.0297292 0.0244339 0.0095469 0.0067981 0.0082156 0.0175382 0.0225506 0.0748434 0.0070321 0.0170129 0.2999759 0.0214515 0.0115224 0.0252435 0.0296264 0.2066827 0.1337421
203 W 203 0.0043089 0.0337873 0.0094771 0.0314489 0.0155248 0.0053599 0.0126113 0.0098434 0.0148850 0.0247802 0.0200694 0.0177172 0.0258640 0.0592729 0.0093829 0.0258114 0.0403695 0.5502073 0.0731086 0.0161700
204 L 204 0.0227988 0.4084062 0.0125132 0.0130936 0.0065181 0.0211266 0.0570607 0.0104952 0.0226090 0.0354897 0.0691802 0.0605572 0.0266356 0.0292159 0.0190915 0.0415042 0.0493473 0.0181196 0.0393549 0.0368825
205 K 205 0.0069410 0.0541732 0.0300557 0.0278874 0.0000000 0.0050894 0.0179875 0.0270370 0.0092531 0.0646343 0.2197032 0.0860605 0.0212032 0.0372717 0.0300276 0.0327258 0.0731839 0.0000000 0.1047401 0.1520254
206 V 206 0.0219390 0.0793083 0.1088423 0.1445645 0.0000000 0.0376037 0.0650374 0.0365471 0.0781503 0.0277536 0.0269162 0.0190414 0.0035912 0.0186769 0.0418848 0.1260688 0.1016470 0.0049344 0.0409988 0.0164944
207 S 207 0.0560746 0.0582922 0.1019557 0.1041272 0.0000000 0.0274554 0.0714229 0.0873457 0.0494664 0.0280158 0.0424110 0.0327736 0.0027211 0.0201962 0.1310029 0.0645031 0.0571125 0.0248837 0.0238264 0.0164136
208 E 208 0.0321544 0.0896296 0.0896413 0.0813560 0.0049519 0.0883636 0.0379543 0.1033859 0.0397214 0.0164809 0.0215311 0.0729776 0.0024780 0.0491468 0.0382828 0.0927351 0.0584557 0.0240411 0.0272561 0.0294566
209 R 209 0.0225977 0.1654083 0.0929371 0.0183973 0.0045009 0.0160429 0.0223322 0.1623203 0.0118003 0.0312822 0.0948608 0.0948097 0.0178628 0.0175200 0.0205144 0.0777552 0.0627991 0.0075656 0.0211679 0.0375252
210 P 210 0.0701810 0.0599088 0.0673024 0.1071334 0.0012835 0.0426127 0.0550194 0.0323679 0.0368641 0.0134417 0.0517615 0.0589008 0.0215967 0.0145579 0.1170319 0.0624589 0.0387484 0.0073288 0.0239059 0.1175945
211 K 211 0.0376076 0.0872457 0.0336173 0.0945993 0.0000000 0.0340809 0.1520221 0.0588581 0.0031026 0.0350940 0.0707610 0.0584157 0.0143495 0.0063948 0.0792798 0.0418070 0.0890553 0.0194542 0.0174790 0.0667761
212 T 212 0.0395128 0.0264819 0.0313380 0.0452072 0.0053611 0.0121158 0.0212176 0.2613959 0.0104544 0.0407179 0.0375321 0.0273065 0.0040476 0.0126954 0.1204958 0.0907525 0.0589670 0.0293897 0.0148902 0.1101207
213 S 213 0.0174409 0.0393450 0.0274136 0.0518620 0.0018556 0.0174873 0.1499582 0.1887552 0.0550034 0.0099980 0.0108110 0.0344796 0.0031692 0.0051455 0.0655037 0.0779448 0.0396824 0.0019511 0.2002114 0.0019822
214 V 214 0.0500606 0.0082355 0.0238122 0.0024224 0.0021002 0.0210474 0.0133809 0.0223879 0.0126878 0.0153777 0.0752833 0.0274864 0.0052043 0.0406413 0.5320699 0.0460366 0.0182383 0.0034105 0.0556143 0.0245024
215 N 215 0.0776948 0.1122209 0.0517641 0.0373065 0.0193634 0.0271488 0.0303315 0.0373747 0.0186255 0.0274690 0.0426214 0.0916982 0.0585378 0.0747216 0.0836412 0.0375456 0.0623029 0.0305596 0.0374138 0.0416588
216 L 216 0.0434354 0.0859599 0.0127486 0.0154665 0.0016999 0.0762866 0.0355285 0.0013358 0.0197202 0.0160902 0.2295270 0.1038792 0.0114493 0.0517915 0.1625924 0.0383399 0.0546086 0.0000000 0.0115049 0.0280357
217 I 217 0.0326714 0.0132967 0.0021074 0.0157028 0.0000000 0.0055453 0.0101643 0.0112493 0.0033509 0.5417039 0.1070235 0.0065860 0.0155807 0.0305719 0.0264563 0.0207091 0.0503129 0.0064771 0.0018864 0.0986041
218 S 218 0.0887970 0.0566852 0.0527833 0.0379336 0.0020992 0.0512859 0.0532995 0.0508553 0.0516466 0.0493713 0.0165410 0.0542308 0.0017394 0.0044905 0.0537769 0.2754084 0.0811242 0.0038982 0.0025826 0.0114510
219 S 219 0.0546895 0.1424892 0.0430548 0.0830142 0.0000000 0.0526068 0.1182751 0.0289147 0.0544966 0.0129163 0.0309957 0.0523625 0.0039150 0.0159851 0.0202710 0.1587326 0.0810822 0.0000000 0.0181038 0.0280952
220 L 220 0.0238596 0.0657956 0.0207045 0.0487806 0.0000000 0.0251930 0.0240429 0.0605665 0.0461927 0.0295234 0.0959893 0.0705304 0.0105002 0.2425129 0.0057828 0.0371307 0.0739161 0.0036722 0.0434909 0.0718158
221 W 221 0.0022222 0.0081803 0.0000000 0.0243533 0.0068393 0.0035400 0.0113921 0.0151814 0.0000000 0.0047269 0.0398182 0.0052426 0.0083762 0.1528268 0.0160915 0.0061351 0.0178039 0.6417092 0.0115744 0.0239867
222 P 222 0.0295339 0.0926477 0.0224742 0.0320733 0.0000000 0.0321461 0.0555686 0.0201023 0.0310500 0.0073692 0.0199673 0.0975612 0.0047999 0.0109851 0.4061280 0.0508918 0.0247325 0.0293786 0.0170042 0.0155859
223 T 223 0.0470280 0.0242576 0.0615333 0.0552314 0.0000000 0.0431620 0.0865379 0.4237736 0.0487080 0.0110901 0.0074198 0.0191995 0.0022276 0.0364599 0.0096452 0.0868349 0.0282723 0.0000000 0.0056085 0.0030106
224 L 224 0.0101106 0.0040684 0.0116137 0.0040306 0.0359316 0.0017420 0.0054919 0.0340555 0.0125294 0.1309466 0.5789556 0.0229203 0.0154555 0.0233639 0.0014784 0.0088462 0.0032095 0.0042331 0.0081529 0.0828644
225 P 225 0.0140453 0.0127313 0.0195435 0.0070371 0.0115120 0.0104123 0.0265969 0.0021330 0.0216460 0.0101170 0.0231607 0.0112659 0.0195397 0.0000000 0.7252052 0.0373087 0.0338974 0.0000000 0.0036014 0.0102466
226 S 226 0.0817302 0.0459400 0.0711382 0.0923760 0.0149634 0.0365791 0.0567817 0.1510043 0.0197903 0.0047923 0.0235219 0.0245839 0.0018343 0.0245738 0.0497424 0.1842407 0.0563065 0.0080591 0.0255957 0.0264463
227 G 227 0.0146975 0.0374685 0.1549983 0.0928786 0.0176807 0.0238777 0.0281915 0.1392807 0.0779565 0.0090014 0.0085364 0.1244192 0.0015483 0.0095550 0.0863501 0.0643609 0.0506012 0.0036558 0.0232458 0.0316958
228 I 228 0.0005773 0.0116578 0.0089585 0.0059437 0.0179911 0.0070644 0.0051957 0.0218103 0.0084512 0.3847507 0.1185706 0.0113702 0.0084999 0.0351143 0.0492690 0.0245340 0.0252045 0.0000000 0.0052314 0.2498053
229 E 229 0.0076940 0.0088344 0.0669193 0.6033121 0.0188669 0.0745153 0.0421747 0.0161167 0.0096636 0.0059537 0.0114347 0.0051950 0.0000000 0.0209323 0.0052731 0.0457190 0.0142867 0.0000000 0.0141995 0.0289090
230 A 230 0.6894984 0.0106560 0.0008706 0.0444035 0.0028485 0.0047735 0.0162708 0.0287320 0.0057088 0.0086530 0.0080173 0.0000000 0.0000000 0.0030005 0.0084686 0.0595117 0.0760776 0.0000000 0.0007843 0.0317250
231 A 231 0.5641098 0.0073777 0.0128209 0.0189126 0.0084632 0.0022265 0.0032316 0.0416013 0.0088911 0.0301356 0.0212964 0.0056018 0.0089710 0.0329766 0.0072900 0.0384241 0.0446883 0.0000000 0.0145620 0.1284196
232 Y 232 0.0631380 0.0121199 0.0000000 0.0263669 0.0054632 0.0000000 0.0145953 0.0031251 0.0080055 0.0283302 0.0518724 0.0019565 0.0143404 0.2873835 0.0044413 0.0293769 0.0258433 0.0000000 0.2967340 0.1269075
233 E 233 0.0301873 0.0458395 0.0025443 0.0152421 0.0000000 0.0362772 0.3631500 0.0364028 0.0485245 0.0112705 0.0195011 0.0059100 0.0108058 0.0363962 0.0016821 0.0644812 0.1735573 0.0142644 0.0423411 0.0416225
234 I 234 0.0276691 0.1800737 0.0860305 0.0930420 0.0181110 0.0083897 0.0193646 0.0080384 0.0106550 0.0765067 0.0260416 0.0114881 0.0182995 0.0297564 0.0091593 0.0927921 0.0425161 0.0322072 0.0804435 0.1294153
235 E 235 0.0531726 0.0549701 0.0552299 0.0421215 0.0357990 0.0431070 0.0412129 0.0685953 0.0613817 0.0262732 0.0549479 0.0542618 0.0110636 0.0113807 0.1653841 0.0623608 0.0462592 0.0424708 0.0512924 0.0187156
236 A 236 0.0370692 0.0829634 0.0345262 0.1721239 0.0574840 0.0495871 0.0901244 0.0491966 0.0399791 0.0200295 0.0555945 0.0477225 0.0044258 0.0109487 0.0194403 0.1295133 0.0414429 0.0319549 0.0115089 0.0143648
237 R 237 0.0192103 0.1296614 0.1265748 0.1642372 0.0000000 0.0365994 0.0518072 0.1598164 0.0431437 0.0122390 0.0278014 0.0647107 0.0008330 0.0026855 0.0048246 0.0553358 0.0840993 0.0000000 0.0121422 0.0042782
238 N 238 0.0104691 0.0620014 0.0803065 0.1823081 0.0000000 0.0415272 0.0746066 0.2390814 0.0565433 0.0037471 0.0085607 0.1011488 0.0010097 0.0097708 0.0167870 0.0351099 0.0381859 0.0058738 0.0285843 0.0043782
239 Q 239 0.0217426 0.0918498 0.0423381 0.0343898 0.0110095 0.0549980 0.0542013 0.0135855 0.0472846 0.0374578 0.0521959 0.3000964 0.0119857 0.0511007 0.0099009 0.0452934 0.0446262 0.0197257 0.0134753 0.0427430
240 V 240 0.0304832 0.0187628 0.0033587 0.0019641 0.0053502 0.0068018 0.0010034 0.0075004 0.0021460 0.2475436 0.1257694 0.0016564 0.0264859 0.0477804 0.0058973 0.0189911 0.1720765 0.0156873 0.0426515 0.2180901
241 F 241 0.0066579 0.0203009 0.0000000 0.0000000 0.0188872 0.0049329 0.0019418 0.0000000 0.0403298 0.0489897 0.0870971 0.0000000 0.0094284 0.2682076 0.0059737 0.0030161 0.0098271 0.0289804 0.3419030 0.1035264
242 L 242 0.0564957 0.0050900 0.0000000 0.0014719 0.0050068 0.0000000 0.0017089 0.0129916 0.0180960 0.0858127 0.1639622 0.0064637 0.0219691 0.5253574 0.0031354 0.0026557 0.0145805 0.0037443 0.0098276 0.0616305
243 F 243 0.0148361 0.0032491 0.0090902 0.0092027 0.0017684 0.0105005 0.0207008 0.0029448 0.0146036 0.0879803 0.0342723 0.0296092 0.0108332 0.6582656 0.0097970 0.0216764 0.0297370 0.0035740 0.0110236 0.0163351
244 K 244 0.0328076 0.0848429 0.0146961 0.0244557 0.0017130 0.0687074 0.0027533 0.0738192 0.0148104 0.0231779 0.0204587 0.4665103 0.0000000 0.0035293 0.0049560 0.0991138 0.0302188 0.0034295 0.0155468 0.0144532
245 D 245 0.0079032 0.0234712 0.0412612 0.1334686 0.0019576 0.0125456 0.0214503 0.6339666 0.0064800 0.0000000 0.0115787 0.0221140 0.0064935 0.0107543 0.0079477 0.0214590 0.0309778 0.0013000 0.0020246 0.0028460
246 D 246 0.0168647 0.0752794 0.1712941 0.2102803 0.0008089 0.0170915 0.0555674 0.0323800 0.0356668 0.0136698 0.0146159 0.0784876 0.0019666 0.0031732 0.0393506 0.1217188 0.0868213 0.0017257 0.0090966 0.0141410
247 K 247 0.0007238 0.1315095 0.0376810 0.0196091 0.0026416 0.2543013 0.0501965 0.0039141 0.0251640 0.0084517 0.0411564 0.2153072 0.0083697 0.0171055 0.0045601 0.0171184 0.0205259 0.0143984 0.0968827 0.0303831
248 Y 248 0.0025224 0.0094445 0.0020109 0.0084202 0.0263547 0.0000000 0.0000000 0.0142518 0.0195903 0.0372566 0.0362297 0.0069177 0.0284924 0.1840624 0.0041143 0.0029932 0.0105280 0.0127174 0.4209536 0.1731398
249 W 249 0.0027561 0.0115217 0.0080638 0.0000000 0.0010887 0.0087546 0.0040334 0.0004934 0.0189676 0.0290263 0.0157538 0.0000000 0.0083305 0.0475658 0.0000000 0.0092639 0.0275821 0.6304391 0.1538293 0.0225298
250 L 250 0.0966844 0.2449696 0.0139829 0.0069383 0.0039361 0.0204744 0.0603096 0.0149966 0.0126033 0.0719522 0.0425779 0.0306843 0.0223490 0.0095811 0.0146421 0.0457159 0.0188596 0.0000000 0.0364219 0.2323208
251 I 251 0.0088774 0.0042227 0.0054858 0.0053514 0.0000000 0.0000000 0.0021327 0.0057768 0.0032488 0.0700434 0.1032132 0.0206724 0.0159494 0.3210182 0.0083035 0.0101164 0.0336780 0.0031790 0.3186577 0.0600732
252 S 252 0.0229301 0.1164988 0.1054169 0.2101450 0.0130399 0.0463518 0.0299332 0.0242073 0.0191992 0.0155529 0.0016405 0.0975184 0.0020418 0.0068484 0.0121155 0.1191544 0.1080409 0.0000000 0.0359089 0.0134561
253 N 253 0.0499663 0.0183442 0.1099250 0.1025265 0.0000000 0.0337992 0.0774527 0.3548804 0.0253254 0.0049736 0.0140367 0.0350705 0.0028935 0.0091390 0.0541576 0.0712616 0.0220339 0.0000000 0.0056360 0.0085779
254 L 254 0.0425307 0.0500977 0.1093605 0.0847295 0.0000000 0.0490459 0.0742373 0.0460204 0.0599195 0.0115335 0.0336043 0.0313714 0.0059052 0.0850940 0.0082627 0.0760276 0.0823636 0.0069668 0.1065079 0.0364215
255 R 255 0.0274992 0.1166037 0.0761910 0.0790325 0.0000000 0.0792668 0.0531169 0.0248866 0.0267503 0.0312539 0.0192346 0.1496383 0.0072557 0.0020407 0.0111409 0.0637813 0.1625849 0.0011826 0.0120423 0.0564977
256 P 256 0.0426055 0.0449625 0.0061313 0.0386358 0.0000000 0.0145501 0.0173292 0.0189944 0.0215258 0.0820925 0.2847734 0.0220162 0.1003907 0.0124809 0.0484743 0.0127508 0.0313094 0.0014971 0.0035974 0.1958824
257 E 257 0.0485710 0.0351420 0.0158914 0.1586542 0.0000000 0.0973854 0.1792778 0.0055906 0.0119304 0.0385197 0.1330012 0.0386218 0.0210928 0.0042858 0.0156540 0.0448033 0.0306125 0.0060379 0.0242775 0.0906507
258 P 258 0.0804263 0.0586082 0.0363212 0.0369062 0.0030423 0.0335380 0.1247659 0.0700385 0.0392144 0.0068935 0.0330582 0.0494857 0.0047628 0.0151943 0.2044167 0.0932825 0.0431026 0.0293029 0.0238607 0.0137790
259 N 259 0.0097117 0.0351530 0.0478770 0.0936338 0.0000000 0.0039009 0.0149790 0.5756416 0.0143213 0.0075328 0.0340030 0.0129295 0.0000000 0.0000000 0.0200797 0.0640295 0.0188218 0.0000000 0.0248608 0.0225245
260 Y 260 0.0352716 0.0104848 0.0154046 0.0152163 0.0000000 0.0063643 0.0234509 0.0223708 0.0095814 0.0053579 0.0132399 0.0213160 0.0000000 0.1000987 0.0284486 0.0452027 0.0135829 0.0156946 0.6059421 0.0129718
261 P 261 0.0196848 0.0180993 0.0052624 0.0000000 0.0000000 0.0147883 0.0022273 0.0236922 0.0033797 0.0190380 0.0227717 0.0022691 0.0008089 0.0143286 0.8077179 0.0210596 0.0095305 0.0000000 0.0013063 0.0140356
262 K 262 0.0180696 0.2915955 0.0049028 0.0106929 0.0000000 0.0616468 0.0068892 0.0388060 0.0189572 0.0142925 0.0179697 0.4011955 0.0205443 0.0046777 0.0114659 0.0096373 0.0256643 0.0059594 0.0061841 0.0308495
263 S 263 0.0442322 0.0813071 0.0552988 0.0803987 0.0034401 0.0193582 0.0549959 0.0254274 0.0162060 0.0177970 0.0978675 0.0794324 0.0071534 0.0110551 0.1838214 0.1281592 0.0503373 0.0000000 0.0326882 0.0110243
264 I 264 0.0294698 0.0156913 0.0042217 0.0104904 0.0304993 0.0085611 0.0036810 0.0061651 0.0083756 0.4690103 0.2787951 0.0053344 0.0074704 0.0076156 0.0041504 0.0193088 0.0330509 0.0000000 0.0000000 0.0581090
265 H 265 0.0379432 0.0871176 0.0394516 0.0332945 0.0000000 0.0444964 0.0377783 0.0166339 0.0939417 0.0185710 0.0190435 0.0988210 0.0034773 0.0188199 0.0206264 0.2495955 0.1026058 0.0047957 0.0438052 0.0291815
266 S 266 0.0564725 0.0408192 0.0644622 0.1795396 0.0000000 0.0283961 0.2514993 0.0155330 0.0142360 0.0015661 0.0083816 0.0981020 0.0071938 0.0024032 0.0055219 0.1178902 0.0618917 0.0074651 0.0126197 0.0260068
267 F 267 0.0073560 0.0195254 0.0188920 0.0345840 0.0000000 0.0042353 0.0530607 0.0273443 0.0068104 0.0160405 0.3618889 0.0199102 0.0123670 0.1510963 0.0088630 0.0263068 0.0384769 0.0340466 0.0910982 0.0680977
268 G 268 0.0192655 0.0230508 0.0088587 0.0174010 0.0000000 0.0013193 0.0045083 0.7152811 0.0136497 0.0018094 0.0354711 0.0078843 0.0000000 0.0308669 0.0166608 0.0218627 0.0192748 0.0578141 0.0025486 0.0024728
269 F 269 0.0045535 0.0165696 0.0166314 0.0031485 0.0000000 0.0064008 0.0071557 0.0104687 0.0279907 0.0623451 0.3100822 0.0100089 0.0109658 0.3403311 0.0338972 0.0344259 0.0161890 0.0657322 0.0131447 0.0099590
270 P 270 0.0158396 0.0395031 0.0177354 0.0237774 0.0079562 0.0115341 0.0150881 0.1389721 0.0072816 0.0154618 0.0065606 0.0288300 0.0012693 0.0024363 0.5712999 0.0281904 0.0430000 0.0108610 0.0024352 0.0119680
271 N 271 0.0606372 0.1119124 0.0354111 0.0377170 0.0089991 0.0254099 0.0465132 0.2732520 0.0252197 0.0270652 0.0588996 0.0719178 0.0086873 0.0040684 0.0600757 0.1096395 0.0159527 0.0014242 0.0026083 0.0145898
272 F 272 0.0123404 0.0287994 0.0449087 0.0831841 0.0077249 0.0075552 0.0391444 0.0780775 0.0324728 0.1503563 0.0861803 0.0138033 0.0120347 0.0116167 0.1008972 0.0851672 0.1113147 0.0114656 0.0117047 0.0712519
273 V 273 0.0290369 0.0152800 0.0092324 0.0038827 0.0051708 0.0031420 0.0741297 0.0107972 0.0135135 0.0643967 0.0828310 0.0079643 0.0136847 0.0333119 0.3210606 0.0125298 0.0484956 0.0021797 0.0201251 0.2292355
274 K 274 0.0265667 0.0399945 0.0614551 0.1589279 0.0130430 0.0643083 0.0932502 0.1191017 0.0203892 0.0006470 0.0020275 0.1395807 0.0014403 0.0150753 0.0502183 0.1038471 0.0685147 0.0000000 0.0086998 0.0129128
275 K 275 0.0262598 0.0894735 0.1330475 0.0378332 0.0000000 0.0348076 0.0249858 0.0775530 0.1229566 0.0081625 0.0127429 0.2375597 0.0023121 0.0090237 0.0928248 0.0372186 0.0427445 0.0000000 0.0104939 0.0000000
276 I 276 0.0048068 0.0000000 0.0000000 0.0000000 0.0323973 0.0033905 0.0020684 0.0007010 0.0000000 0.4997633 0.1419294 0.0000000 0.0036476 0.0071923 0.0236367 0.0050234 0.0028850 0.0000000 0.0032071 0.2693512
277 D 277 0.0011721 0.0080533 0.0303973 0.7506819 0.0014660 0.0274622 0.0381130 0.0060937 0.0048038 0.0017886 0.0075513 0.0142048 0.0000000 0.0116607 0.0000000 0.0227488 0.0530059 0.0000000 0.0005685 0.0202282
278 A 278 0.7022533 0.0000000 0.0078100 0.0156560 0.0060747 0.0000000 0.0000000 0.0686466 0.0000000 0.0000000 0.0110685 0.0021792 0.0063227 0.0000000 0.0088489 0.0521359 0.1091679 0.0000000 0.0036824 0.0061540
279 A 279 0.7895662 0.0092462 0.0000000 0.0030713 0.0000000 0.0049232 0.0044120 0.0181994 0.0000000 0.0242408 0.0095354 0.0000000 0.0000000 0.0000000 0.0000000 0.0142008 0.0163470 0.0000000 0.0000000 0.1062579
280 V 280 0.0240499 0.0000000 0.0000000 0.0000000 0.0085340 0.0029011 0.0019357 0.0000000 0.0000000 0.0825626 0.2595951 0.0017395 0.0398053 0.3337433 0.0000000 0.0087094 0.0187597 0.0000000 0.0502675 0.1673969
281 F 281 0.0140241 0.0389276 0.0456141 0.0041736 0.0215576 0.0424909 0.0581605 0.0000000 0.0516131 0.0426111 0.0243138 0.0151306 0.0269505 0.0725797 0.0130751 0.1020693 0.0913618 0.0277385 0.1196293 0.1879787
282 N 282 0.0156810 0.0382207 0.0409258 0.1323887 0.0978263 0.0054650 0.0263498 0.0052095 0.0075984 0.0301893 0.0317172 0.0249259 0.0113498 0.0441169 0.0135518 0.0263649 0.0394764 0.3171848 0.0747609 0.0166968
283 P 283 0.0491171 0.1043681 0.0167995 0.0513545 0.0033829 0.0347487 0.1138156 0.1300960 0.0458742 0.0336856 0.0205918 0.0533450 0.0164124 0.0056641 0.1911192 0.0680854 0.0330636 0.0070470 0.0129123 0.0085169
284 R 284 0.0330848 0.1020908 0.0716277 0.1160076 0.0000000 0.0327388 0.1040083 0.0994454 0.0646081 0.0170292 0.0439670 0.0771116 0.0159161 0.0108578 0.0726786 0.0622112 0.0202348 0.0023417 0.0274674 0.0265733
285 F 285 0.0257429 0.0322275 0.2992232 0.0884785 0.0158290 0.0187363 0.0362140 0.0518378 0.0231509 0.0090233 0.0346732 0.0635215 0.0015614 0.0202341 0.0364524 0.0871016 0.1122627 0.0007833 0.0180728 0.0248736
286 Y 286 0.0247776 0.0705202 0.0602087 0.0384751 0.0000000 0.0660169 0.0662898 0.4620188 0.0457671 0.0033513 0.0061247 0.0812873 0.0025512 0.0040546 0.0012089 0.0477408 0.0077731 0.0010838 0.0091365 0.0016137
287 R 287 0.0192777 0.1389131 0.0121603 0.0150346 0.0196662 0.0251997 0.0353277 0.0101730 0.0472556 0.0302840 0.0192265 0.4567783 0.0023171 0.0112961 0.0132927 0.0552160 0.0376888 0.0029185 0.0346458 0.0133283
288 T 288 0.0448688 0.0036609 0.0010071 0.0000000 0.0008152 0.0000000 0.0028580 0.0046768 0.0000000 0.1703820 0.0917906 0.0022183 0.0223446 0.0191664 0.0078513 0.0157627 0.4037233 0.0015992 0.0317590 0.1755159
289 Y 289 0.0053443 0.0021141 0.0017591 0.0041180 0.0026689 0.0023772 0.0140803 0.0000000 0.0469360 0.0360058 0.1043293 0.0054365 0.0030484 0.0964856 0.0000000 0.0000000 0.0010958 0.0034919 0.6323608 0.0383481
290 F 290 0.0465469 0.0000000 0.0000000 0.0081519 0.0177005 0.0000000 0.0033183 0.0080380 0.0000000 0.1159456 0.2183409 0.0000000 0.0077261 0.5096161 0.0000000 0.0018800 0.0028087 0.0000000 0.0074066 0.0525206
291 F 291 0.0045965 0.0047780 0.0000000 0.0022076 0.0000000 0.0000000 0.0022134 0.0000000 0.0000000 0.0730190 0.0310275 0.0000000 0.0132667 0.7845113 0.0016372 0.0056766 0.0277533 0.0107155 0.0238781 0.0147194
292 V 292 0.0581505 0.0855716 0.0151697 0.0092106 0.0009268 0.0399004 0.0024768 0.0116129 0.0198121 0.0185402 0.0089666 0.3976521 0.0000000 0.0077529 0.0000000 0.1512185 0.0378274 0.0000000 0.0072992 0.1279119
293 D 293 0.0232453 0.0341404 0.0551601 0.1256202 0.0000000 0.0097056 0.0493269 0.6326190 0.0045233 0.0000000 0.0027264 0.0345514 0.0013804 0.0068745 0.0015304 0.0162709 0.0006899 0.0009506 0.0006848 0.0000000
294 N 294 0.0267224 0.0719811 0.1451219 0.2254895 0.0029265 0.0617449 0.0629540 0.0811970 0.0315212 0.0174590 0.0050049 0.0433857 0.0000000 0.0010857 0.0252864 0.1488635 0.0474388 0.0000000 0.0009125 0.0009049
295 Q 295 0.0027549 0.1368465 0.0557411 0.0360341 0.0032921 0.1811573 0.0673347 0.0280533 0.0309577 0.0132162 0.0724285 0.1625154 0.0412113 0.0262938 0.0041320 0.0219369 0.0173048 0.0163297 0.0569075 0.0255523
296 Y 296 0.0027809 0.0118147 0.0017951 0.0036593 0.0328874 0.0092052 0.0005549 0.0000000 0.0121729 0.0356075 0.0433686 0.0072745 0.0162568 0.1793707 0.0010645 0.0029745 0.0034968 0.0022116 0.5483897 0.0851142
297 W 297 0.0261972 0.0109247 0.0000000 0.0000000 0.0013275 0.0081386 0.0000000 0.0000000 0.0065777 0.0321419 0.0370769 0.0019314 0.0189899 0.0379528 0.0056704 0.0166721 0.0141228 0.5578899 0.2032321 0.0211541
298 R 298 0.0354238 0.5096286 0.0010066 0.0258257 0.0059864 0.0578030 0.0287905 0.0035182 0.0142087 0.0245513 0.0161751 0.0582737 0.0062048 0.0172778 0.0000000 0.0707401 0.0248319 0.0185070 0.0173424 0.0639043
299 Y 299 0.0067247 0.0031592 0.0000000 0.0047936 0.0000000 0.0006949 0.0016244 0.0046990 0.0059580 0.0355933 0.1161848 0.0060336 0.0039817 0.2910142 0.0030772 0.0132791 0.0000000 0.0487487 0.4030493 0.0513841
300 D 300 0.0238037 0.0165111 0.1867121 0.5146476 0.0000000 0.0150609 0.0239638 0.0297116 0.0248123 0.0020116 0.0037050 0.0105591 0.0010690 0.0040351 0.0025000 0.0915879 0.0411242 0.0000000 0.0064958 0.0016892
301 E 301 0.0147179 0.0270571 0.0331404 0.0789246 0.0000000 0.0066668 0.3510735 0.0241113 0.0047538 0.0275122 0.0880573 0.0269493 0.0037917 0.0317821 0.0993832 0.0196562 0.0475636 0.0090227 0.0049526 0.1008836
302 R 302 0.0708456 0.0816133 0.0590606 0.0783953 0.0080439 0.0515290 0.0954540 0.0423448 0.0409688 0.0243837 0.0394172 0.1452760 0.0110150 0.0089018 0.0112136 0.0891616 0.0514633 0.0027212 0.0447984 0.0433926
303 R 303 0.0861668 0.1409397 0.0574214 0.0361568 0.0000000 0.0484508 0.0288417 0.0559456 0.0201616 0.0127520 0.0388079 0.1021278 0.0200922 0.0065933 0.0042928 0.0937453 0.2166960 0.0010190 0.0069108 0.0228787
304 Q 304 0.0155580 0.1608823 0.1034708 0.0552609 0.0009623 0.1639830 0.0500356 0.1404307 0.0224559 0.0095246 0.0338674 0.1232773 0.0189589 0.0058202 0.0192728 0.0270004 0.0149303 0.0121648 0.0151870 0.0069571
305 M 305 0.0628441 0.1867314 0.0228748 0.0111438 0.0034704 0.0715817 0.0258354 0.0380179 0.0142268 0.0154200 0.0345974 0.0926281 0.0093225 0.0193150 0.0601565 0.1139640 0.1259081 0.0029225 0.0146784 0.0743612
306 M 306 0.0259040 0.0321644 0.0152231 0.0275270 0.0060713 0.0220360 0.0016233 0.0114239 0.0012492 0.0745256 0.1052980 0.0079350 0.2405400 0.0102409 0.0264786 0.0058106 0.0284569 0.0110783 0.0045073 0.3419067
307 D 307 0.0406699 0.0300477 0.0166183 0.4213575 0.0061997 0.0030419 0.1880366 0.0154251 0.0430408 0.0130787 0.0384317 0.0619368 0.0054016 0.0309173 0.0047272 0.0192669 0.0096370 0.0012220 0.0168737 0.0340697
308 P 308 0.0641670 0.0684108 0.0469871 0.0400143 0.0000000 0.0210139 0.0795015 0.0379991 0.0096553 0.0082861 0.0432756 0.0907062 0.0020506 0.0085213 0.2809756 0.1436057 0.0391248 0.0042643 0.0084493 0.0029915
309 G 309 0.0100590 0.0721346 0.0225985 0.0854140 0.0000000 0.0073883 0.0219036 0.4494003 0.0272462 0.0262951 0.0080327 0.0413676 0.0122684 0.0241039 0.0240527 0.0574461 0.0378321 0.0211987 0.0410263 0.0102320
310 Y 310 0.0086110 0.0152787 0.0068587 0.0020751 0.0016946 0.0115673 0.0058326 0.0239999 0.0284856 0.0123728 0.0129325 0.0254724 0.0000000 0.1294608 0.0016414 0.0624978 0.0276830 0.0131030 0.5972754 0.0131575
311 P 311 0.0101483 0.0053665 0.0062700 0.0000000 0.0000000 0.0050655 0.0364749 0.0044973 0.0193034 0.0036977 0.0115645 0.0027245 0.0026986 0.0111098 0.8419680 0.0117700 0.0018733 0.0020033 0.0026980 0.0207665
312 K 312 0.0346661 0.3481516 0.0085073 0.0008450 0.0000000 0.0606135 0.0081579 0.0502577 0.0065409 0.0031945 0.0307449 0.3498283 0.0114987 0.0126413 0.0024192 0.0154579 0.0292488 0.0028388 0.0068044 0.0175833
313 L 313 0.0565542 0.0738153 0.0403313 0.0771955 0.0017654 0.0533493 0.0585082 0.0130223 0.0095393 0.0068587 0.1380186 0.0905022 0.0132482 0.0215059 0.1906284 0.1033939 0.0346614 0.0000000 0.0091777 0.0079243
314 I 314 0.0192849 0.0000000 0.0063569 0.0000000 0.0000000 0.0000000 0.0030502 0.0022985 0.0000000 0.5797495 0.1267952 0.0049455 0.0649317 0.0031414 0.0000000 0.0119531 0.0779855 0.0000000 0.0000000 0.0995076
315 T 315 0.1645324 0.0867483 0.0441390 0.0666122 0.0000000 0.0356560 0.0621439 0.0200524 0.0078161 0.0149896 0.0130886 0.0516978 0.0057527 0.0042633 0.0056215 0.2364597 0.1246272 0.0078503 0.0043346 0.0436145
316 K 316 0.0443380 0.1176888 0.0664039 0.1832704 0.0000000 0.0409165 0.1370588 0.0240699 0.0286102 0.0059266 0.0188340 0.1026144 0.0070653 0.0017768 0.0263894 0.0835849 0.0760312 0.0011566 0.0051233 0.0291412
317 N 317 0.0417276 0.0287327 0.0432409 0.1263919 0.0018539 0.0210337 0.0511593 0.0649174 0.0409574 0.0321042 0.1246554 0.0227894 0.0460035 0.0521036 0.0181794 0.0508665 0.0569737 0.0079315 0.0600542 0.1083238
318 F 318 0.0022135 0.0047908 0.0000000 0.0000000 0.0000000 0.0018480 0.0012446 0.0088189 0.0013202 0.0010450 0.0154762 0.0004288 0.0019418 0.4218774 0.0070378 0.0045052 0.0038190 0.5056421 0.0147573 0.0032334
319 Q 319 0.0404932 0.1271362 0.0222619 0.0147597 0.0000000 0.0283403 0.0597387 0.0725478 0.0195789 0.0039895 0.0236879 0.1030825 0.0190696 0.0072212 0.3072402 0.0651362 0.0523481 0.0045099 0.0060809 0.0227774
320 G 320 0.0351016 0.0198550 0.0563385 0.0348337 0.0051484 0.0093943 0.0503024 0.6483585 0.0230245 0.0134575 0.0198332 0.0123685 0.0000000 0.0009556 0.0142624 0.0307382 0.0046261 0.0076606 0.0017679 0.0119729
321 I 321 0.0357103 0.0072661 0.0034103 0.0017897 0.0262500 0.0053219 0.0042986 0.0139518 0.0000000 0.2670317 0.2047488 0.0000000 0.0289886 0.0266604 0.0252611 0.0109492 0.0085738 0.0074583 0.0077084 0.3146209
322 G 322 0.0069412 0.0191905 0.0296381 0.0226564 0.0000000 0.0132442 0.0261650 0.1361592 0.0114208 0.0096341 0.0152709 0.0237982 0.0033387 0.0192444 0.5946676 0.0211572 0.0335492 0.0009925 0.0018567 0.0110751
323 P 323 0.0310404 0.0147199 0.1511187 0.1162411 0.0057519 0.0229350 0.0880165 0.0912408 0.0203397 0.0133063 0.0357586 0.0546222 0.0000000 0.0122502 0.1021595 0.1442798 0.0582129 0.0029878 0.0194717 0.0155470
324 K 324 0.0350350 0.0809538 0.1847193 0.0905352 0.0261416 0.0396484 0.0610292 0.0467786 0.0635659 0.0038190 0.0036539 0.1997698 0.0030798 0.0020434 0.0410394 0.0579855 0.0339953 0.0011259 0.0063604 0.0187206
325 I 325 0.0138870 0.0000000 0.0000000 0.0000000 0.0000000 0.0061317 0.0000000 0.0000000 0.0000000 0.3366746 0.1240414 0.0000000 0.0194563 0.0090497 0.0879368 0.0132058 0.0390414 0.0000000 0.0015841 0.3489913
326 D 326 0.0038602 0.0176940 0.0267074 0.7012965 0.0000000 0.0281802 0.0080439 0.0021782 0.0450569 0.0000000 0.0015882 0.0238858 0.0000000 0.0037115 0.0000000 0.0783613 0.0440015 0.0000000 0.0022535 0.0131811
327 A 327 0.6485758 0.0000000 0.0065955 0.0806965 0.0017064 0.0000000 0.0030830 0.1055290 0.0012083 0.0000000 0.0079523 0.0054279 0.0020817 0.0000000 0.0000000 0.0966501 0.0234878 0.0048979 0.0041090 0.0079989
328 V 328 0.6391900 0.0000000 0.0000000 0.0000000 0.0000000 0.0000000 0.0024043 0.0215098 0.0000000 0.0345618 0.0197123 0.0000000 0.0008092 0.0075793 0.0000000 0.0130742 0.0079842 0.0000000 0.0000000 0.2531750
329 F 329 0.0145344 0.0137094 0.0000000 0.0000000 0.0000000 0.0000000 0.0000000 0.0020383 0.0000000 0.0766638 0.1634657 0.0000000 0.0782697 0.4630467 0.0011035 0.0024209 0.0437131 0.0045580 0.0900645 0.0464121
330 Y 330 0.0239453 0.0825964 0.0069068 0.0081255 0.0542380 0.2063196 0.0721469 0.0042439 0.0122856 0.0193740 0.0425247 0.0286688 0.0176033 0.0096293 0.0280126 0.1408907 0.0754842 0.0060997 0.0582340 0.1026706
331 S 331 0.0291663 0.0330415 0.0341779 0.1029524 0.0018594 0.0086529 0.0304889 0.0460758 0.0648784 0.0007320 0.0466494 0.0155089 0.0135681 0.0301500 0.0000000 0.1157811 0.0342626 0.2019030 0.1840106 0.0061408
332 K 332 0.0658749 0.0723205 0.0629011 0.0321831 0.0015379 0.0614707 0.0592615 0.0537019 0.0117139 0.0347336 0.0618724 0.1723178 0.0024019 0.0228033 0.0742576 0.0932702 0.0861508 0.0000000 0.0121341 0.0190928
333 N 333 0.0213999 0.0307245 0.2727769 0.3259802 0.0000000 0.0281032 0.0916047 0.0415884 0.0448858 0.0014644 0.0047132 0.0212100 0.0000000 0.0083680 0.0076143 0.0492769 0.0269890 0.0000000 0.0233007 0.0000000
334 K 334 0.0151520 0.0263353 0.0426430 0.0210191 0.0000000 0.0233675 0.0643230 0.6647050 0.0096847 0.0010147 0.0017223 0.0425354 0.0000000 0.0251575 0.0077894 0.0396424 0.0061341 0.0000000 0.0026158 0.0061589
335 Y 335 0.0440245 0.0925326 0.0417186 0.0398947 0.0025015 0.0198935 0.0323149 0.0208628 0.0757060 0.0090732 0.0146283 0.1847442 0.0057492 0.1174124 0.0061379 0.0960662 0.0210219 0.0000000 0.1512578 0.0244596
336 Y 336 0.0754748 0.0097749 0.0051825 0.0019607 0.0029425 0.0024281 0.0000000 0.0014976 0.0009046 0.1479325 0.1234568 0.0034071 0.0278141 0.0648217 0.0000000 0.0591248 0.2686435 0.0000000 0.0941774 0.1104563
337 Y 337 0.0000000 0.0037994 0.0110868 0.0026547 0.0017994 0.0000000 0.0000000 0.0000000 0.0395180 0.0274088 0.0189685 0.0099349 0.0067391 0.0808531 0.0000000 0.0000000 0.0026557 0.0041784 0.7525029 0.0379004
338 F 338 0.0381498 0.0000000 0.0000000 0.0000000 0.0272923 0.0000000 0.0000000 0.0013116 0.0082649 0.0353251 0.1510276 0.0000000 0.0189494 0.6752383 0.0000000 0.0000000 0.0034562 0.0000000 0.0000000 0.0409848
339 F 339 0.0031242 0.0000000 0.0000000 0.0000000 0.0316855 0.0000000 0.0010452 0.0000000 0.0000000 0.0651579 0.0646309 0.0000000 0.0085867 0.7171004 0.0000000 0.0128211 0.0057201 0.0000000 0.0577827 0.0323452
340 Q 340 0.0388817 0.1288740 0.0284320 0.0174448 0.0009442 0.0822822 0.0042640 0.0058941 0.0693530 0.0310293 0.0107726 0.4254312 0.0000000 0.0012295 0.0000000 0.1287267 0.0078009 0.0021594 0.0069016 0.0095788
341 G 341 0.0119724 0.0216529 0.0252374 0.1507839 0.0000000 0.0168334 0.0276735 0.6891039 0.0021927 0.0000000 0.0000000 0.0264382 0.0000000 0.0000000 0.0000000 0.0161943 0.0073057 0.0000000 0.0046115 0.0000000
342 S 342 0.0366675 0.0770382 0.1363736 0.1617302 0.0000000 0.0260710 0.0204272 0.0562577 0.0390373 0.0034429 0.0223612 0.1098577 0.0036251 0.0035830 0.0790400 0.1418479 0.0724950 0.0045510 0.0019703 0.0036229
343 N 343 0.0229294 0.0914555 0.0679597 0.0566600 0.0000000 0.1888546 0.0863736 0.0269293 0.0721353 0.0107881 0.0465508 0.1317595 0.0107503 0.0428356 0.0000000 0.0540817 0.0275958 0.0000000 0.0439411 0.0183996
344 Q 344 0.0092374 0.0015903 0.0011506 0.0000000 0.0033788 0.1112083 0.0000000 0.0000000 0.0073083 0.0129407 0.0249689 0.0037261 0.0128058 0.1423981 0.0000000 0.0106124 0.0062624 0.0030713 0.5530656 0.0962751
345 F 345 0.0089246 0.0033958 0.0000000 0.0000000 0.0007447 0.0119696 0.0000000 0.0011524 0.0142791 0.0207537 0.0566831 0.0000000 0.0073935 0.1189617 0.0000000 0.0191735 0.0152761 0.3993920 0.3041781 0.0177222
346 E 346 0.0157781 0.3310042 0.0224631 0.0068783 0.0239780 0.0400481 0.1419409 0.0020813 0.0179832 0.0407903 0.0204578 0.2268206 0.0013214 0.0070973 0.0023459 0.0164884 0.0199396 0.0000000 0.0084984 0.0540851
347 Y 347 0.0042043 0.0000000 0.0005333 0.0040303 0.0000000 0.0026951 0.0044577 0.0028421 0.0019809 0.0372186 0.0939632 0.0000000 0.0344829 0.3959230 0.0000000 0.0059497 0.0028182 0.0017533 0.2877714 0.1193761
348 D 348 0.0183976 0.0064857 0.2445172 0.3909737 0.0000000 0.0119006 0.0368214 0.0116609 0.0274091 0.0045290 0.0179421 0.0375463 0.0012913 0.0000000 0.0134505 0.1278243 0.0382456 0.0000000 0.0033798 0.0076249
349 F 349 0.0448411 0.0081193 0.0966875 0.1837847 0.0000000 0.0321075 0.0669436 0.0376678 0.0136881 0.0484387 0.0553941 0.0224949 0.0252254 0.0405541 0.1471358 0.0708180 0.0356208 0.0000000 0.0209726 0.0495059
350 L 350 0.0759152 0.1198567 0.1085325 0.0547532 0.0000000 0.0696845 0.0690403 0.0643009 0.0146692 0.0289306 0.0325731 0.0975800 0.0180871 0.0192692 0.0180187 0.0772239 0.0444536 0.0157097 0.0068282 0.0645737
351 L 351 0.0997894 0.1075503 0.0521618 0.0397707 0.0000000 0.0674709 0.0278911 0.0245427 0.0253344 0.0177150 0.0254240 0.1200588 0.0100136 0.0201022 0.0080783 0.1358947 0.1513055 0.0064520 0.0330689 0.0273757
352 Q 352 0.0138621 0.0731914 0.0492128 0.0290591 0.0000000 0.0787634 0.0501415 0.0722340 0.0296894 0.0150782 0.1832048 0.1485404 0.0908123 0.0560881 0.0010135 0.0090485 0.0134924 0.0040015 0.0275006 0.0550662
353 R 353 0.0261507 0.2662835 0.0397163 0.0278779 0.0030423 0.0852965 0.0951536 0.0135891 0.0165361 0.0122623 0.0090028 0.1665369 0.0115735 0.0031396 0.0243705 0.0638721 0.0717402 0.0000000 0.0102304 0.0536256
354 I 354 0.0943502 0.0017371 0.0024233 0.0303138 0.0000000 0.0238425 0.0031559 0.0012556 0.0044394 0.1190009 0.0727481 0.0145309 0.0216808 0.0040288 0.0096967 0.0365397 0.0594913 0.0039158 0.0000000 0.4968493
355 T 355 0.0819361 0.0434685 0.0263856 0.1525406 0.0007757 0.0237172 0.1923384 0.0149572 0.0239983 0.0418663 0.0914636 0.0145302 0.0129805 0.0045133 0.0280311 0.0228220 0.1351443 0.0000000 0.0116198 0.0769112
356 K 356 0.0622324 0.1287481 0.0217199 0.0224342 0.0000000 0.0563162 0.1031063 0.0384472 0.0433204 0.0026951 0.0162874 0.1280540 0.0016235 0.0030667 0.2024599 0.0845460 0.0381421 0.0037339 0.0094043 0.0336622
357 T 357 0.0487682 0.0453634 0.0156444 0.0306901 0.0128661 0.0093226 0.0348108 0.3977044 0.0034287 0.0578965 0.0277548 0.0479103 0.0101644 0.0148406 0.0245414 0.0673536 0.0403026 0.0155187 0.0116664 0.0834519
358 L 358 0.0126264 0.0112632 0.0216912 0.0308825 0.0078414 0.0470089 0.0092336 0.0412207 0.0039180 0.0119005 0.1448933 0.0075172 0.0362040 0.0416773 0.0250616 0.0588073 0.0290415 0.0032437 0.4477887 0.0081790
359 K 359 0.0010765 0.0778949 0.0119457 0.0084082 0.0015227 0.0122947 0.0076293 0.0030947 0.0020732 0.0515905 0.0107631 0.1418021 0.0000000 0.0093936 0.5569815 0.0233749 0.0237228 0.0000000 0.0000000 0.0564316
360 S 360 0.1078152 0.2280911 0.0184514 0.0000000 0.0000000 0.0597778 0.0011877 0.0167777 0.0050745 0.0340095 0.0108339 0.2277170 0.0042204 0.0048309 0.0000000 0.1533428 0.0753113 0.0305682 0.0094868 0.0125036
361 N 361 0.0341611 0.0226408 0.2507151 0.0582475 0.0000000 0.0293494 0.0250224 0.0144785 0.0211519 0.0011705 0.0029402 0.0429660 0.0016296 0.0065085 0.1294559 0.2467334 0.0316532 0.0000000 0.0598384 0.0213377
362 S 362 0.0327907 0.0345808 0.0249431 0.2635947 0.0000000 0.0236007 0.0245803 0.0444482 0.0067597 0.0071953 0.0047769 0.0562015 0.0000000 0.0149718 0.0000000 0.2313197 0.0864847 0.0427460 0.0825105 0.0184952
363 W 363 0.0000000 0.0000000 0.0000000 0.0000000 0.0000000 0.0017487 0.0015118 0.0015325 0.0000000 0.0288991 0.1162233 0.0015634 0.0052878 0.1763528 0.0000000 0.0000000 0.0000000 0.6553313 0.0067771 0.0047721
364 F 364 0.0041871 0.0034057 0.0026751 0.0000000 0.0000000 0.0000000 0.0000000 0.0000000 0.0000000 0.0310599 0.3783400 0.0000000 0.2486888 0.2719541 0.0000000 0.0099351 0.0045818 0.0000000 0.0345918 0.0105805
365 G 365 0.0047245 0.0509542 0.1535626 0.0541793 0.0000000 0.0566724 0.0000000 0.4065317 0.0579279 0.0030793 0.0170514 0.0704054 0.0078823 0.0030023 0.0211508 0.0407521 0.0063330 0.0118956 0.0030833 0.0308121
366 C 366 0.0000000 0.0000000 0.0000000 0.0000000 1.0000000 0.0000000 0.0000000 0.0000000 0.0000000 0.0000000 0.0000000 0.0000000 0.0000000 0.0000000 0.0000000 0.0000000 0.0000000 0.0000000 0.0000000 0.0000000
