  366         A         R         N         D         C         Q         E         G         H         I         L         K         M         F         P         S         T         W         Y         V    
  1 M   1 -0.088530  0.030821 -0.057709 -0.074019 -0.236995  0.327017  0.090756 -0.218460 -0.057709 -0.175262 -0.081760  0.034844  0.046510 -0.220686 -0.125907 -0.037377 -0.088530 -0.185842 -0.092554 -0.112038
  2 G   2  0.001139 -0.376459  0.011825 -0.203499 -0.601720 -0.385535 -0.389196  1.145363 -0.394889 -0.797263 -0.795121 -0.381875 -0.591949 -0.609439 -0.405041  0.017892 -0.379258 -0.425704 -0.603920 -0.601673
  3 P   3 -0.189579 -0.413250 -0.186565 -0.264393 -0.863411 -0.066972 -0.182914 -0.415456 -0.412640 -0.895067 -0.829142 -0.202330 -0.502431 -1.047898  0.743937  0.137793 -0.160577 -1.157211 -0.771109 -0.692546
  4 V   4 -0.406720  1.094753 -0.128503 -0.716581 -1.353331  0.337433  0.155021 -0.894856 -0.394432 -1.283147 -0.899214  1.526855 -0.427530 -1.335058 -0.683217 -0.186694 -0.458039 -1.396225 -0.887797 -0.952718
  5 W   5 -1.635618 -1.645316 -2.186504 -2.189094 -1.095709 -1.104095 -1.646595 -1.109143 -1.097187 -1.617700 -1.076280 -1.645316 -0.538796  0.567094 -2.192565 -1.636764 -1.087840  5.949459  1.091609 -1.623596
  6 R   6 -0.505208  0.122963  0.326319  0.105571 -1.469969  0.206236  0.280407 -0.703963 -0.216968 -1.449582 -1.341702  0.263350 -0.834893 -1.437637 -0.505065  0.145092 -0.151285 -1.653906 -0.986581 -1.203468
  7 K   7 -0.619028  0.759741  0.154605 -0.483739 -1.619790  0.418596  0.358723 -1.080525  0.128222 -1.533598 -1.189161  1.610913 -0.638707 -1.479765 -0.728835 -0.074610 -0.452967 -1.623505 -0.801946 -1.127688
  8 H   8 -0.530481  0.380329  0.500005 -0.448090 -1.351514  0.056593 -0.080553 -0.908803 -0.113333 -1.289317 -1.068657  0.428743 -0.650780 -1.241389 -0.847387  0.139393  0.271602 -1.526408 -0.831299 -1.051994
  9 Y   9 -0.766221 -0.356005  0.826623  0.312987 -1.460643 -0.038075  0.128191 -0.837116  0.493028 -1.222348 -1.311307 -0.236370 -0.880217 -1.217942 -0.926920  0.027096 -0.109591 -1.726410 -0.685600 -1.080312
 10 I  10 -0.545760 -1.355252 -1.758774 -2.162297 -0.586686 -1.313042 -1.717848 -2.304534 -1.758774  1.497489  1.936924 -1.314325  0.994059 -0.040926 -1.717848 -1.172088 -0.545760 -1.355252 -0.586686  0.993939
 11 T  11 -0.015338 -0.486760  0.027190 -0.569925 -0.680145 -0.477507 -0.491261 -1.088803 -1.066105 -0.685564 -0.653638 -0.357917 -0.566522 -1.143904 -0.634300  0.649102  2.397157 -1.250706 -1.120242 -0.179463
 12 Y  12 -1.316899 -1.357032 -1.495170 -1.902529 -1.178761 -0.813034 -1.357032 -1.624753  0.498310 -0.827773 -0.688135 -1.358532 -0.546997  1.610014 -1.947162 -1.315399 -1.177261  2.384870  3.242190 -0.870906
 13 R  13 -0.236375  1.263110  0.010577 -0.836475 -1.323837  0.240261 -0.093498 -0.783352 -0.246706 -1.514991 -1.151709  0.722650 -0.620827 -1.366758 -1.018091  0.140333 -0.337969 -1.536551 -0.937490 -1.398457
 14 I  14 -0.592056 -1.656689 -1.772013 -1.887772 -0.596666 -1.588914 -1.716793 -2.231101 -1.629158  1.764882  1.169173 -1.597214  0.636334  0.327573 -1.780835 -1.172907 -0.599158 -1.380937 -0.316442  1.312553
 15 N  15 -0.324205 -0.515116 -0.660961 -0.959942 -1.085837 -0.259292 -0.414201 -1.317718 -0.833389 -0.202069 -0.081135 -0.350183  0.018126 -0.804231 -1.105004 -0.319311 -0.306195 -1.473878 -0.716414 -0.107499
 16 N  16 -0.571257 -0.049713  1.758525  0.122525 -1.428719 -0.019567 -0.045315 -0.052880 -0.054592 -1.567186 -1.500206  0.104455 -0.968965 -1.593262 -0.849601  0.628671  0.110153 -1.931550 -1.189983 -1.397902
 17 Y  17 -0.933810 -1.110480 -0.991032 -1.278806 -1.141211 -0.676705 -0.969595 -1.431087  0.267531 -0.585498 -0.538745 -1.059983 -0.448853  1.034785 -1.577765 -0.808756 -0.759720  0.444892  1.959975 -0.624711
 18 T  18 -0.110269 -0.799748 -0.269921 -0.524954 -0.997027 -0.503726 -0.517412 -0.901447 -1.008177 -1.057530 -1.064785 -0.513157 -0.763378 -1.510155  0.833238  0.419053  1.093654 -1.643914 -1.298272 -0.610454
 19 P  19 -0.356239 -0.432237 -0.238552 -0.372422 -1.394904 -0.067557 -0.152068 -0.846185 -0.679427 -1.432724 -1.333915 -0.149094 -0.802403 -1.663882  0.901909  0.152362 -0.138341 -1.701853 -1.236630 -1.098681
 20 D  20 -0.749551 -0.332112  0.456443  1.087251 -1.567353  0.248253  0.477369 -0.591967 -0.212564 -1.582221 -1.666167 -0.009704 -1.094926 -1.458198 -0.774263  0.093172 -0.336980 -1.746097 -1.045333 -1.391006
 21 M  21 -0.543771 -1.154165 -1.605809 -2.100213 -0.658491 -0.964867 -1.550533 -2.141853 -1.546391  1.032444  1.691526 -1.094281  1.249850 -0.019937 -1.595909 -1.037577 -0.556769 -1.102587 -0.464341  0.693613
 22 N  22 -0.133749 -0.665324  0.084435  0.003323 -1.306697 -0.305417 -0.159402 -0.134294 -0.763316 -1.446617 -1.470596 -0.313650 -0.989969 -1.607534  0.118755  0.520182 -0.053439 -1.872977 -1.400210 -1.149832
 23 R  23 -0.369506  0.383892 -0.342483 -0.564101 -1.535700  0.291443  0.189220 -1.082288 -0.424298 -1.305749 -1.096401  0.349848 -0.605874 -1.521313 -0.302525 -0.214730 -0.388231 -1.644584 -1.026639 -0.989461
 24 E  24  0.020001 -0.477551  0.044141  0.217329 -1.264921  0.041259  0.345877 -0.474200 -0.397907 -1.289445 -1.326358 -0.200679 -0.897062 -1.340035 -0.644561  0.385689 -0.211807 -1.721746 -0.998771 -0.991321
 25 D  25 -0.294379 -0.436209 -0.143691  0.480659 -1.439499  0.272310  0.717015 -0.968022 -0.569712 -1.083210 -1.180893 -0.127847 -0.765652 -1.435762 -0.739195  0.027743 -0.077693 -1.769781 -1.146134 -0.730729
 26 V  26 -0.056853 -1.331527 -1.345510 -1.463365 -0.691032 -0.797233 -0.968698 -1.663423 -1.499275  1.058127  0.342583 -0.990947  0.384168 -0.674225 -1.149994 -0.721567  0.204440 -1.622208 -0.684249  1.438837
 27 D  27 -0.715188  0.782701  0.080611  0.350342 -1.731373  0.386060  0.544421 -1.030070 -0.176904 -1.592299 -1.445198  0.483325 -0.885809 -1.546177 -0.939999 -0.266436 -0.552819 -1.784227 -1.121829 -1.453551
 28 Y  28 -0.296219  0.079223  0.152746  0.123108 -1.426350  0.196576  0.339550 -0.699008 -0.362723 -1.405606 -1.313839  0.183642 -0.838984 -1.355615 -0.854705  0.174969 -0.210197 -1.658764 -0.973407 -1.154609
 29 A  29  0.837643 -0.865317 -1.054520 -1.056622 -0.576029 -0.633042 -0.530498 -0.825891 -1.230988 -0.100121 -0.194095 -0.720136 -0.243888 -0.953844 -0.926037 -0.002603  0.029656 -1.655016 -1.022749  0.231308
 30 I  30 -0.507309 -1.546065 -1.700819 -1.871596 -0.656617 -1.399507 -1.613655 -2.062161 -1.534385  1.398061  1.013058 -1.455793  0.751388  0.411638 -1.706932 -1.059971 -0.522554 -1.203541 -0.252089  1.096472
 31 R  31 -0.034779  0.545892 -0.179145 -0.542860 -1.380517  0.418075  0.279541 -0.862749 -0.115449 -1.372046 -1.118710  0.310055 -0.655452 -1.343914 -0.914350  0.008894 -0.355862 -1.545842 -0.771643 -1.070715
 32 K  32 -0.426360  0.860198 -0.116612 -0.599779 -1.551463  0.467817  0.257180 -1.131603 -0.274048 -1.409088 -1.028682  0.913342 -0.534382 -1.389629 -0.940904 -0.159051 -0.433424 -1.560297 -0.821536 -1.133320
 33 A  33  2.324229 -0.628658 -1.170599 -1.195985 -0.046242 -0.609312 -0.616739  0.013392 -1.213944 -0.614763 -0.621789 -0.613025 -0.592642 -1.213784 -0.628515  0.614227  0.001826 -1.813204 -1.219011 -0.023105
 34 F  34 -0.979524 -1.638927 -1.805976 -1.966469 -1.028533 -1.619768 -1.787782 -1.950380 -0.949764  0.326448  0.610273 -1.633883  0.312563  2.501146 -2.219185 -1.175995 -1.013393  0.079483  1.094600 -0.238732
 35 Q  35 -0.341857  0.469795  0.129011 -0.044244 -1.577504  0.703840  0.483402 -0.679126 -0.363100 -1.650825 -1.366400  0.782824 -0.692223 -1.663047 -0.785225  0.129799 -0.438045 -1.709696 -1.134472 -1.271186
 36 V  36 -0.160649 -0.933724 -1.304218 -1.503966 -0.831574 -0.618107 -0.869106 -1.665625 -1.283035  0.635468  0.407916 -0.691953  0.522319 -0.623415 -1.227305 -0.769203 -0.246573 -1.471796 -0.610117  0.881850
 37 W  37 -1.824339 -1.823676 -2.434901 -2.440914 -1.226339 -1.227221 -1.833123 -1.240258 -1.212662 -1.801636 -1.203769 -1.829344 -0.603002  0.632051 -2.445787 -1.827239 -1.222561  6.614534  1.227136 -1.809410
 38 S  38  0.516859 -0.430840  0.189557  0.028920 -0.943389  0.263919  0.411352 -0.234181 -0.594157 -1.294345 -1.258098  0.017013 -0.698469 -1.384187 -0.634884  1.486101  0.235225 -1.777089 -1.205802 -1.050387
 39 N  39 -0.516199 -0.207546  0.498263  0.932124 -1.635741  0.278990  0.774428 -0.652395 -0.370954 -1.547330 -1.618533  0.209715 -1.052712 -1.654180 -0.768727  0.240195 -0.348338 -2.013425 -1.325998 -1.292967
 40 V  40  0.059599 -1.389213 -1.337302 -1.464249 -0.752724 -0.897837 -0.900352 -1.503930 -1.210438  0.908494  0.129815 -0.988444  0.174589 -0.626948 -1.134858 -0.817904 -0.141222 -1.634883 -0.435565  1.366312
 41 T  41  0.393168 -0.736064 -0.190475 -0.677285 -0.558224 -0.556797 -0.575134 -0.840349 -1.131207 -0.498806 -0.581482 -0.553002 -0.460062 -1.106782 -0.740476  0.882253  1.618473 -1.511306 -1.160291 -0.146435
 42 P  42 -0.505418 -0.789579 -0.352793 -0.298349 -1.655321 -0.396417 -0.378831 -0.768911 -0.844195 -1.676752 -1.652201 -0.346330 -1.081510 -2.053324  2.029946 -0.197555 -0.418809 -2.203805 -1.576308 -1.231686
 43 L  43 -0.640831 -1.310998 -1.862807 -2.400111 -0.670725 -1.286812 -1.833134 -2.419932 -1.788283  1.208116  2.178186 -1.294492  1.115872  0.148738 -1.854472 -1.243134 -0.638526 -1.147261 -0.488787  0.646154
 44 K  44 -0.349423  0.024612  0.352106 -0.228828 -1.242251 -0.045938 -0.020551 -0.991749 -0.661717 -1.144360 -1.066819  0.104595 -0.708369 -1.470501 -0.831749  0.361175  0.973908 -1.653843 -1.207339 -0.789238
 45 F  45 -1.223688 -1.870985 -1.875135 -1.881255 -1.218787 -1.867660 -1.875741 -1.899186 -0.677499  0.067378  0.049114 -1.867660  0.022915  3.587634 -2.459917 -1.243726 -1.224971  0.524216  1.766481 -0.553490
 46 S  46 -0.325480  0.041984 -0.246159 -0.737495 -1.198363  0.021756 -0.149903 -1.227284 -0.519916 -0.848516 -0.784448 -0.056446 -0.441942 -1.204767 -0.974212  0.000356  0.507660 -1.377666 -0.833691 -0.527174
 47 K  47 -0.571093  0.728157 -0.034459  0.294753 -2.132893  1.026779  1.753793 -1.198152 -0.100185 -1.801288 -1.561861  0.879106 -0.916861 -1.782121 -0.734572 -0.113985 -0.589826 -1.784630 -1.141594 -1.345406
 48 I  48 -0.061421 -1.281757 -1.333477 -1.477005 -0.707882 -1.023748 -1.081692 -1.681611 -1.517350  0.959234  0.383089 -0.962249  0.264232 -0.640088 -1.227804 -0.680738  0.078469 -1.681719 -0.733439  1.183531
 49 N  49 -0.304160 -0.437082  0.001259 -0.442673 -1.309034 -0.151061 -0.241760 -0.774918 -0.127921 -1.264933 -1.204888 -0.269238 -0.780060 -1.046611 -0.494397  0.132878 -0.163640 -1.448829 -0.478985 -1.011750
 50 T  50 -0.293085 -0.567265  0.126283  0.373583 -1.363706 -0.055658  0.247116 -0.527599 -0.469078 -1.352590 -1.425509 -0.219008 -0.955240 -1.275796 -0.773972  0.436148 -0.095293 -1.638138 -0.942213 -1.119316
 51 G  51 -0.165283 -0.680151  0.156158 -0.066648 -1.598888 -0.313188 -0.178121  0.915559 -0.675098 -1.801717 -1.797959 -0.495960 -1.246235 -1.657613 -0.772697  0.243803 -0.488443 -1.615773 -1.392016 -1.375127
 52 M  52 -0.488201 -0.231068  0.019414  0.255469 -1.665700  0.295304  0.664562 -0.921895 -0.449284 -1.423825 -1.422577  0.071582 -0.892013 -1.598299 -0.366550  0.045083 -0.245033 -1.759417 -1.156160 -1.073249
 53 A  53  1.660347 -0.799395 -1.048837 -1.076139 -0.379008 -0.642125 -0.624051 -0.155654 -1.167489 -0.659979 -0.772438 -0.656606 -0.640042 -1.324030 -0.300130  0.419323 -0.076429 -1.893010 -1.244991 -0.098949
 54 D  54 -1.143902 -1.086684  0.720298  3.077865 -1.817459 -0.014886  1.021066 -0.626192 -0.390402 -1.785649 -2.296096 -0.562600 -1.673990 -1.784992 -0.696022  0.018166 -0.581054 -2.400539 -1.681136 -1.758600
 55 I  55 -0.605322 -1.767703 -1.802057 -1.826879 -0.683737 -1.703316 -1.750188 -2.403531 -1.806693  2.194384  1.161931 -1.738287  0.611786 -0.064663 -1.788273 -1.192314 -0.586806 -1.808089 -0.623799  1.666960
 56 L  56 -0.569028  0.002664 -0.481222 -0.871765 -1.308814  0.145698 -0.220385 -1.448305 -0.781708 -0.546813 -0.263598  0.058941  0.393350 -1.023298 -1.115303 -0.373369 -0.287841 -1.459601 -0.897997 -0.367100
 57 V  57 -0.537036 -1.740708 -1.810274 -1.896109 -0.689431 -1.621808 -1.705444 -2.314572 -1.795543  1.984246  1.136490 -1.633170  0.642621 -0.050492 -1.719644 -1.195137 -0.508167 -1.719613 -0.575106  1.617721
 58 V  58 -0.087610 -0.562519 -0.193418 -0.421266 -1.145570 -0.375131 -0.389910 -0.399539 -0.781237 -1.018906 -0.946141 -0.360268 -0.615106 -0.956422 -1.044290  0.404628 -0.214612 -1.573950 -0.963733 -0.912335
 59 F  59 -1.167323 -1.761955 -1.762770 -1.757626 -1.273558 -1.728514 -1.734671 -1.731219 -0.653811 -0.170427 -0.149755 -1.722518 -0.103500  3.220938 -2.350703 -1.154810 -1.176544  0.558840  1.607176 -0.692775
 60 A  60  0.294052 -0.772155 -0.632933 -0.924547 -1.080677 -0.613707 -0.593919 -0.125722 -0.486156 -0.976145 -1.024028 -0.720206 -0.766816 -0.824439 -1.026137 -0.059778 -0.414748 -1.277059 -0.551421 -0.625434
 61 R  61 -0.220442  0.501327  0.016606 -0.646841 -1.386078  0.143750 -0.053049 -0.795330 -0.416406 -1.313503 -1.138787  0.270508 -0.641231 -1.432013 -0.875480  0.208639 -0.048231 -1.665564 -1.012963 -1.074952
 62 G  62 -0.196936 -0.334627 -0.192138 -0.799175 -1.609051 -0.499520 -0.663483  1.042905 -0.767018 -1.765202 -1.600115 -0.454438 -1.090512 -1.386134 -1.187598 -0.115170 -0.796917 -1.204438 -1.118541 -1.395614
 63 A  63 -0.718440 -0.672847  0.079655  0.729220 -1.634342 -0.076731  0.453487 -0.884026 -0.315655 -1.375317 -1.513000 -0.398251 -1.043381 -0.929289 -1.039898 -0.084784 -0.493006 -1.468881 -0.717967 -1.238595
 64 H  64 -1.148116 -0.068488  0.530985 -0.639823 -1.817495 -0.046615 -0.072659 -1.127862  4.360524 -1.830029 -1.803546 -0.618604 -1.196026 -0.677565 -1.230863 -0.537268 -1.149033 -1.199099  1.012684 -1.810107
 65 G  65 -0.223034 -0.854354  0.282589 -0.431258 -1.730571 -0.730801 -0.780932  2.024433 -0.822568 -2.105411 -2.063316 -0.803669 -1.489063 -1.633372 -1.168613  0.103843 -0.792164 -1.336087 -1.382845 -1.642366
 66 D  66 -1.055514 -1.181440  0.180937  2.550971 -1.040927 -0.243504  0.637121 -0.869140 -0.758048 -1.639452 -2.112561 -0.722676 -1.576978 -1.723805 -0.772506 -0.144335 -0.590226 -2.170655 -1.659880 -1.612995
 67 D  67 -0.263186 -0.893435 -0.117996 -0.640888 -1.168278 -0.704203 -0.761619  0.321170 -0.790077 -1.503622 -1.479659 -0.722677 -1.006086 -1.134414 -0.696659  0.168374 -0.554105 -1.452719 -1.051880 -1.267372
 68 H  68 -0.752950 -0.686452 -0.290254 -0.844229 -1.303622 -0.339004 -0.525393 -1.208080  0.116581 -1.021682 -0.952934 -0.622437 -0.656286 -0.149845 -1.301016 -0.262306 -0.581649 -0.629192  0.715895 -0.978278
 69 A  69 -0.249724 -1.046365 -0.916880 -0.706266 -1.267782 -0.611069 -0.639624 -1.064139 -1.092223 -1.397487 -1.420966 -0.604496 -0.957316 -1.924177  1.951178 -0.245349 -0.390724 -2.171189 -1.494759 -0.940088
 70 F  70 -1.169010 -1.717519 -1.762463 -1.821833 -1.326287 -1.729806 -1.743246 -1.858833 -0.665582 -0.122701 -0.106518 -1.702657 -0.061839  3.212651 -2.389711 -1.147559 -1.172487  0.311162  1.566106 -0.658459
 71 D  71 -1.225388 -1.189433  0.343216  2.887007 -1.897072 -0.090952  0.878397 -0.809244 -0.647040 -1.808134 -2.259061 -0.653356 -1.670325 -1.652442 -0.808830 -0.134348 -0.677506 -2.174679 -1.588466 -1.797996
 72 G  72 -0.073328 -1.246273 -0.081547 -0.605729 -1.872835 -1.193772 -1.172751  3.232573 -1.278080 -2.452369 -2.454266 -1.220989 -1.825863 -1.888853 -1.278982 -0.037551 -1.176493 -1.357898 -1.861247 -1.848285
 73 K  73 -0.521601 -0.537266 -0.788723 -0.623435 -1.736092 -0.205680 -0.185497 -1.275076 -0.977940 -1.485680 -1.390897 -0.045306 -0.874230 -1.927712  1.437985 -0.354403 -0.473288 -2.138612 -1.446935 -1.025451
 74 G  74 -0.256585 -1.014161  0.066582 -0.358951 -1.756167 -0.815172 -0.725858  1.840762 -0.948160 -2.056991 -2.014176 -0.907661 -1.468714 -1.676118 -1.203523  0.010886 -0.871816 -1.452226 -1.536325 -1.612292
 75 G  75 -0.290812 -0.765137  0.246336 -0.481267 -1.888662 -0.619854 -0.745025  2.020962 -0.816610 -2.202750 -2.147224 -0.720872 -1.497735 -1.776519 -1.227727 -0.009239 -0.933738 -1.477681 -1.471661 -1.691735
 76 I  76 -0.247266 -1.252436 -1.043236 -1.252767 -1.002783 -0.951367 -0.902730 -1.563321 -1.396577  0.324368 -0.069738 -0.986210 -0.106271 -0.673422 -1.175794 -0.459843  0.430709 -1.640072 -0.824730  0.579795
 77 L  77 -0.583551 -1.349921 -1.853904 -2.391340 -0.747360 -1.269700 -1.790304 -2.457557 -1.832977  1.118009  2.007444 -1.297220  1.007979 -0.025339 -1.890714 -1.162322 -0.554055 -1.368383 -0.576264  0.634168
 78 A  78  2.115669 -0.741696 -1.161193 -1.145334 -0.233832 -0.681935 -0.653040  0.080188 -1.297068 -0.857083 -0.864482 -0.705989 -0.760916 -1.344333 -0.802290  0.534451 -0.160748 -1.963113 -1.352430 -0.259043
 79 H  79 -1.152253 -0.155905  0.434757 -0.701438 -1.896551 -0.094062 -0.089178 -1.327322  4.367400 -1.820650 -1.836246 -0.697886 -1.230777 -0.701099 -1.265236 -0.587227 -1.147734 -1.336633  1.005187 -1.788048
 80 A  80  2.291129 -0.696432 -1.195192 -1.225139 -0.137457 -0.664995 -0.664134 -0.022476 -1.305087 -0.789350 -0.788500 -0.667174 -0.725121 -1.344620 -0.705276  0.638391  0.028348 -1.970277 -1.333621 -0.163482
 81 F  81 -1.187305 -1.706061 -1.615591 -1.666752 -1.345997 -1.446371 -1.532579 -1.845320 -0.333543 -0.336260 -0.360317 -1.635752 -0.290442  2.587917 -2.246111 -1.135155 -1.124587  0.531741  1.988939 -0.693915
 82 G  82 -0.508049 -1.258175 -1.297543 -1.436240 -1.234037 -0.978623 -1.181770 -1.345176 -0.673327 -0.622035 -0.555008 -1.166466 -0.396596  0.722849 -1.103766 -0.606507 -0.703847 -0.621143  0.517103 -0.652666
 83 P  83 -0.568087 -1.065024 -1.150700 -0.692596 -1.883152 -0.563682 -0.591463 -1.248784 -1.178492 -1.853223 -1.813737 -0.557942 -1.199287 -2.444940  3.734112 -0.561316 -0.607718 -2.507705 -1.826151 -1.263531
 84 G  84 -0.283248 -0.750279 -0.128242 -0.476545 -1.500296 -0.550214 -0.527802  0.717480 -0.789082 -1.544891 -1.539291 -0.604897 -1.064816 -1.425611 -0.574251 -0.037935 -0.578912 -1.390012 -1.214107 -1.174228
 85 S  85 -0.568293 -0.484689  0.168326 -0.114327 -1.444943 -0.130130 -0.039140 -0.839983 -0.154292 -1.316399 -1.305706 -0.282592 -0.867955 -1.241203 -0.029287  0.003722 -0.225991 -1.620264 -0.731914 -1.082441
 86 G  86 -0.227935 -0.847048 -0.015196 -0.254039 -1.293605 -0.708050 -0.634783  1.375516 -0.638785 -1.682210 -1.700178 -0.785807 -1.240674 -1.419563 -0.679821 -0.033524 -0.729942 -1.299263 -1.271504 -1.327393
 87 I  87 -0.494582 -0.622897 -0.883319 -1.064262 -0.791758 -0.553164 -0.640483 -1.607967 -0.875321  0.113647 -0.033396 -0.663161 -0.019739 -0.668920 -1.259211 -0.582771 -0.355090 -1.407921 -0.630671  0.058307
 88 G  88 -0.039767 -0.769669 -0.161064 -0.414078 -1.350922 -0.542810 -0.531333  0.939517 -0.866817 -1.538553 -1.468486 -0.644181 -1.059007 -1.411848 -1.008308  0.068742 -0.678898 -1.442787 -1.286477 -1.191314
 89 G  89  0.017589 -1.201985 -0.051130 -0.714109 -1.906249 -1.178353 -1.189854  3.136895 -1.285676 -2.429142 -2.403143 -1.112317 -1.796247 -1.961198 -1.286418  0.066789 -1.010056 -1.494829 -1.902028 -1.787522
 90 D  90 -0.984695 -0.789337  0.373751  2.239964 -1.914301  0.069393  0.959304 -0.840398 -0.609214 -1.754586 -2.111919 -0.412982 -1.501605 -1.880204 -0.815946  0.026878 -0.301511 -2.363676 -1.716872 -1.592673
 91 A  91  0.372218 -1.370151 -1.425897 -1.643781 -0.609653 -1.155173 -1.256927 -1.535065 -1.555228  0.580461  0.169704 -1.193170  0.029411 -0.552005 -1.373788 -0.370802  0.188556 -1.688913 -0.738323  0.786137
 92 H  92 -1.297414 -0.238736  0.408251 -0.828041 -1.929361 -0.196062 -0.237859 -1.445180  4.309956 -1.826903 -1.807412 -0.792750 -1.207415 -0.549503 -1.488588 -0.674451 -1.263473 -1.286143  1.094010 -1.855676
 93 F  93 -1.318246 -1.991480 -2.028910 -2.149232 -1.364868 -1.926144 -2.039462 -2.173296 -0.749076  0.107038  0.172936 -1.975444  0.080617  3.489322 -2.686449 -1.371181 -1.307615  0.406449  1.891199 -0.520194
 94 D  94 -1.299239 -1.113551  0.805140  3.409492 -2.133877  0.065369  1.180628 -0.653952 -0.598134 -2.117843 -2.656350 -0.431091 -1.933797 -2.127585 -0.783717  0.025370 -0.678852 -2.750338 -1.984256 -2.031443
 95 E  95 -0.358816 -0.729925  0.098633  1.137178 -1.818314  0.057816  0.839133 -0.451580 -0.671966 -1.756174 -1.906624 -0.284627 -1.334374 -1.806360 -0.860613  0.198527 -0.494419 -2.212341 -1.544410 -1.412712
 96 D  96 -0.558573 -0.978421  0.358626  2.213030 -1.784864  0.025364  0.983603 -0.635191 -0.637861 -1.823892 -2.194504 -0.426451 -1.597947 -1.909400 -0.757067  0.324958 -0.412082 -2.504615 -1.747023 -1.617040
 97 E  97 -0.732884 -0.000705 -0.096219  0.856174 -2.554076  1.142057  2.637503 -1.446775  0.092726 -1.993829 -1.937490  0.545209 -1.249638 -1.855307 -0.789862 -0.101786 -0.702326 -1.941506 -1.086325 -1.391137
 98 F  98 -0.699803 -0.353018 -0.240555 -0.949160 -1.557338 -0.321711 -0.528255 -1.475990 -0.344401 -1.052411 -0.879295 -0.223104 -0.566256 -0.944892 -0.871837 -0.290749 -0.049698 -1.573839 -0.491052 -0.854206
 99 W  99 -1.964160 -2.038907 -2.545653 -2.629971 -1.463719 -1.447582 -2.031132 -1.567261 -1.180315 -1.791742 -1.219198 -2.027082 -0.629967  1.119985 -2.778166 -1.911083 -1.320731  6.190758  1.520126 -1.868199
100 T 100 -0.069197 -0.797203 -0.010787 -0.665789 -0.990935 -0.626097 -0.619786 -0.885674 -1.146581 -0.871650 -0.924150 -0.600128 -0.704677 -1.293863 -0.980311  0.636512  1.744262 -1.577509 -1.257271 -0.410221
101 T 101 -0.634748 -0.906382 -0.600385 -0.856776 -1.415513 -0.595227 -0.571187 -1.288504 -0.736247 -0.698509 -0.743332 -0.618707 -0.481870 -0.662499 -1.199185 -0.401275 -0.461650 -1.439790 -0.562093 -0.585758
102 H 102 -0.559909 -0.591557  0.284042  0.032221 -1.510648 -0.391612 -0.244199 -0.199571 -0.664767 -1.763811 -1.777079 -0.446455 -1.213563 -1.607493 -0.864701  0.133700 -0.378789 -1.950588 -1.360912 -1.509518
103 S 103 -0.411314 -0.643195  0.119923 -0.076181 -1.588682 -0.181530 -0.061167 -0.744949 -0.423503 -1.565356 -1.561326 -0.346815 -1.006591 -1.437625 -0.442834  0.405152 -0.170826 -1.947924 -1.055130 -1.326220
104 G 104 -0.557205 -0.236869 -0.075351 -0.236238 -1.745963  0.043751  0.054030 -0.798036 -0.390391 -1.536180 -1.458291 -0.121422 -0.861430 -1.465924 -1.030036 -0.064975 -0.410020 -1.633647 -0.976578 -1.238148
105 G 105 -0.097986 -1.094469 -0.112309 -0.695716 -1.906059 -0.982130 -1.011153  2.171634 -1.212689 -2.207058 -2.186251 -0.966715 -1.599932 -1.993742 -0.941881 -0.046684 -0.931350 -1.747198 -1.826318 -1.612168
106 T 106 -0.452232 -0.961754 -0.618611 -1.246365 -1.183087 -0.841477 -0.972939 -1.513461 -0.945202 -0.220892 -0.450770 -0.861504 -0.311115 -0.591770 -1.349405 -0.355730  0.417325 -1.423616 -0.359710  0.004934
107 N 107 -0.890657 -0.659191  1.600816  1.072885 -1.764531 -0.080839  0.267083 -0.589485 -0.162049 -1.723400 -1.920568 -0.345542 -1.285041 -1.715934 -1.092240  0.556711 -0.138668 -2.376650 -1.348806 -1.645420
108 L 108 -0.770382 -1.392143 -1.977258 -2.517029 -0.949927 -1.351430 -1.910474 -2.611492 -1.846267  0.967550  2.023515 -1.346388  0.997055  0.219678 -2.090290 -1.319648 -0.801087 -1.307529 -0.445724  0.391621
109 F 109 -1.074981 -1.398784 -1.647518 -1.777168 -1.458516 -1.278685 -1.380739 -2.113790 -0.790070 -0.140197  0.068044 -1.360471 -0.014603  1.681892 -2.144143 -1.128224 -1.069935 -0.388923  0.958828 -0.498539
110 L 110 -0.407095 -0.825502 -0.739890 -1.228945 -1.283974 -0.351564 -0.737472 -1.410403 -0.956920 -0.597756 -0.265193 -0.658522 -0.158766 -0.996985 -1.324364 -0.295695 -0.283049 -1.267271 -0.770769 -0.502874
111 T 111 -0.106434 -1.730234 -1.566311 -1.733195 -0.916884 -1.194287 -1.190902 -1.905771 -1.842221  1.351947  0.279286 -1.213926  0.354590 -0.877673 -1.424855 -1.053028  0.120907 -2.127517 -0.862302  1.927299
112 A 112  2.005339 -0.893814 -1.434641 -1.529926 -0.311003 -0.804599 -0.870951 -0.505981 -1.461081 -0.482818 -0.446780 -0.813738 -0.474756 -1.178890 -0.875664  0.376927 -0.041935 -2.019383 -1.216632  0.059409
113 V 113  0.863686 -1.245097 -1.601218 -1.665134 -0.617229 -0.998087 -1.075904 -1.303455 -1.625685  0.254484  0.033938 -1.058053 -0.014866 -0.881975 -1.191347 -0.363257 -0.074179 -1.832212 -1.014947  0.656127
114 H 114 -1.310326  0.009877  0.611190 -0.747151 -2.161219 -0.037127 -0.068648 -1.254211  4.883576 -2.191577 -2.162194 -0.609978 -1.433404 -0.940698 -1.315463 -0.644856 -1.361833 -1.584053  1.002682 -2.123622
115 A 115 -0.598553 -0.105176 -0.107873  1.162260 -2.737986  1.265212  3.172098 -1.411226 -0.149462 -2.060164 -2.065171  0.563314 -1.363976 -2.134070 -0.769747 -0.017134 -0.684966 -2.165226 -1.440672 -1.350333
116 I 116 -0.881297 -1.953701 -2.075248 -2.259630 -1.023788 -1.862153 -2.042840 -2.505768 -1.593160  1.287337  1.051478 -1.900002  0.577427  1.353841 -2.331651 -1.309013 -0.883028 -1.018733  0.265962  0.708154
117 G 117 -0.069529 -1.436074 -0.048943 -0.613682 -1.912971 -1.365219 -1.345197  3.642323 -1.447368 -2.796634 -2.804482 -1.342979 -2.094167 -2.185264 -1.387064  0.005445 -1.338498 -1.601012 -2.146621 -2.121506
118 H 118 -1.387316 -0.084391  0.703481 -0.512611 -2.219024  0.033454  0.070253 -1.370920  4.933311 -2.195403 -2.187421 -0.655800 -1.447242 -0.922534 -1.390083 -0.619766 -1.350603 -1.621348  1.032243 -2.151255
119 S 119  0.916205 -1.053065 -0.723743 -1.154785 -0.522708 -0.731462 -0.829833 -0.688147 -1.251106 -0.649947 -0.701972 -0.773615 -0.468244 -1.058793 -1.075510  0.851793  0.277026 -1.812465 -1.125518 -0.373062
120 L 120 -0.764253 -1.469807 -2.039056 -2.655647 -0.935654 -1.395950 -2.027459 -2.748526 -1.975153  1.050510  2.158513 -1.424283  1.085932 -0.268376 -1.678219 -1.349688 -0.711050 -1.653641 -0.826241  0.501032
121 G 121 -0.068025 -1.408269  0.023093 -0.736129 -2.153974 -1.391136 -1.379204  3.831312 -1.324102 -2.869802 -2.859948 -1.387706 -2.132379 -2.147823 -1.532615  0.009102 -1.399946 -1.596296 -2.105528 -2.189287
122 L 122 -0.739191 -1.523826 -2.167803 -2.857532 -0.806174 -1.475597 -2.157196 -2.866007 -2.160505  1.303974  2.512646 -1.482993  1.278685 -0.109513 -2.173955 -1.432731 -0.772341 -1.597651 -0.754693  0.677411
123 G 123 -0.162120 -0.852506 -0.265019 -0.113147 -1.851621 -0.259248  0.062729  0.106386 -0.831292 -1.866213 -1.864435 -0.499613 -1.218228 -1.647885 -0.833274  0.299049 -0.547170 -1.924848 -1.405865 -1.434074
124 H 124 -1.397444 -0.086475  0.540447 -0.771540 -2.233882 -0.068220 -0.074939 -1.488883  4.904188 -2.153542 -2.149347 -0.695792 -1.413745 -0.903827 -1.425146 -0.700116 -1.356846 -1.594991  1.087989 -2.098639
125 S 125  0.390489 -0.901762  0.250921 -0.315894 -0.963868 -0.275757 -0.257350 -0.452459 -0.877100 -1.221880 -1.325241 -0.332054 -0.728911 -1.468346 -0.839262  1.940165  0.546349 -2.187931 -1.385242 -1.115354
126 S 126 -0.368030 -0.483701  0.449922 -0.025490 -1.586149 -0.089798 -0.084105 -0.798683 -0.474789 -1.631954 -1.588113 -0.260593 -0.993595 -1.523498 -0.879264  0.676604 -0.003013 -2.126623 -1.185780 -1.453717
127 D 127 -0.495869 -1.003572 -0.210878  0.362792 -1.545009 -0.352373  0.003010 -1.203311 -0.839778 -0.932606 -1.401871 -0.659065 -0.935083 -1.523310 -1.214317 -0.246799 -0.429998 -2.321145 -1.208797 -0.632923
128 P 128 -0.426740 -0.425958 -0.643389 -0.681050 -1.903583 -0.071934 -0.101289 -1.257125 -0.746838 -1.683826 -1.576808 -0.129596 -0.983006 -1.897521  0.494780 -0.208326 -0.457796 -2.192127 -1.294417 -1.217301
129 K 129 -0.446685 -0.586644  0.380916  0.061610 -1.929008 -0.165765  0.027264 -0.000400 -0.662267 -1.921249 -1.882125 -0.300841 -1.240281 -1.761064 -1.094750  0.332063 -0.353811 -2.120465 -1.475799 -1.562393
130 A 130  1.747455 -0.709380 -0.639746 -0.929248 -0.540702 -0.455076 -0.459124 -0.196596 -1.214622 -1.128629 -1.102059 -0.485531 -0.777624 -1.551270 -0.838429  1.294256  0.194107 -2.291055 -1.515716 -0.668043
131 V 131 -0.608101 -1.772386 -1.921099 -2.215435 -0.916700 -1.557405 -1.863659 -2.528553 -2.021771  1.467631  1.426300 -1.611590  0.784081 -0.333656 -1.900412 -1.240953 -0.584620 -1.916823 -0.805391  1.121308
132 M 132 -0.729504 -0.780918 -1.277586 -1.906680 -1.020822 -0.092088 -1.267253 -2.019885 -1.155171  0.240195  0.823376 -0.756414  2.683472 -0.293800 -1.464391 -0.666626 -0.758517 -0.964715 -0.742172  0.290680
133 F 133 -0.462537 -0.980744 -1.097702 -1.601048 -1.328975 -0.652308 -1.010013 -1.471324  0.078439 -0.989278 -0.888173 -1.011815 -0.643647  0.534678 -1.727218 -0.617270 -0.943480 -0.427260  1.349372 -0.902336
134 P 134 -0.492905 -1.333928 -1.315608 -0.856342 -1.996059 -0.723633 -0.747792 -1.292069 -1.276566 -2.015554 -1.969769 -0.720189 -1.344649 -2.496101  3.496416 -0.547528 -0.670724 -2.676867 -1.820481 -1.368027
135 T 135 -0.871644 -1.242209 -0.881401 -1.440606 -1.281732 -0.907032 -1.136681 -1.660549 -0.514015 -0.640175 -0.666368 -1.111887 -0.362658  0.286225 -1.820880 -0.620172 -0.452812 -0.428761  0.563859 -0.615633
136 Y 136 -1.229726 -1.358111 -1.163685 -1.727863 -1.513905 -0.767679 -1.222801 -1.962191  0.804053 -0.821904 -0.875063 -1.298673 -0.755374  1.194178 -1.903106 -1.127032 -1.141803  0.331217  3.138510 -0.786552
137 K 137 -0.447272 -0.013524 -0.144480 -0.765308 -1.654364  0.374935 -0.104572 -1.249301 -0.459008 -1.411777 -1.145048  0.148817 -0.551377 -1.561593 -1.024580  0.043854 -0.211007 -1.839748 -0.976685 -1.079410
138 Y 138 -0.749130 -1.314092 -0.730301 -1.139106 -1.871172 -0.971650 -1.137602  0.021065 -0.530587 -1.746549 -1.708545 -1.172851 -1.237437 -0.461796 -1.106167 -0.541508 -1.059505 -0.701539  0.172647 -1.467228
139 V 139 -0.619200 -0.747265 -0.643443 -1.169623 -1.478476 -0.452381 -0.768658 -1.367839 -0.486787 -0.914903 -0.852492 -0.695104 -0.437075 -0.687291 -1.123751 -0.327235 -0.292060 -1.357368 -0.099986 -0.714637
140 D 140 -0.763227 -0.648146 -0.044487  0.314223 -1.809699 -0.077735  0.254620 -1.113269 -0.388348 -1.408406 -1.520297 -0.295584 -0.993457 -1.373234 -1.145351 -0.172738 -0.461690 -1.997350 -0.948086 -1.152533
141 I 141 -0.522430 -0.946980 -0.662921 -0.625224 -1.780181 -0.526552 -0.570491 -0.859620 -1.107801 -1.606250 -1.569213 -0.603383 -1.051903 -1.777806  0.742845 -0.205527 -0.150906 -1.990055 -1.415436 -1.149051
142 N 142 -0.577439 -0.280823  0.333046  0.155421 -1.901561  0.082206  0.370278 -0.701329 -0.221380 -1.796003 -1.709216  0.077643 -1.113153 -1.617962 -1.018575  0.193015 -0.540191 -2.087464 -1.142790 -1.519843
143 T 143 -0.640783 -0.445113  0.081231 -0.249693 -1.699245 -0.294006 -0.191187 -0.890923 -0.673828 -1.351864 -1.356742 -0.094578 -0.888537 -1.487083 -0.794151 -0.091345 -0.222283 -2.046223 -1.227704 -1.065823
144 F 144 -0.811008 -1.069510 -1.069017 -1.278998 -1.463908 -0.821128 -1.016934 -1.533840 -0.636924 -0.637787 -0.549658 -0.930197 -0.362748  0.090961 -1.356006 -0.756597 -0.735712 -0.963714  0.156183 -0.643172
145 R 145 -0.543405 -0.481021 -0.467723 -0.722711 -1.505037 -0.196410 -0.353235 -1.315189 -0.448319 -1.035483 -0.907754 -0.330208 -0.559542 -1.138323 -0.976463 -0.209500 -0.393275 -1.781714 -0.730823 -0.855805
146 L 146 -0.725945 -1.215286 -1.288233 -1.358392 -1.395444 -0.920409 -1.096603 -1.716776 -1.146229 -0.284297  0.019369 -1.035986 -0.117273 -0.427579 -1.158654 -0.830549 -0.704312 -1.382920 -0.418373 -0.361963
147 S 147 -0.522744 -0.793903 -0.392250 -0.319372 -1.635169 -0.329738 -0.318374 -1.008686 -0.592405 -1.298342 -1.325937 -0.504984 -0.858746 -1.434338 -0.211833 -0.060573 -0.396173 -1.983336 -1.024650 -1.060937
148 A 148 -0.607382 -0.553590 -0.418967 -0.054970 -1.725838  0.223022  0.148394 -1.281454 -0.707119 -1.303753 -1.258076 -0.242692 -0.739149 -1.432393 -0.731227 -0.209724 -0.421327 -1.812085 -0.999609 -1.007213
149 D 149 -0.789226 -0.833126  0.008813  0.994304 -1.758829 -0.152931  0.243059 -0.882889 -0.763361 -1.503308 -1.721639 -0.504586 -1.202017 -1.690870 -0.877509 -0.105330 -0.473005 -2.270291 -1.463587 -1.320073
150 D 150 -0.789781 -0.931481 -0.092694  0.976756 -1.789159 -0.211805  0.248883 -1.053121 -0.912998 -1.491505 -1.639148 -0.487930 -1.170507 -1.614234 -0.736313 -0.105770 -0.441010 -2.262947 -1.504447 -1.324201
151 I 151 -0.430671 -0.964792 -0.878472 -1.032247 -1.319037 -0.729857 -0.742409 -1.380399 -1.153034 -0.222445 -0.490783 -0.777772 -0.351174 -1.150125 -1.281772 -0.503978 -0.336016 -1.977216 -0.981603 -0.058727
152 R 152 -0.683387 -0.582269 -0.297563 -0.586986 -1.728189 -0.280674 -0.400385 -0.862341 -0.646153 -1.324528 -1.264006 -0.421532 -0.784037 -1.360924 -0.957825 -0.280398 -0.566427 -1.662579 -0.941504 -1.093202
153 G 153 -0.268022 -0.747901 -0.391393 -0.657011 -1.739291 -0.591051 -0.644499  0.422917 -0.923268 -1.658679 -1.652971 -0.726709 -1.148737 -1.507473 -1.279158 -0.104194 -0.636890 -1.566897 -1.238175 -1.291498
154 I 154 -0.605502 -1.179945 -1.198499 -1.351559 -1.369895 -0.853965 -1.026998 -1.837282 -1.251877  0.001236 -0.221738 -0.992805 -0.177723 -0.770384 -1.099608 -0.716681 -0.525486 -1.657493 -0.654352 -0.006689
155 Q 155 -0.621769 -0.419121 -0.513138 -0.707077 -1.791003  0.544382 -0.013257 -1.270455 -0.425049 -1.447750 -1.203096 -0.187262 -0.570294 -1.133713 -1.044221 -0.219748 -0.544726 -1.324662 -0.407635 -1.087090
156 S 156 -0.420427 -0.729951 -0.475628 -0.657226 -1.611393 -0.209564 -0.307219 -1.125133 -0.681426 -1.187015 -1.101273 -0.442273 -0.683421 -1.200192 -0.898055 -0.058426 -0.337282 -1.719799 -0.792065 -0.926196
157 L 157 -0.570995 -0.906406 -0.982994 -1.288819 -1.461832 -0.646570 -0.847684 -1.505517 -1.068527 -0.536783 -0.299196 -0.717233 -0.259541 -0.994928 -1.096096 -0.568683 -0.536560 -1.777765 -0.808100 -0.465545
158 Y 158 -0.693226 -0.764373 -0.783625 -1.134985 -1.580460 -0.436367 -0.681962 -1.228149 -0.231801 -1.323275 -1.237327 -0.531819 -0.860920 -0.616707 -0.943827 -0.534386 -0.671340 -1.104577  0.452656 -1.014869
159 G 159 -0.248279 -0.857171 -0.444231 -0.767183 -1.756448 -0.634183 -0.657137  0.239604 -1.037473 -1.639463 -1.547757 -0.682375 -1.090091 -1.564103 -0.858235 -0.128199 -0.636483 -1.812080 -1.337131 -1.237467
160 D 160 -0.561319 -0.724656 -0.558410 -0.672432 -1.617088 -0.353849 -0.362396 -1.170308 -0.832104 -1.394291 -1.345465 -0.368509 -0.859689 -1.438015 -0.214819 -0.231628 -0.378633 -1.772329 -0.963246 -1.049974
161 P 161 -0.536842 -0.573433 -0.471640 -0.652264 -1.743187 -0.250976 -0.302109 -0.953556 -0.836540 -1.573369 -1.429684 -0.311307 -0.888423 -1.583000 -0.217575 -0.209612 -0.407576 -1.678952 -1.143327 -1.204807
162 K 162 -0.540344 -0.529839 -0.441491 -0.657832 -1.652073 -0.322520 -0.286322 -0.993890 -0.782900 -1.295952 -1.267888 -0.237341 -0.775731 -1.523665 -0.461808 -0.233411 -0.268055 -1.699135 -1.097368 -0.925058
163 E 163 -0.503493 -0.534493 -0.443940 -0.736834 -1.472354 -0.267345 -0.363280 -0.996515 -0.632753 -1.300922 -1.195242 -0.319452 -0.762739 -1.329827 -0.657400 -0.195725 -0.354303 -1.680134 -0.897140 -0.997593
164 N 164 -0.580359 -0.720819 -0.504712 -0.739897 -1.557733 -0.428301 -0.517193 -1.147921 -0.629012 -1.312671 -1.289091 -0.537857 -0.849231 -1.378911 -0.176133 -0.277488 -0.331242 -1.790131 -0.887420 -1.013371
165 Q 165 -0.522528 -0.682735 -0.443196 -0.680972 -1.562510 -0.425115 -0.466021 -0.926987 -0.782894 -1.329880 -1.314867 -0.439975 -0.844757 -1.517375 -0.316618 -0.210580 -0.306703 -1.895549 -1.171679 -0.997379
166 R 166 -0.512779 -0.664637 -0.384189 -0.648119 -1.681618 -0.331543 -0.366220 -1.037879 -0.698190 -1.383233 -1.284414 -0.426146 -0.841774 -1.429588 -0.296310 -0.174496 -0.309124 -1.844447 -0.988416 -1.061562
167 L 167 -0.520844 -0.770536 -0.599495 -0.723385 -1.363368 -0.443637 -0.525360 -1.130924 -0.900522 -1.245344 -1.251634 -0.562228 -0.779210 -1.504123 -0.349603 -0.238512 -0.269320 -1.743675 -1.184661 -0.942637
168 P 168 -0.472287 -0.559014 -0.244345 -0.481465 -1.585177 -0.108877 -0.199532 -1.054591 -0.795767 -1.404744 -1.365887 -0.314313 -0.830957 -1.721641 -0.339990 -0.023889 -0.135401 -1.940898 -1.254691 -1.031318
169 N 169 -0.435346 -0.651148 -0.432649 -0.647737 -1.717314 -0.273893 -0.336298 -0.995297 -0.713901 -1.615254 -1.546453 -0.351946 -0.981809 -1.862300  0.469459 -0.100753 -0.191437 -2.089059 -1.317582 -1.147252
170 P 170 -0.479849 -0.702259 -0.615069 -0.792132 -1.550855 -0.415089 -0.468773 -1.154737 -0.849398 -1.235194 -1.159834 -0.470285 -0.707866 -1.496220 -0.235298 -0.215594 -0.184210 -1.863348 -1.201378 -0.900701
171 D 171 -0.398692 -0.768150 -0.454207 -0.587905 -1.633823 -0.448329 -0.412527 -0.764395 -0.740349 -1.550478 -1.480303 -0.530491 -1.003935 -1.476351 -0.127573 -0.013033 -0.297935 -1.959328 -1.209736 -1.220588
172 N 172 -0.490734 -0.773069 -0.446226 -0.445475 -1.726845 -0.350967 -0.282357 -1.071277 -0.807957 -1.402028 -1.391987 -0.451708 -0.905071 -1.718267  0.110121 -0.106394 -0.244959 -2.088236 -1.349160 -1.047918
173 S 173 -0.423054 -0.654906 -0.320540 -0.305986 -1.718595 -0.248991 -0.122896 -0.861920 -0.903532 -1.520338 -1.542090 -0.350941 -1.018192 -1.779640 -0.193221  0.068101 -0.001897 -1.988639 -1.413408 -1.099247
174 E 174 -0.415184 -0.714284 -0.438435 -0.641312 -1.531531 -0.403964 -0.367876 -1.116690 -0.917922 -1.190675 -1.205533 -0.453839 -0.811582 -1.646027 -0.345599 -0.203380 -0.052744 -2.024981 -1.294361 -0.791816
175 P 175 -0.411557 -1.028478 -0.801154 -0.841702 -1.383803 -0.644475 -0.671648 -1.132256 -0.965874 -1.154482 -1.179687 -0.770731 -0.752897 -1.259011 -0.097607 -0.267854 -0.298585 -1.821610 -1.022891 -0.837134
176 A 176 -0.498960 -0.554449 -0.350678 -0.290382 -1.598639 -0.170046 -0.026711 -1.178674 -0.809856 -1.351106 -1.362981 -0.248210 -0.869124 -1.748343 -0.425223 -0.198535 -0.308802 -2.151907 -1.356384 -0.975838
177 L 177 -0.499979 -0.795383 -0.672214 -0.617149 -1.338010 -0.433711 -0.427585 -1.235305 -0.871522 -1.393783 -1.321692 -0.484163 -0.881942 -1.631140 -0.099545 -0.312581 -0.475038 -1.870133 -1.224210 -1.072661
178 C 178 -0.414244 -1.135722 -0.657058 -0.649453  0.205102 -0.812468 -0.883936 -1.274572 -1.090671 -1.151347 -1.215214 -0.922894 -0.888960 -1.500225 -1.032865 -0.232337 -0.398398 -1.889306 -1.264422 -0.969907
179 D 179 -0.401564 -0.781315 -0.437929 -0.342598 -0.750721 -0.518165 -0.515414 -1.126045 -1.008624 -1.228021 -1.292589 -0.598920 -0.863107 -1.488686 -0.867555  0.001765 -0.300456 -2.090948 -1.344905 -1.055955
180 P 180 -0.384642 -0.949905 -0.772380 -0.886965 -0.186773 -0.694509 -0.857301 -1.188773 -1.066061 -1.324075 -1.286309 -0.732956 -0.881833 -1.637258 -0.527361 -0.193325 -0.343551 -1.904867 -1.307100 -1.042581
181 N 181 -0.327898 -0.491491 -0.128694 -0.140713 -1.558122 -0.116192  0.021246 -0.989722 -0.741472 -1.342053 -1.327200 -0.188332 -0.830584 -1.644908 -0.867803  0.144432 -0.160270 -2.164660 -1.336137 -1.025361
182 L 182 -0.354463 -0.919153 -0.751833 -1.108114 -1.384066 -0.741690 -0.824462 -1.015055 -1.106770 -0.835335 -0.760677 -0.721843 -0.532914 -1.162725 -0.990735 -0.286242 -0.182702 -1.693214 -1.071289 -0.590850
183 S 183 -0.502246 -1.050608 -0.383610 -0.689224 -1.258559 -0.638021 -0.590293 -1.262887 -0.771891 -0.762582 -0.876011 -0.799466 -0.581383 -0.865992 -1.284014 -0.092914 -0.089477 -1.776941 -0.801526 -0.608844
184 F 184 -0.728424 -1.329042 -0.956876 -0.595665 -1.234346 -0.938559 -0.835791 -1.434512 -0.833325 -0.912982 -0.990497 -1.111714 -0.702844  0.186568 -1.469749 -0.524016 -0.723705 -1.241641 -0.178996 -0.956546
185 D 185 -0.308370 -0.985742 -0.239808  0.658077 -1.429425 -0.371870  0.058088 -0.950515 -0.883146 -1.382395 -1.585659 -0.632060 -1.132408 -1.596692 -0.784323  0.019035 -0.244283 -2.216837 -1.430593 -1.112694
186 A 186  0.427046 -1.001166 -0.986603 -1.247752 -0.879208 -0.878672 -0.947979 -1.005140 -1.136594 -0.550010 -0.641313 -0.893404 -0.483066 -0.957557 -1.168141 -0.082942 -0.013164 -1.742799 -0.963610 -0.248690
187 V 187 -0.248387 -1.237775 -1.205811 -1.332254 -1.125312 -0.906679 -0.938088 -1.706245 -1.414614  0.152464 -0.247401 -1.001274 -0.116679 -0.818592 -1.212710 -0.557703 -0.025265 -1.878863 -0.855902  0.397291
188 T 188  0.138833 -0.817919 -0.506370 -0.807666 -1.095657 -0.528276 -0.534091 -1.069257 -1.105989 -0.876318 -0.886967 -0.633661 -0.613118 -1.302974 -0.890249  0.240484  0.441542 -1.883158 -1.183810 -0.512948
189 T 189 -0.516717 -0.930480 -0.497430 -0.663595 -1.170186 -0.470389 -0.563123 -1.241304 -1.005955 -0.864480 -0.839745 -0.731004 -0.466348 -1.187730 -1.112332 -0.209092 -0.002090 -1.717504 -1.046248 -0.625065
190 V 190 -0.650868 -1.081774 -1.009955 -1.161643 -1.336326 -0.811427 -0.934066 -1.756828 -1.085882 -0.165273 -0.158339 -0.933387 -0.155232 -0.826020 -1.298314 -0.649148 -0.546678 -1.842113 -0.874713 -0.230342
191 G 191 -0.677394  0.914135  0.315828 -0.462724 -1.958635  0.177410 -0.074183 -0.736337 -0.264171 -2.032208 -1.759050  0.229272 -1.068783 -1.923491 -1.220923 -0.195193 -0.463271 -2.095888 -1.340958 -1.809245
192 N 192 -0.442360 -0.734816  0.072919 -0.418607 -2.014550 -0.582946 -0.604039  1.023604 -0.810279 -2.155131 -2.061813 -0.665060 -1.429807 -1.747075 -1.281108 -0.031587 -0.725518 -1.726724 -1.467898 -1.718718
193 K 193 -0.555500 -0.171719 -0.025906  0.102015 -2.074185  0.396834  1.093165 -1.289138 -0.428946 -1.695920 -1.638013  0.350113 -1.017996 -1.708860 -0.967134  0.136781 -0.198330 -2.020310 -1.178578 -1.216573
194 I 194 -0.528414 -1.282652 -1.298001 -1.841429 -1.053209 -1.067506 -1.419654 -2.023937 -1.413523  0.323439  0.339291 -1.126953  0.278918 -0.460095 -1.595063 -0.685459  0.144219 -1.399390 -0.443133  0.381680
195 F 195 -1.076618 -1.493665 -1.564047 -1.985354 -1.346168 -1.175645 -1.526528 -2.111579 -0.359958 -0.270873 -0.116811 -1.462638 -0.059408  1.266364 -2.093294 -1.150691 -1.010114 -0.186484  1.449843 -0.459159
196 F 196 -0.487727 -1.694272 -1.714484 -1.807514 -1.209823 -1.491178 -1.527373 -1.812617 -1.210714  0.070136 -0.120848 -1.550706 -0.123053  1.083738 -1.999068 -0.917405 -0.749742 -0.895402  0.283232 -0.047003
197 F 197 -1.227315 -1.819470 -1.731702 -1.894624 -1.501481 -1.729380 -1.792621 -1.999901 -0.799232 -0.302867 -0.275296 -1.733646 -0.167186  2.667316 -2.446209 -1.120756 -1.163080 -0.141563  1.250202 -0.761975
198 K 198 -0.556877  0.739376 -0.253563 -0.862565 -1.930697  0.174185  0.043626 -1.174916 -0.753928 -1.904382 -1.496733  1.525028 -0.848033 -1.849154 -0.961242 -0.132168 -0.597084 -2.079446 -1.313803 -1.425897
199 D 199 -0.594408 -1.056294  0.233047  0.427931 -2.066007 -0.657151 -0.309824  1.031145 -0.903721 -2.278990 -2.375089 -0.764794 -1.719745 -1.911570 -1.191229  0.023362 -0.853663 -2.087165 -1.726157 -1.886663
200 R 200 -0.708750  0.312441  0.234562 -0.208332 -2.123761  0.170586  0.133077 -0.663639 -0.294846 -2.085092 -1.874279  0.314166 -1.157255 -1.967691 -0.929159 -0.030506 -0.615162 -2.139398 -1.367611 -1.770762
201 F 201 -1.209817 -1.113135 -1.252134 -1.760172 -1.569043 -0.799475 -1.178745 -1.866715  0.252968 -0.994905 -0.845501 -1.108737 -0.529981  0.663000 -2.035618 -1.087427 -1.034900  0.411936  1.496143 -0.999921
202 F 202 -1.037690 -1.705793 -1.693151 -1.972868 -1.234662 -1.353258 -1.631937 -2.127405 -0.619044 -0.122681 -0.173668 -1.587951 -0.137017  1.390087 -2.144399 -1.221791 -0.975110 -0.192973  1.373569 -0.266357
203 W 203 -1.686779 -1.735068 -2.123641 -2.283304 -1.463001 -1.221650 -1.735754 -1.656554 -1.053987 -1.616802 -1.179944 -1.709658 -0.611144  0.482616 -2.495468 -1.564959 -1.102415  4.233428  1.048246 -1.616671
204 L 204 -0.696327  1.063293 -0.511686 -1.332386 -1.850549  0.059499 -0.321753 -1.591313 -0.455667 -1.428687 -1.017113  0.335021 -0.514021 -1.431915 -1.447886 -0.568455 -0.551903 -1.697777 -0.914004 -1.308794
205 K 205 -0.689069 -1.006883 -1.165928 -1.666833 -1.396910 -0.888255 -1.138115 -1.913861 -1.153281 -0.049021  0.057276 -0.743134 -0.007529 -0.539132 -1.547860 -0.801207 -0.404249 -1.570124 -0.321193  0.017966
206 V 206 -0.677319 -0.419706  0.377458  0.107837 -1.832402 -0.069729  0.087856 -1.000183 -0.105825 -1.637861 -1.658963 -0.315915 -1.091275 -1.596310 -0.997336  0.214428 -0.107531 -2.120601 -1.062890 -1.417442
207 S 207 -0.626230 -0.621530 -0.034607 -0.216440 -1.925430 -0.282451 -0.136692 -0.792170 -0.521761 -1.731133 -1.692418 -0.437279 -1.153896 -1.738822 -0.449255 -0.085952 -0.437045 -2.011190 -1.260503 -1.423190
208 E 208 -0.591078 -0.352832  0.038129 -0.416164 -1.792504 -0.064689 -0.190695 -0.700963 -0.510928 -1.697131 -1.587285 -0.205462 -0.971303 -1.501324 -1.131238  0.038285 -0.394278 -1.791411 -1.079781 -1.401425
209 R 209 -0.472070 -0.125079 -0.076658 -0.981632 -1.745007 -0.423075 -0.619328 -0.448776 -0.883617 -1.461373 -1.210226 -0.137688 -0.772882 -1.598326 -1.350591 -0.091390 -0.390130 -1.954223 -1.336155 -1.208123
210 P 210 -0.457060 -0.692375 -0.389474 -0.441159 -1.710363 -0.270403 -0.228917 -1.122524 -0.785253 -1.211983 -1.263493 -0.368984 -0.757089 -1.615087 -0.556250 -0.207773 -0.406140 -2.152852 -1.222472 -0.852135
211 K 211 -0.519245 -0.486393 -0.463818 -0.333866 -1.844060 -0.131878  0.116034 -1.221696 -0.982992 -1.297436 -1.254517 -0.219503 -0.813619 -1.718520 -0.792230 -0.219219 -0.260106 -2.012208 -1.379891 -0.933561
212 T 212 -0.266128 -1.215224 -0.585104 -0.855415 -1.666102 -0.871943 -0.881419  0.134270 -1.301005 -1.390539 -1.527405 -0.917150 -1.056487 -1.697698 -0.641692 -0.120510 -0.474688 -1.840357 -1.501758 -0.944506
213 S 213 -0.679101 -0.736168 -0.266313 -0.462417 -1.997429 -0.224454 -0.062772 -0.373681  0.002619 -1.874805 -1.838771 -0.530714 -1.290270 -1.125119 -1.014607 -0.191534 -0.774749 -1.330527 -0.114028 -1.493141
214 V 214 -0.569978 -1.265522 -1.208931 -1.080320 -1.837543 -0.702323 -0.832627 -1.447146 -1.142333 -1.515981 -1.422806 -0.750650 -0.966076 -1.806400  2.124885 -0.559974 -0.656064 -2.237388 -1.251852 -1.064664
215 N 215 -0.514152 -0.288510 -0.601874 -1.055363 -1.505130 -0.324518 -0.550151 -1.324751 -0.785160 -1.208927 -1.015359 -0.171168 -0.494345 -1.131640 -0.898803 -0.363930 -0.444327 -1.575718 -0.859632 -0.954054
216 L 216 -0.571591 -0.474395 -1.016431 -1.312430 -1.614189 -0.294218 -0.626467 -1.847466 -1.091757 -0.866802 -0.385450 -0.213264 -0.233717 -1.232689 -0.434239 -0.538161 -0.477205 -1.957937 -1.063454 -0.705401
217 I 217 -0.549192 -1.868557 -1.909977 -2.015332 -0.947594 -1.724462 -1.812505 -2.534143 -2.010848  1.757142  0.936699 -1.749777  0.481935 -0.345491 -1.820807 -1.137446 -0.429044 -2.070046 -0.858839  1.415091
218 S 218 -0.028394 -0.417792  0.082060 -0.413443 -1.503536 -0.074853 -0.079002 -0.719283 -0.565979 -1.502340 -1.468012 -0.108427 -0.899762 -1.720163 -0.816848  0.772972  0.037666 -2.226124 -1.371731 -1.216476
219 S 219 -0.387556  0.081067  0.077387 -0.180750 -1.845050  0.226461  0.331011 -1.046060 -0.326839 -1.704337 -1.572753  0.126736 -0.963752 -1.773170 -1.013163  0.298057 -0.163516 -2.206321 -1.266786 -1.397596
220 L 220 -0.789708 -0.985950 -0.983710 -1.242476 -1.619353 -0.885731 -0.965803 -1.514690 -0.729108 -0.693695 -0.614845 -0.850407 -0.420191  0.093457 -1.782541 -0.663369 -0.621004 -1.275113 -0.136061 -0.695068
221 W 221 -1.915465 -2.153370 -2.648398 -2.622556 -1.528202 -1.547948 -2.077775 -1.705017 -1.435073 -1.655384 -1.111478 -2.096928 -0.573049  1.011782 -2.763646 -1.910731 -1.347848  5.441416  1.188061 -1.745570
222 P 222 -0.685178 -0.435011 -0.718880 -0.692627 -2.078562 -0.195424 -0.224830 -1.332322 -0.749851 -1.955134 -1.783965 -0.041473 -1.107620 -2.142211  1.296110 -0.387944 -0.607855 -2.159970 -1.471503 -1.465278
223 T 223 -0.267889 -0.915927  0.200183 -0.293177 -2.117287 -0.582756 -0.435281  1.533895 -0.693563 -2.368227 -2.345864 -0.788781 -1.641931 -1.885696 -1.341294  0.202185 -0.879871 -1.911942 -1.631415 -1.873175
224 L 224 -0.654876 -1.665403 -2.035528 -2.597125 -0.688868 -1.549381 -2.036748 -2.597023 -2.048647  1.260887  1.796148 -1.526025  0.929836 -0.271025 -2.166899 -1.340423 -0.724221 -1.733986 -0.783327  0.847797
225 P 225 -0.671169 -1.244479 -1.171642 -0.751050 -2.021171 -0.601689 -0.618721 -1.509822 -1.238560 -1.975397 -1.936577 -0.648366 -1.241651 -2.645615  3.629252 -0.531526 -0.565639 -2.799675 -1.981939 -1.352529
226 S 226 -0.208231 -0.734993  0.124145 -0.183275 -1.564399 -0.324464 -0.220170 -0.134863 -0.763402 -1.792570 -1.786834 -0.485231 -1.198443 -1.729258 -0.946580  0.456235 -0.268574 -2.080768 -1.417617 -1.448222
227 G 227 -0.745065 -0.430050  0.537631 -0.114352 -1.916682 -0.185377 -0.143476 -0.400999 -0.199302 -2.022248 -1.980032 -0.058281 -1.296705 -1.904859 -0.772483  0.077981 -0.501286 -2.231256 -1.304190 -1.655729
228 I 228 -0.562914 -1.966723 -1.959011 -2.145250 -0.937242 -1.693536 -1.827178 -2.455854 -2.039330  1.599848  0.805865 -1.694186  0.462886 -0.515923 -1.622705 -1.249299 -0.490922 -2.189939 -0.882317  1.481013
229 E 229 -1.215453 -1.152629  0.607240  2.698121 -2.041388  0.152537  0.984371 -0.928018 -0.601572 -2.054398 -2.498273 -0.606059 -1.747429 -2.049336 -1.025334  0.055284 -0.640594 -2.735254 -1.805193 -1.932347
230 A 230  2.125131 -0.890204 -1.162140 -1.125832 -0.455784 -0.726038 -0.649243 -0.213805 -1.480780 -0.924624 -0.994801 -0.789483 -0.865714 -1.641672 -0.873656  0.701892  0.203180 -2.353277 -1.613199 -0.250664
231 A 231  1.676051 -1.146334 -1.411599 -1.522875 -0.500191 -0.970800 -0.986549 -0.596672 -1.536410 -0.415380 -0.637564 -0.997925 -0.556282 -1.228440 -1.111075  0.227284 -0.051143 -2.198440 -1.262094  0.164803
232 Y 232 -0.836357 -1.709011 -1.753254 -1.993609 -1.295126 -1.305175 -1.567901 -2.122473 -0.483648 -0.039676 -0.179295 -1.589264 -0.113581  1.558273 -2.192036 -1.117136 -0.947292 -0.265792  1.760125 -0.135043
233 E 233 -0.469443 -0.404123 -0.342767 -0.185811 -1.926332  0.255798  0.869813 -1.302924 -0.297636 -1.437056 -1.413321 -0.179774 -0.903810 -1.356240 -1.143486 -0.006249  0.017547 -1.628366 -0.825096 -0.963084
234 I 234 -0.648554 -0.415335 -0.400819 -0.867148 -1.425844 -0.508818 -0.632736 -1.464426 -0.725388 -0.792080 -0.937420 -0.545633 -0.546211 -1.017452 -1.534481 -0.352130 -0.369962 -1.593783 -0.638279 -0.696427
235 E 235 -0.612552 -0.725476 -0.546283 -0.846656 -1.454651 -0.389542 -0.543736 -1.055398 -0.539849 -1.542158 -1.392877 -0.504612 -0.901702 -1.428536 -0.432803 -0.310520 -0.563043 -1.393240 -0.815828 -1.242764
236 A 236 -0.525257 -0.499187 -0.152169  0.034400 -1.353289 -0.087787  0.053942 -0.975200 -0.628242 -1.591999 -1.530138 -0.298057 -0.996123 -1.654324 -1.167535  0.106616 -0.403509 -1.888775 -1.298865 -1.379530
237 R 237 -0.703164 -0.135750  0.665996  0.333290 -2.130074 -0.061487  0.134703 -0.227086 -0.393249 -2.145578 -2.085701 -0.092213 -1.422457 -2.085666 -1.254338  0.163662 -0.348952 -2.382328 -1.614869 -1.831443
238 N 238 -0.735734 -0.455542  0.377501  0.338667 -2.240605 -0.146999  0.111816  0.306072 -0.374580 -2.319778 -2.301016 -0.193347 -1.570025 -1.989174 -1.140053 -0.016083 -0.780338 -2.092172 -1.477244 -1.909086
239 Q 239 -0.738799  0.206950 -0.327894 -0.873388 -1.839028  0.080816 -0.035280 -1.576556 -0.465419 -1.461972 -1.159410  0.769888 -0.627627 -1.382658 -1.314717 -0.278981 -0.564723 -1.828516 -0.918290 -1.156107
240 V 240 -0.415407 -1.703760 -1.731337 -2.100904 -0.943425 -1.470627 -1.694698 -2.334673 -1.830378  1.083020  0.598005 -1.549119  0.348797 -0.369092 -1.809496 -0.927480  0.203265 -1.671528 -0.585948  1.128250
241 F 241 -1.255295 -1.766317 -1.922624 -2.412570 -1.293463 -1.419244 -1.864492 -2.449420 -0.077698 -0.065820 -0.104746 -1.772273 -0.164787  1.861443 -2.465309 -1.503387 -1.234788  0.296360  2.444448 -0.277005
242 L 242 -0.975240 -2.028003 -2.210860 -2.439948 -1.292806 -1.962914 -2.152767 -2.365635 -1.263473  0.467538  0.525706 -1.988460  0.307425  2.330817 -2.653055 -1.370334 -1.129385 -0.463715  0.908623 -0.032520
243 F 243 -1.201283 -1.863044 -1.855793 -1.984133 -1.510160 -1.761394 -1.800638 -2.199745 -0.839736 -0.054519 -0.111428 -1.751797 -0.070837  2.685746 -2.503032 -1.173487 -1.133761 -0.168601  1.265940 -0.538781
244 K 244 -0.485486  0.699146 -0.070040 -0.750876 -2.068265  0.405493  0.195539 -0.975879 -0.758292 -2.060500 -1.595538  1.767187 -0.874101 -2.110177 -1.018764  0.173687 -0.568094 -2.256492 -1.479527 -1.517382
245 D 245 -0.355907 -1.253498  0.194845 -0.054381 -2.303379 -1.031678 -0.836169  2.641851 -1.234318 -2.754757 -2.796722 -1.107858 -2.038710 -2.229527 -1.409121  0.054536 -1.130366 -1.979942 -2.140202 -2.178492
246 D 246 -0.756269 -0.269207  0.905227  0.670530 -2.011976  0.044827  0.351762 -0.815748 -0.345534 -1.996265 -2.026134  0.060173 -1.342977 -2.089508 -0.934772  0.427721 -0.107411 -2.589512 -1.618269 -1.737049
247 K 247 -0.917793  0.613797 -0.219262 -0.809609 -2.176652  1.066670  0.378546 -1.710662 -0.152766 -1.831671 -1.337780  0.903101 -0.543071 -1.554383 -1.300888 -0.373504 -0.765992 -1.639202 -0.502034 -1.412209
248 Y 248 -1.167752 -1.833616 -1.860176 -2.325877 -1.256429 -1.333108 -1.780525 -2.320299 -0.105405 -0.001892 -0.230011 -1.690861 -0.180750  1.596439 -2.343538 -1.463489 -1.156623  0.135539  2.540844 -0.035005
249 W 249 -1.967625 -1.989363 -2.540026 -2.796211 -1.605884 -1.343379 -2.049465 -1.880689 -0.935097 -1.697630 -1.203215 -2.032718 -0.634424  0.887279 -2.871098 -1.951544 -1.340731  5.530305  1.822343 -1.713803
250 L 250 -0.215097  0.028236 -1.031415 -1.576287 -1.546150 -0.389361 -0.595157 -1.730108 -1.065836 -0.446318 -0.569981 -0.184804 -0.232162 -1.386335 -1.457466 -0.623845 -0.458392 -2.208981 -1.029624 -0.143039
251 I 251 -1.229298 -1.840968 -1.908570 -2.349899 -1.447805 -1.527616 -1.899809 -2.450060 -0.465363  0.090892  0.090632 -1.738119 -0.032802  2.070225 -2.478616 -1.378881 -1.108226  0.036803  2.195287 -0.205807
252 S 252 -0.726236 -0.112865  0.604551  0.515741 -1.891810  0.114796  0.284322 -0.991586 -0.462769 -1.951885 -1.951873  0.133791 -1.269687 -1.978283 -1.079271  0.337365 -0.052231 -2.439153 -1.457575 -1.675293
253 N 253 -0.411652 -0.808424  0.430034  0.053954 -2.212210 -0.411048 -0.192518  1.001659 -0.737138 -2.416205 -2.408148 -0.570888 -1.670182 -2.209423 -0.972451  0.217863 -0.764606 -2.283892 -1.845000 -1.922702
254 L 254 -0.768039 -0.630025  0.030406 -0.430788 -1.882410 -0.198037 -0.180197 -1.180163 -0.082694 -1.482804 -1.440500 -0.510310 -0.946321 -0.910238 -1.496761 -0.119424 -0.383288 -1.650026 -0.338291 -1.278141
255 R 255 -0.556951  0.184570  0.159423 -0.382449 -1.881232  0.217885  0.119884 -1.265510 -0.607712 -1.571980 -1.439347  0.405279 -0.843065 -1.919415 -1.136341  0.101454  0.125758 -2.273022 -1.389107 -1.163177
256 P 256 -0.488212 -1.244415 -1.600097 -1.885543 -1.220843 -0.970706 -1.320670 -2.208122 -1.678415  0.559350  0.664929 -1.053539  0.626828 -0.861407 -1.410709 -0.980121 -0.480918 -2.022089 -1.044589  0.588640
257 E 257 -0.630715 -0.694871 -0.562577 -0.030171 -1.890407  0.160725  0.438490 -1.633872 -0.881692 -1.017477 -0.975508 -0.308922 -0.580229 -1.580502 -1.209944 -0.312426 -0.511728 -2.177811 -1.230409 -0.741153
258 P 258 -0.411572 -0.558816 -0.469668 -0.503445 -1.927269 -0.147350  0.003753 -0.928414 -0.683329 -1.847679 -1.714920 -0.217115 -1.113765 -1.892498  0.083722 -0.062973 -0.485542 -1.967676 -1.339053 -1.392879
259 N 259 -0.302315 -1.126308  0.114227 -0.335039 -2.098909 -0.975550 -0.885193  2.164020 -1.066883 -2.405433 -2.422644 -1.032085 -1.781827 -2.016782 -1.316534  0.054861 -1.021976 -1.852635 -1.802478 -1.903174
260 Y 260 -1.105545 -1.312795 -1.249086 -1.798100 -1.562199 -0.770664 -1.217355 -1.808920  0.593460 -0.938867 -0.907522 -1.229991 -0.751505  1.295676 -1.892793 -1.009109 -1.165835  0.469902  3.024675 -0.900935
261 P 261 -0.680363 -1.436199 -1.424633 -0.926605 -2.217168 -0.777809 -0.839431 -1.462831 -1.493517 -2.068412 -2.058339 -0.809129 -1.369012 -2.746161  4.107715 -0.666722 -0.713197 -2.919601 -2.114042 -1.402691
262 K 262 -0.701038  1.559748 -0.226549 -1.093699 -2.216492  0.576624  0.180088 -1.420417 -0.554041 -2.037149 -1.453794  1.842131 -0.691284 -2.121725 -1.157251 -0.348120 -0.695195 -2.172465 -1.412928 -1.584392
263 S 263 -0.536045 -0.518835 -0.314694 -0.472706 -1.815238 -0.260378 -0.218483 -1.276231 -0.823397 -1.545217 -1.361817 -0.172664 -0.897465 -1.788238 -0.123237  0.036960 -0.346116 -2.315610 -1.372743 -1.282503
264 I 264 -0.568498 -1.822036 -2.033656 -2.339679 -0.684215 -1.766429 -2.034188 -2.760852 -2.087135  1.737757  1.363311 -1.790404  0.664423 -0.399188 -2.128349 -1.210984 -0.535728 -2.122405 -0.930925  1.268198
265 H 265 -0.314325 -0.170757  0.056816 -0.611021 -1.617631 -0.018177 -0.107815 -1.088423 -0.139780 -1.531631 -1.411204  0.068095 -0.844006 -1.461545 -1.118366  0.518731 -0.002985 -1.948094 -0.884730 -1.268811
266 S 266 -0.532281 -0.276816  0.306374  0.780221 -2.073453  0.406601  1.122024 -1.018809 -0.442680 -1.905387 -1.923359  0.294694 -1.243734 -1.994322 -0.913907  0.353301 -0.258592 -2.331831 -1.505605 -1.487084
267 F 267 -0.824019 -1.250027 -1.323363 -1.608227 -1.240916 -0.995086 -1.186046 -1.878220 -1.056477 -0.017525  0.385063 -1.111625  0.117569  0.266291 -1.799643 -0.915427 -0.662487 -0.746183  0.096342 -0.216730
268 G 268 -0.249603 -1.271832 -0.341299 -0.924522 -1.903409 -1.228371 -1.295078  2.475450 -1.252815 -2.327249 -2.210074 -1.267248 -1.638591 -1.580487 -1.457405 -0.188979 -1.116730 -0.813339 -1.546202 -1.831826
269 F 269 -1.026506 -1.556394 -1.749266 -2.140494 -1.255836 -1.437788 -1.772022 -2.122110 -1.164103  0.101793  0.543900 -1.530803  0.291232  1.144184 -2.071654 -1.156019 -0.934534 -0.206789  0.356375 -0.330154
270 P 270 -0.539252 -1.056289 -0.844876 -0.652701 -1.926490 -0.632418 -0.649031 -0.573836 -1.187313 -1.995725 -1.973236 -0.604372 -1.333289 -2.363064  2.218379 -0.385698 -0.601126 -2.331304 -1.835445 -1.411051
271 N 271 -0.195592 -0.418443 -0.197063 -0.653884 -1.607850 -0.438264 -0.479235  0.261381 -0.873428 -1.783762 -1.636487 -0.318654 -1.104269 -1.852680 -0.918989  0.088910 -0.657709 -2.026644 -1.579231 -1.422111
272 F 272 -0.537864 -1.134112 -0.603287 -0.724691 -1.437875 -0.798645 -0.712054 -1.203774 -1.082417 -0.590907 -0.796042 -0.907666 -0.594987 -1.331763 -0.777807 -0.259935 -0.142828 -2.038106 -1.229293 -0.441919
273 V 273 -0.462997 -1.398374 -1.438649 -1.324246 -1.525749 -0.878283 -0.826130 -1.821059 -1.398388 -0.367450 -0.637908 -0.953238 -0.406002 -1.400350  0.581143 -0.800274 -0.388063 -2.193082 -1.145007  0.045489
274 K 274 -0.545565 -0.321352  0.261928  0.369852 -1.897046  0.166987  0.427104 -0.440736 -0.593427 -2.012478 -1.951234  0.193831 -1.253773 -1.968525 -0.751452  0.272121 -0.354300 -2.195888 -1.533709 -1.588020
275 K 275 -0.711653  0.231209  0.450275 -0.441179 -2.025615  0.077924  0.015604 -0.740070  0.167403 -2.034171 -1.788712  0.600371 -1.122381 -1.885751 -0.591318 -0.011448 -0.528296 -2.153285 -1.131487 -1.653005
276 I 276 -0.514220 -2.119767 -2.215033 -2.309749 -0.609380 -1.872421 -2.012170 -2.699501 -2.230318  2.213513  1.270247 -1.890600  0.719079 -0.355131 -1.887187 -1.425013 -0.538764 -2.155038 -0.826121  1.963162
277 D 277 -1.290323 -1.252405  0.641107  3.395608 -2.175051  0.043520  1.227077 -0.868846 -0.734990 -2.090737 -2.658766 -0.604771 -1.943470 -2.141053 -0.880396  0.065587 -0.483809 -2.833568 -2.047953 -1.981096
278 A 278  2.127685 -0.869530 -1.085896 -1.243198 -0.365728 -0.783051 -0.784733  0.006230 -1.473760 -0.985057 -0.982129 -0.800633 -0.863309 -1.586718 -0.817307  0.735007  0.311291 -2.172462 -1.554892 -0.298885
279 A 279  2.388752 -0.969326 -1.539058 -1.586038 -0.259357 -0.862948 -0.872226 -0.346997 -1.626431 -0.433067 -0.617310 -0.874720 -0.594226 -1.460274 -0.951505  0.439635 -0.004445 -2.299630 -1.453687  0.274723
280 V 280 -0.823562 -1.963272 -2.182299 -2.465061 -1.027643 -1.733554 -2.041610 -2.534653 -1.544665  0.984127  1.008748 -1.814596  0.663189  1.433982 -2.369831 -1.379830 -0.831296 -0.844775  0.518309  0.633251
281 F 281 -0.582657 -1.040190 -0.820896 -1.308342 -1.240132 -0.566917 -0.747203 -1.696850 -0.537707 -0.448449 -0.646512 -0.848239 -0.301913 -0.456770 -1.521364 -0.401521 -0.189371 -1.163072  0.005591 -0.222976
282 N 282 -1.224010 -1.394175 -1.292477 -1.135370 -0.751540 -0.937078 -1.123615 -1.518422 -0.986455 -1.416361 -1.243165 -1.275802 -0.798903 -0.366726 -1.922434 -0.965940 -0.807591  1.466839  0.068784 -1.384943
283 P 283 -0.437187 -0.356208 -0.379247 -0.376849 -1.922343 -0.092394  0.056558 -0.604001 -0.613456 -1.805941 -1.713978 -0.175153 -1.090895 -1.918837 -0.028168 -0.124528 -0.584073 -2.072654 -1.423481 -1.378341
284 R 284 -0.668847 -0.250710  0.030993 -0.077561 -1.994491 -0.028487  0.160073 -0.774101 -0.283706 -1.763026 -1.676105 -0.059275 -1.080740 -1.763930 -0.670603 -0.121065 -0.622752 -2.129884 -1.225362 -1.454692
285 F 285 -0.684028 -0.457313  1.044465  0.028178 -1.598665 -0.238718 -0.150547 -0.658286 -0.360832 -1.526944 -1.521220 -0.203858 -1.035823 -1.634155 -1.021753  0.307327  0.044961 -2.189816 -1.260182 -1.311846
286 Y 286 -0.376889 -0.435169  0.273508 -0.328659 -2.200019 -0.226606 -0.281307  1.470807 -0.577491 -2.510046 -2.358608 -0.319170 -1.570021 -2.084794 -1.293594  0.083523 -1.002361 -1.867269 -1.626212 -1.966144
287 R 287 -0.648711  0.829285 -0.132418 -0.867711 -1.881340  0.311201  0.194799 -1.486429 -0.392173 -1.815187 -1.392579  1.633656 -0.773035 -1.818196 -1.087153 -0.062843 -0.539983 -2.107060 -1.111741 -1.390051
288 T 288 -0.159079 -1.493998 -1.282011 -1.731671 -0.846185 -1.278722 -1.413296 -2.093252 -1.825234  0.680740  0.267882 -1.316401  0.097558 -0.794212 -1.431853 -0.412618  1.258710 -1.798595 -0.943800  0.985822
289 Y 289 -1.399129 -1.614666 -1.660381 -2.323868 -1.519985 -1.041053 -1.619684 -2.440493  0.822145 -0.362605 -0.302432 -1.605067 -0.418943  1.860264 -2.383391 -1.512242 -1.398387  0.633893  3.725791 -0.496400
290 F 290 -0.977257 -2.107015 -2.300947 -2.471860 -1.093091 -2.037423 -2.231692 -2.500198 -1.485708  0.734010  0.818243 -2.055097  0.423177  2.286843 -2.676289 -1.435259 -1.135587 -0.539083  0.806199  0.150265
291 F 291 -1.407629 -2.232553 -2.269373 -2.338548 -1.490316 -2.180419 -2.237359 -2.439177 -0.984257  0.229300  0.147076 -2.221478  0.094625  3.687214 -2.927537 -1.487040 -1.298786  0.348689  1.819100 -0.434862
292 V 292 -0.205412  0.365046 -0.280156 -0.962590 -1.685102  0.170544  0.003459 -1.317699 -0.864752 -1.358554 -1.171532  1.316642 -0.573559 -1.822527 -1.091609  0.257955 -0.230075 -2.291815 -1.326094 -0.846228
293 D 293 -0.325852 -1.064561  0.305820  0.031572 -2.357457 -0.877467 -0.624526  2.680779 -1.148603 -2.829559 -2.848800 -0.919094 -2.071506 -2.315488 -1.411807  0.060012 -1.229556 -2.006211 -2.160835 -2.232354
294 N 294 -0.669671 -0.419327  0.875091  0.956057 -2.022889  0.154135  0.484840 -0.401929 -0.393209 -2.122418 -2.199802 -0.121541 -1.448461 -2.145055 -0.943396  0.511807 -0.301833 -2.557134 -1.716153 -1.856045
295 Q 295 -0.879424  0.390887 -0.226805 -0.792176 -2.055694  0.683795  0.174088 -1.511115 -0.326801 -1.637579 -1.176055  0.573124 -0.452886 -1.496096 -1.373170 -0.388493 -0.749482 -1.654314 -0.751763 -1.320370
296 Y 296 -1.298977 -1.729443 -1.805739 -2.345203 -1.215820 -1.208281 -1.764183 -2.406082  0.282335 -0.200124 -0.297032 -1.676358 -0.305872  1.939883 -2.407153 -1.490048 -1.304981  0.521755  3.280332 -0.314197
297 W 297 -1.713461 -1.929310 -2.443352 -2.723275 -1.472288 -1.292950 -1.988525 -1.884502 -0.809382 -1.393885 -0.963052 -1.927017 -0.516449  0.963267 -2.664633 -1.801300 -1.313343  4.695661  1.996121 -1.412781
298 R 298 -0.554857  1.657262 -0.363821 -1.202387 -1.902270  0.399795 -0.091202 -1.537332 -0.437191 -1.626982 -1.246210  0.713231 -0.607207 -1.797547 -1.458161 -0.423073 -0.543415 -2.003037 -1.207743 -1.458339
299 Y 299 -1.296329 -1.846334 -1.960881 -2.390533 -1.406089 -1.429023 -1.874547 -2.349362 -0.205211 -0.065414  0.005198 -1.773855 -0.123649  2.133702 -2.483423 -1.483440 -1.279604  0.686229  2.660860 -0.334313
300 D 300 -1.053645 -0.882794  1.316379  2.325697 -2.068771  0.002067  0.776368 -0.528247 -0.323727 -2.128346 -2.480301 -0.416778 -1.757481 -2.099777 -1.000490  0.438414 -0.322360 -2.754805 -1.810627 -2.019007
301 E 301 -0.652298 -0.765172 -0.566164 -0.027608 -2.007880 -0.023821  0.740401 -1.505484 -0.879910 -1.119140 -1.155496 -0.282064 -0.799766 -1.571562 -0.636123 -0.357193 -0.456817 -2.093830 -1.300478 -0.744204
302 R 302 -0.421380 -0.073014 -0.095583 -0.384614 -1.724998  0.108521  0.172261 -1.068264 -0.431522 -1.496065 -1.353975  0.245627 -0.828942 -1.591106 -1.136869  0.023794 -0.392514 -1.995799 -1.046273 -1.156695
303 R 303 -0.139530  0.073950 -0.015088 -0.695085 -1.489976 -0.076641 -0.239122 -0.947778 -0.815373 -1.400144 -1.179255  0.109970 -0.718045 -1.709622 -1.107437  0.295587  0.480861 -2.023078 -1.394813 -1.002209
304 Q 304 -0.711505  0.450014  0.274804 -0.377418 -2.079557  0.551559  0.181442 -0.549846 -0.322982 -2.016023 -1.664296  0.432067 -0.890336 -1.912961 -1.123384 -0.129930 -0.698378 -1.899055 -1.254050 -1.654631
305 M 305 -0.235135  0.220566 -0.353305 -0.958488 -1.510505  0.001280 -0.289872 -1.123366 -0.787312 -1.265842 -1.071280  0.151771 -0.588446 -1.592806 -0.815804  0.029738  0.046369 -1.937326 -1.210593 -0.915854
306 M 306 -0.407421 -1.314204 -1.567193 -1.845747 -0.908728 -0.860483 -1.324751 -1.985417 -1.680631  0.879259  0.650947 -1.075413  1.068634 -0.611951 -1.378778 -0.978034 -0.362937 -1.585302 -0.830164  1.072646
307 D 307 -0.893469 -0.799781  0.036766  1.588718 -1.970440  0.033260  0.979983 -1.105126 -0.433443 -1.615614 -1.881399 -0.274942 -1.347902 -1.604871 -1.001462 -0.163844 -0.674642 -2.269293 -1.366527 -1.424341
308 P 308 -0.327282 -0.460654 -0.355838 -0.421854 -1.766959 -0.151722 -0.053445 -0.954742 -0.871698 -1.723111 -1.564953 -0.015736 -1.014380 -1.999320  0.718573  0.120592 -0.336234 -2.259531 -1.558547 -1.309906
309 G 309 -0.421891 -0.810782 -0.128866 -0.440787 -1.886122 -0.744797 -0.703646  1.166870 -0.832804 -2.035630 -2.024506 -0.738701 -1.420066 -1.583789 -1.128848 -0.085911 -0.846788 -1.458527 -1.332854 -1.639747
310 Y 310 -1.080269 -1.210510 -1.147187 -1.744402 -1.380989 -0.744276 -1.203639 -1.720724  0.674634 -0.769299 -0.740458 -1.151813 -0.617993  1.415076 -1.927136 -0.926673 -1.034609  0.537980  2.959090 -0.786334
311 P 311 -0.654960 -1.297243 -1.275266 -0.719609 -2.021364 -0.627807 -0.584400 -1.395790 -1.214885 -1.914555 -1.914776 -0.673404 -1.269318 -2.516039  3.935550 -0.637821 -0.683723 -2.631232 -1.869065 -1.282512
312 K 312 -0.543591  1.538745 -0.163554 -1.030804 -1.936775  0.501655  0.103681 -1.146002 -0.509564 -1.835575 -1.271833  1.542213 -0.631709 -1.859900 -1.125829 -0.286269 -0.599678 -1.949461 -1.278534 -1.476137
313 L 313 -0.411794 -0.447281 -0.426978 -0.516300 -1.630272 -0.123742 -0.178339 -1.260124 -0.927452 -1.355378 -1.075621 -0.072518 -0.672274 -1.678780  0.008035  0.021457 -0.338295 -2.173964 -1.386486 -1.101135
314 I 314 -0.529395 -1.804594 -1.864917 -2.092152 -0.749305 -1.672786 -1.856005 -2.553735 -2.011629  2.021613  1.272966 -1.713084  0.815888 -0.239030 -1.903102 -1.132147 -0.305067 -1.932573 -0.802205  1.645284
315 T 315  0.304999 -0.283500 -0.059763 -0.364457 -1.261542 -0.066589 -0.000069 -0.754655 -0.844356 -1.322507 -1.293222 -0.065507 -0.814130 -1.668016 -0.946264  0.748127  0.329342 -2.104585 -1.416009 -0.948299
316 K 316 -0.529194  0.021500  0.244139  0.408107 -1.805033  0.332420  0.645351 -0.930896 -0.408778 -1.660955 -1.600816  0.303042 -0.994899 -1.802613 -0.797051  0.157481 -0.233457 -2.106793 -1.363557 -1.328620
317 N 317 -0.578774 -0.977497 -0.604084 -0.628626 -1.388693 -0.545490 -0.520691 -1.208007 -0.693469 -0.623158 -0.650252 -0.766731 -0.400786 -0.742991 -1.293281 -0.409367 -0.416232 -1.473910 -0.526547 -0.491613
318 F 318 -1.801315 -2.144114 -2.537689 -2.574365 -1.489654 -1.740669 -2.155280 -1.785721 -1.139764 -1.198805 -0.788693 -2.138694 -0.404928  2.163069 -2.808564 -1.808982 -1.422220  4.395456  1.666815 -1.495241
319 Q 319 -0.436317 -0.242786 -0.557472 -0.741707 -1.858848 -0.178550 -0.246094 -0.945674 -0.891579 -1.735914 -1.517753  0.048258 -0.920005 -2.037761  0.705162 -0.194072 -0.437539 -2.193871 -1.556924 -1.273099
320 G 320 -0.156720 -1.124946  0.094804 -0.506554 -2.035686 -0.986792 -0.887061  2.520763 -1.066825 -2.433731 -2.430799 -1.049276 -1.787037 -2.042797 -1.323941  0.033954 -1.116622 -1.728907 -1.882340 -1.870848
321 I 321 -0.370686 -1.872578 -2.049996 -2.254785 -0.543198 -1.583155 -1.828088 -2.373648 -2.017866  1.557919  1.046354 -1.630805  0.665584 -0.371833 -1.751643 -1.247569 -0.489551 -1.854017 -0.741695  1.482608
322 G 322 -0.619255 -1.155169 -0.840965 -0.591954 -2.086466 -0.632676 -0.596353 -0.639417 -1.166157 -2.054103 -2.035801 -0.661726 -1.373492 -2.383005  2.483276 -0.435767 -0.660067 -2.464453 -1.870373 -1.459847
323 P 323 -0.520940 -0.687925  0.463393  0.179437 -1.743331 -0.191210  0.061463 -0.459560 -0.576360 -1.732433 -1.740677 -0.268964 -1.181900 -1.800859 -0.500008  0.368780 -0.207665 -2.197472 -1.424550 -1.428366
324 K 324 -0.695457  0.125657  0.719931  0.056174 -1.808870  0.192918  0.311862 -0.779137 -0.120351 -1.959498 -1.816254  0.558822 -1.138542 -1.978383 -0.846097  0.155308 -0.409689 -2.276997 -1.354525 -1.603307
325 I 325 -0.377463 -1.923313 -1.995819 -2.069400 -0.881260 -1.546752 -1.670903 -2.398936 -2.053744  1.700934  0.873943 -1.580636  0.575515 -0.600580 -1.203814 -1.219436 -0.284204 -2.110660 -0.888423  1.738466
326 D 326 -1.145510 -1.068714  0.674025  3.023610 -2.017114  0.076502  1.069173 -0.801636 -0.428853 -2.025808 -2.517100 -0.489826 -1.807728 -2.012137 -0.828919  0.204124 -0.447026 -2.662373 -1.822520 -1.938698
327 A 327  1.848560 -0.892065 -0.871510 -0.767588 -0.556734 -0.687519 -0.575478  0.301534 -1.325950 -1.158011 -1.209546 -0.743500 -0.992896 -1.590873 -0.864324  0.741659 -0.093529 -2.125883 -1.569700 -0.571004
328 V 328  1.822552 -1.202571 -1.623560 -1.666981 -0.311223 -1.001896 -1.012013 -0.670047 -1.681581  0.133815 -0.264042 -1.004553 -0.290780 -1.177120 -1.038303  0.049752 -0.035910 -2.149792 -1.234162  0.764014
329 F 329 -1.023033 -1.719793 -1.925875 -2.223917 -1.154014 -1.601330 -1.913462 -2.278862 -1.060552  0.461812  0.608420 -1.708818  0.491371  2.071032 -2.338180 -1.257159 -0.898391 -0.200776  1.081474  0.020777
330 Y 330 -0.338039 -0.319207 -0.543404 -0.824243 -1.036777  0.359738 -0.110059 -1.415409 -0.651680 -0.978725 -0.854138 -0.196987 -0.325141 -1.285725 -1.012640 -0.006227 -0.161897 -1.577589 -0.718822 -0.651121
331 S 331 -0.919597 -1.006687 -0.702908 -0.877820 -1.395187 -0.552008 -0.704548 -1.002325 -0.112967 -1.380630 -1.215570 -0.916969 -0.800135 -0.222364 -1.615258 -0.473671 -0.700709  0.623741  0.539996 -1.312655
332 K 332 -0.319371 -0.111242 -0.137319 -0.558232 -1.518463 -0.009958 -0.077468 -0.892451 -0.711459 -1.306514 -1.107093  0.257301 -0.687742 -1.504878 -0.616828  0.080858 -0.182331 -1.869125 -1.173464 -0.982841
333 N 333 -0.939737 -0.490091  1.265515  1.380989 -1.894395  0.101440  0.633434 -0.460124  0.026960 -1.860795 -2.029593 -0.222132 -1.410054 -1.731291 -0.949260  0.232440 -0.381704 -2.218442 -1.285280 -1.713039
334 K 334 -0.185610 -0.882050  0.116189 -0.422312 -1.956706 -0.758983 -0.663709  2.341046 -0.955195 -2.332785 -2.291066 -0.755406 -1.639707 -1.806783 -1.202070  0.068331 -1.031197 -1.530199 -1.672623 -1.788347
335 Y 335 -0.667301 -0.184076 -0.266430 -0.845171 -1.593581 -0.199608 -0.310682 -1.240925  0.126009 -1.294299 -1.139599  0.100888 -0.706575 -0.439497 -1.345090 -0.204464 -0.644061 -1.221483  0.159300 -1.145680
336 Y 336 -0.213743 -1.301778 -1.191664 -1.638285 -0.799596 -1.107605 -1.315992 -1.852439 -1.335817  0.397995  0.232639 -1.188345  0.075687 -0.250761 -1.508020 -0.388963  0.586177 -1.321157 -0.315662  0.503201
337 Y 337 -1.314987 -1.387950 -1.357295 -2.010258 -1.384330 -0.837405 -1.396844 -2.079032  1.044441 -0.517141 -0.558029 -1.375369 -0.535214  1.815992 -2.088783 -1.331971 -1.285764  0.873954  3.846396 -0.571477
338 F 338 -1.008913 -1.924777 -2.066125 -2.206281 -0.991797 -1.877625 -2.035579 -2.183260 -1.083692  0.376571  0.492643 -1.897699  0.292842  2.711059 -2.503098 -1.301059 -1.121268 -0.075168  1.152880 -0.173995
339 F 339 -1.178175 -2.007099 -2.037402 -2.140050 -1.041499 -1.925453 -2.041783 -2.197436 -0.893167  0.299215  0.235882 -1.972556  0.119759  3.047513 -2.578729 -1.322066 -1.188796  0.165053  1.591211 -0.273391
340 Q 340 -0.460156  0.826240  0.089492 -0.639560 -1.761565  0.551819  0.298151 -1.167516 -0.178764 -1.721311 -1.323375  1.535713 -0.666670 -1.757933 -0.952967  0.196985 -0.489039 -1.982550 -1.087984 -1.339457
341 G 341 -0.282599 -1.097543  0.208333  0.133359 -2.083177 -0.859850 -0.636759  2.667407 -1.101072 -2.566106 -2.628380 -0.950652 -1.925876 -2.075730 -1.236257  0.052421 -1.120926 -1.725184 -1.963300 -2.014721
342 S 342 -0.538299 -0.241219  0.574322  0.341307 -1.702988 -0.004273  0.141062 -0.583065 -0.400165 -1.778677 -1.725399  0.095404 -1.124611 -1.838614 -0.523683  0.380649 -0.154976 -2.176374 -1.441729 -1.515504
343 N 343 -0.696140  0.186991  0.054093 -0.336040 -1.837233  0.654515  0.375532 -1.185457  0.031810 -1.559021 -1.269021  0.387164 -0.633891 -1.333774 -1.132634 -0.115415 -0.564776 -1.660383 -0.654161 -1.266451
344 Q 344 -1.067444 -1.307392 -1.405317 -1.845593 -1.300372 -0.527628 -1.193386 -2.007143  0.334562 -0.382218 -0.417736 -1.230659 -0.252762  1.377585 -1.932199 -1.149973 -1.076748  0.356465  2.749224 -0.346874
345 F 345 -1.475559 -1.682925 -1.975561 -2.292965 -1.308560 -1.138555 -1.705920 -1.782763 -0.356782 -0.968282 -0.652238 -1.675293 -0.416622  1.303996 -2.345047 -1.504921 -1.176860  3.217787  2.193384 -1.067145
346 E 346 -0.590846  1.106020 -0.215828 -0.727001 -1.732452  0.420851  0.390442 -1.437079 -0.398613 -1.458050 -1.164756  1.031645 -0.633562 -1.719864 -1.113036 -0.355441 -0.548943 -1.976093 -1.167154 -1.161371
347 Y 347 -1.044229 -1.701827 -1.771420 -2.054064 -1.174225 -1.367234 -1.673400 -2.094189 -0.445934  0.257339  0.189860 -1.607639  0.119797  2.054399 -2.177624 -1.291748 -1.047825  0.139127  1.973480  0.001712
348 D 348 -0.858090 -0.651674  1.247117  1.590338 -1.746018  0.011855  0.570568 -0.539181 -0.234397 -1.745936 -1.961596 -0.213327 -1.366999 -1.800817 -0.824384  0.452771 -0.198421 -2.372552 -1.505821 -1.638930
349 F 349 -0.540312 -0.870617 -0.147387  0.081131 -1.451596 -0.312038 -0.114517 -0.926410 -0.716890 -1.012287 -1.113273 -0.528243 -0.718250 -1.256537 -0.293007 -0.102545 -0.361967 -1.866856 -1.086998 -0.833995
350 L 350 -0.360693 -0.027127  0.029384 -0.428473 -1.505799  0.053458 -0.007138 -0.764654 -0.562170 -1.225440 -1.123263  0.091636 -0.639048 -1.419292 -0.975585 -0.006114 -0.309621 -1.704684 -1.085752 -0.950805
351 L 351 -0.124877 -0.014475 -0.063344 -0.567003 -1.255967  0.024147 -0.129565 -0.894639 -0.540076 -1.171501 -1.016191  0.144502 -0.596159 -1.278581 -0.924960  0.277830  0.172366 -1.606426 -0.928122 -0.867202
352 Q 352 -0.629316 -0.224869 -0.534577 -1.018142 -1.428812 -0.092425 -0.408201 -1.209522 -0.660082 -0.719720 -0.335535 -0.009849  0.005497 -0.826489 -1.280573 -0.491238 -0.629887 -1.367486 -0.663505 -0.597213
353 R 353 -0.426751  0.742333 -0.031351 -0.502118 -1.555694  0.435918  0.293241 -1.071929 -0.376669 -1.371515 -1.124993  0.702635 -0.580540 -1.561071 -0.800422 -0.065452 -0.209914 -1.729180 -1.065627 -1.054684
354 I 354  0.027435 -1.393328 -1.401895 -1.441102 -0.677743 -0.954801 -1.032253 -1.610231 -1.542763  1.011903  0.364535 -1.016900  0.330541 -0.687684 -1.146519 -0.707729 -0.003779 -1.705791 -0.769617  1.320439
355 T 355 -0.332671 -0.604856 -0.352275  0.036765 -1.344273 -0.137081  0.261968 -1.153968 -0.717795 -0.773966 -0.853991 -0.379378 -0.616266 -1.270730 -0.806159 -0.143738 -0.006700 -1.765451 -1.082408 -0.508663
356 K 356 -0.324935  0.037657 -0.284016 -0.433259 -1.588711  0.142677  0.166258 -0.890089 -0.435357 -1.507298 -1.348764  0.287393 -0.814869 -1.682256  0.182417 -0.038011 -0.365698 -1.830630 -1.157322 -1.108864
357 T 357 -0.115854 -0.847511 -0.400764 -0.713042 -1.292456 -0.747269 -0.741790  0.709573 -1.049293 -1.201386 -1.283885 -0.695068 -0.907819 -1.304978 -0.991858 -0.100347 -0.559186 -1.363323 -1.230624 -0.841106
358 L 358 -0.783031 -0.980845 -0.899965 -1.330704 -1.095065 -0.498285 -0.949781 -1.409715  0.000634 -0.516029 -0.315402 -0.911928 -0.252788  0.468275 -1.392474 -0.678283 -0.734561 -0.164125  1.478086 -0.529799
359 K 359 -0.543757 -0.534416 -0.850064 -0.728202 -1.607120 -0.370466 -0.422454 -1.261212 -1.021642 -1.313723 -1.293099 -0.018462 -0.814534 -1.900390  1.935630 -0.463607 -0.461704 -2.115853 -1.449844 -0.867034
360 S 360 -0.091244  0.597138 -0.161469 -0.790629 -1.218813  0.181133 -0.092273 -0.847419 -0.561859 -1.237923 -0.952917  0.688173 -0.502941 -1.342993 -0.889202  0.208560 -0.093959 -1.398656 -0.978597 -0.971680
361 N 361 -0.370162 -0.405174  0.730355 -0.000826 -1.263858 -0.056401 -0.052690 -0.484702 -0.170276 -1.318317 -1.319163 -0.111251 -0.828582 -1.290784 -0.269113  0.551906 -0.059563 -1.701660 -0.833480 -1.143233
362 S 362 -0.367206 -0.560338  0.051353  0.377124 -1.073074 -0.122731  0.059579 -0.492368 -0.415392 -1.115554 -1.189949 -0.255829 -0.802878 -0.887242 -0.772814  0.318592 -0.074347 -1.031818 -0.605986 -0.982671
363 W 363 -1.259960 -1.439010 -1.835962 -1.902284 -0.937193 -1.093374 -1.495702 -1.250782 -0.985192 -0.826609 -0.401752 -1.433549 -0.191546  0.850933 -1.927816 -1.336637 -0.928440  3.575269  0.863280 -0.982453
364 F 364 -0.600501 -0.968092 -1.258887 -1.591634 -0.629735 -0.831453 -1.266384 -1.605541 -0.951845  0.517619  0.962906 -0.963185  0.941432  0.803574 -1.424217 -0.793978 -0.595407 -0.412534  0.163904  0.198332
365 G 365 -0.340246 -0.354441  0.362254 -0.215318 -1.270915 -0.277491 -0.351538  0.773081 -0.288643 -1.389581 -1.339658 -0.293266 -0.894562 -1.205477 -0.756878  0.016530 -0.545615 -1.135535 -0.945554 -1.123903
366 C 366  0.000000 -1.324675 -1.324675 -1.324675  3.974024 -1.324675 -1.766233 -1.324675 -1.324675 -0.441558 -0.441558 -1.324675 -0.441558 -0.883116 -1.324675 -0.441558 -0.441558 -0.883116 -0.883116 -0.441558
