   59         A         R         N         D         C         Q         E         G         H         I         L         K         M         F         P         S         T         W         Y         V    
  1 A   1  0.318951 -0.610866 -0.159475 -0.425040 -0.796693 -0.610866 -0.610866  1.593386 -0.690604 -1.141995 -1.141995 -0.610866 -0.876431 -0.956168 -0.610866  0.079738 -0.531129 -0.770342 -0.956168 -0.796693
  2 P   2 -0.524735 -0.141636 -0.656939 -0.540139 -1.554640 -0.030709  0.142510 -1.269244 -0.698990 -1.034672 -0.915042  0.039729 -0.551507 -1.479556  0.494573 -0.447258 -0.503668 -1.750535 -1.122877 -0.743476
  3 W   3 -0.652636  0.352357 -0.460895 -1.093225 -1.210320  0.345387 -0.269303 -1.562263 -0.351676 -1.507595 -1.147284  0.234114 -0.570641 -1.174114 -1.308040 -0.248849  0.010887 -1.000157 -0.389381 -1.164945
  4 A   4  1.169282 -1.799746 -2.144264 -2.234495  0.852756 -1.450933 -1.684286 -1.511918 -1.831381  0.218499 -0.327066 -1.530833 -0.313192 -1.012520 -1.629458 -0.545134 -0.322920 -1.943269 -0.712256  0.836848
  5 T   5 -0.669682  0.784154 -0.989928 -1.795133 -1.999993 -0.199653 -0.543731 -2.363865 -1.322712 -0.534495 -0.634918  0.526219 -0.228809 -1.901932 -1.729951 -0.860614 -0.224442 -2.667873 -1.516619 -0.216729
  6 A   6  3.255446 -1.160623 -1.922268 -1.956938  0.017651 -1.083442 -1.101019 -0.271195 -1.991608 -0.651865 -0.816028 -1.083442 -0.809037 -1.816860 -1.090321  0.676762  0.033230 -2.802876 -1.828640  0.249534
  7 E   7 -0.827538 -1.456410 -2.330009 -3.022812 -1.144966 -1.262754 -2.044718 -3.319391 -2.380576  1.328015  2.442505 -1.366815  1.543751 -0.440481 -2.442550 -1.498884 -0.847525 -2.016117 -1.045982  0.789348
  8 Y   8 -1.805993 -1.892852 -1.848838 -2.724974 -1.809819 -1.122040 -1.902229 -2.722620  1.730944 -0.923038 -0.921070 -1.937555 -0.860837  2.707831 -2.852716 -1.804158 -1.840845  1.460822  5.598191 -1.002282
  9 D   9 -1.281666 -1.475180  0.635921  3.594416 -2.642189  0.107250  1.394666 -1.004598 -0.927593 -2.687288 -3.260956 -0.623124 -2.327526 -2.805603 -0.360387  0.298110 -0.615762 -3.531990 -2.548062 -2.454366
 10 Y  10 -1.958866 -2.238582 -2.217700 -2.908137 -1.942403 -1.588760 -2.251645 -2.861440  0.884916 -0.725472 -0.669113 -2.242270 -0.651236  3.620225 -3.223200 -1.937996 -1.908469  1.792108  5.254318 -1.032728
 11 D  11 -0.658424 -0.426108 -0.067827  0.470029 -2.485801  0.740540  1.345730 -1.694729 -0.727469 -1.889944 -1.955942  0.122933 -1.165373 -2.393694 -1.042051  0.107632 -0.015091 -2.757877 -1.745677 -1.248225
 12 A  12  2.353636 -0.901533 -1.414860 -1.566429 -0.962860 -0.815323 -0.868714  0.194794 -1.804737 -1.733049 -1.653482 -0.617726 -1.283799 -2.383165 -0.234449  0.732868 -0.313256 -2.960199 -2.175295 -0.823278
 13 A  13  0.067583 -0.025083 -0.079581 -0.021725 -2.134153  1.019230  0.908782 -1.240236 -0.696906 -2.162905 -1.959980  0.155648 -1.089052 -2.485958 -1.151736  0.428701 -0.055869 -2.714417 -1.729065 -1.463895
 14 E  14 -0.875777 -0.309331  0.985838  1.343914 -2.731972  0.720215  1.593627 -1.025664 -0.488490 -2.599989 -2.607125  0.255225 -1.679740 -2.722127 -1.273708  0.392812 -0.387894 -3.106337 -2.094666 -2.086623
 15 D  15 -0.714767 -1.013420  0.072714  1.747253 -2.594634  0.283722  1.407339 -1.305103 -0.766135 -2.429702 -2.707032 -0.268629 -1.854969 -2.724822 -0.237958  0.282603 -0.479656 -3.288980 -2.217767 -1.924100
 16 N  16 -1.417788 -1.307982  1.538091  2.964949 -2.892286 -0.155800  0.959858  0.112432 -0.748629 -2.962824 -3.419833 -0.751479 -2.470698 -2.845468 -1.357582  0.254137 -0.660656 -3.391615 -2.563572 -2.676579
 17 E  17 -1.135936 -0.295889  0.204102  2.375681 -3.664936  1.669924  4.069066 -1.784267  0.115907 -2.949831 -3.067496  0.576177 -2.039361 -2.879139 -1.028368  0.030456 -0.992626 -3.053808 -1.950961 -2.170380
 18 L  18 -0.923507 -2.192516 -2.978975 -3.765433 -0.943127 -2.102990 -2.914329 -3.902482 -2.978975  2.307052  3.446072 -2.122243  1.832368 -0.081530 -2.908701 -1.973937 -0.929135 -2.186888 -1.005037  1.473071
 19 T  19  0.400497 -1.009006  0.708830 -0.105892 -1.472488 -0.282135 -0.120452 -0.112826 -1.091765 -2.066790 -2.084631 -0.372481 -1.295523 -2.228848 -0.986205  2.342607  1.050166 -2.825663 -2.070488 -1.714766
 20 F  20 -1.719964 -2.788377 -2.991758 -3.195138 -1.665398 -2.778357 -2.994664 -3.250595 -1.530631  0.626314  0.908590 -2.784826  0.478719  4.366915 -3.718770 -1.985891 -1.726421  0.140334  1.916388 -0.353066
 21 V  21 -0.715480  0.562459  0.143222 -0.450631 -2.281181  0.574107  0.388623 -1.646987 -0.488422 -2.185380 -1.908464  0.979563 -1.009720 -2.481706 -1.214363  0.078809 -0.348340 -2.861907 -1.694822 -1.667732
 22 E  22 -0.374895  0.133428 -0.489539 -0.022089 -2.728754  0.639966  1.471411 -1.706249 -0.907235 -2.439943 -2.250344  1.142316 -1.409417 -2.854665 -0.088661 -0.005671 -0.656207 -3.116539 -2.073120 -1.605534
 23 N  23 -0.320914 -1.743396  0.529764 -0.244931 -2.970622 -1.529991 -1.362937  4.619398 -1.551622 -3.770481 -3.837947 -1.650779 -2.836665 -2.963616 -1.880045  0.112487 -1.690268 -2.338584 -2.830928 -2.947073
 24 D  24 -1.349617 -1.308798  0.613236  4.098075 -2.935375  0.650861  2.288339 -1.155767 -0.783804 -2.861275 -3.428216 -0.463940 -2.415043 -2.918669 -1.033828  0.113685 -0.891853 -3.563558 -2.573547 -2.535253
 25 K  25 -0.707381 -1.946002 -2.323516 -2.691104 -1.272138 -1.816183 -2.028146 -3.279520 -2.311620  1.987485  1.132904 -1.739548  0.675535 -0.625979 -2.412602 -1.532459 -0.397662 -2.575837 -0.888916  1.836510
 26 I  26 -0.893771 -2.919995 -2.985244 -3.059469 -1.021734 -2.777277 -2.857282 -3.844524 -2.923826  3.639849  1.938533 -2.792032  1.051880 -0.024488 -2.879015 -1.994220 -0.893771 -2.833060 -0.877163  2.910529
 27 I  27 -0.552668 -0.964577 -0.764663 -1.300610 -1.713913 -0.478182 -0.551294 -2.274442 -1.308151 -0.522721 -0.579151 -0.659581 -0.312919 -1.404754 -1.693447 -0.293233  0.762830 -2.241455 -1.060308 -0.076025
 28 N  28 -0.726192 -2.148412 -1.289940 -1.797130 -1.587106 -1.497545 -1.409509 -2.532673 -1.914466  1.349024  0.297859 -1.630552  0.220746 -1.203778 -2.158238 -1.296887 -0.437558 -2.991651 -1.223714  1.587193
 29 I  29 -0.719499 -1.957564 -2.295695 -2.755692 -1.060364 -1.898278 -2.251573 -3.295265 -2.432292  1.736139  1.555083 -1.859485  0.782860 -0.538692 -2.462648 -1.417024 -0.209358 -2.413204 -1.059714  1.397179
 30 E  30 -0.939452  0.105924  0.462027  1.056618 -3.079088  1.319124  2.284757 -1.512007 -0.328676 -2.702520 -2.535094  0.915630 -1.485398 -2.696552 -1.159314  0.265034 -0.648668 -2.921697 -1.859053 -2.041286
 31 F  31 -0.876163  0.609341 -0.355511 -0.824850 -2.519671  1.037928  0.478046 -1.917561 -0.657242 -2.162427 -1.631872  1.403904 -0.505599 -1.926583 -1.282777 -0.137514 -0.820949 -2.284262 -1.170159 -1.611834
 32 V  32 -0.530008 -1.544721 -0.897106 -0.921853 -1.528215 -0.728630 -0.740864 -2.083188 -1.660399  0.133136 -0.516937 -1.104003 -0.249856 -1.572426 -1.567893 -0.414256 -0.156506 -2.824987 -1.496465  0.355768
 33 D  33 -1.484291 -1.401630  0.889064  3.817951 -2.894179  0.261592  1.865037 -1.057702 -0.641755 -2.772935 -3.359758 -0.571504 -2.431084 -2.703326 -0.858811  0.167029 -0.818866 -3.458175 -2.320396 -2.549240
 34 D  34 -0.608570 -0.928804  0.110722  1.374774 -2.801421  0.224303  1.454454 -0.450461 -0.929474 -2.755340 -2.904160 -0.180324 -1.991814 -2.837206 -0.380217  0.349148 -0.695472 -3.109623 -2.366493 -2.126016
 35 D  35 -0.907949 -1.454172  0.966494  1.574141 -2.932797 -0.659860  0.159749  1.940353 -0.972897 -3.290567 -3.568142 -1.063363 -2.569892 -2.864796 -1.552028  0.180377 -1.230708 -2.910317 -2.616216 -2.767275
 36 W  36 -2.928628 -2.976440 -3.947055 -3.958865 -1.841795 -1.999368 -2.995301 -2.028342 -1.976127 -2.910397 -1.939782 -2.976440 -0.958461  1.001344 -3.960800 -2.942136 -1.976875 10.605710  1.965219 -2.917685
 37 W  37 -2.375246 -2.608842 -3.431227 -3.665339 -1.653614 -1.756893 -2.750664 -2.248587 -1.594418 -2.025774 -1.192119 -2.614023 -0.387064  1.096866 -3.562604 -2.499148 -1.762580  7.474326  1.982336 -2.079662
 38 L  38 -0.820403  0.302038 -0.599848 -0.968192 -2.391314  0.365625  0.395547 -2.087531 -0.650998 -1.695397 -1.306396  0.574300 -0.669274 -1.606291 -1.655901 -0.345644 -0.395341 -2.189622 -0.942557 -1.272946
 39 G  39  0.168964 -1.941742 -0.102842 -1.043412 -2.827832 -1.935622 -1.935622  5.625065 -1.983983 -3.786164 -3.798404 -1.935622 -2.857833 -2.912314 -1.935622  0.030001 -1.881142 -2.026224 -2.912314 -2.797233
 40 E  40 -0.552195  0.359360 -0.177087 -0.233975 -2.305740  0.570303  1.181241 -1.780873 -0.695371 -1.824301 -1.655994  0.489140 -0.929570 -2.173116 -1.281052  0.186816  0.223343 -2.483885 -1.626331 -1.270851
 41 L  41 -0.762281 -1.946617 -1.809257 -2.732496 -0.371706 -1.716984 -2.268318 -2.874705 -1.959283  1.064392  1.348260 -1.781763  0.704390 -0.451461 -2.484089 -1.297764 -0.691905 -2.050471 -0.674967  0.755415
 42 E  42 -0.423863  0.308425 -0.083410 -0.636729 -1.798457  0.448509  0.071887 -0.432441 -0.071688 -1.734992 -1.458168  0.123787 -0.774276 -1.698573 -1.144874 -0.135679 -0.718860 -1.778552 -1.049397 -1.379733
 43 K  43 -0.245037  0.317956  0.207311 -0.034182 -1.309383  0.107701  0.121542 -0.541073 -0.351248 -1.374364 -1.260820  0.266065 -0.804350 -1.461028 -0.464821  0.108493 -0.260825 -1.691121 -1.110085 -1.152317
 44 D  44 -0.695827 -0.199893  1.633773  0.427050 -1.502708 -0.131509 -0.022441 -0.287291 -0.140119 -1.577223 -1.586104 -0.084547 -1.100000 -1.643619 -0.942843  0.514039  0.424343 -2.005642 -1.279272 -1.382374
 45 G  45 -0.088049 -1.513927  0.107174 -0.777387 -2.512613 -1.482766 -1.496877  4.407658 -1.530752 -3.259304 -3.227838 -1.472852 -2.394872 -2.526533 -1.554345  0.020650 -1.538236 -1.815828 -2.442992 -2.460695
 46 S  46 -0.825167  1.233018 -0.146573 -0.826912 -2.549914  1.301401  0.703324 -1.854506 -0.346710 -2.232391 -1.689315  1.477508 -0.706910 -2.489723 -1.346350 -0.308020 -0.732705 -2.593017 -1.472775 -1.640581
 47 K  47 -0.433346 -0.214881 -0.506391 -1.025302 -1.870702 -0.078870 -0.029673 -1.960700 -1.109014 -1.230544 -1.214452  0.038215 -0.688006 -1.713794 -1.515430  0.145102  0.696976 -2.307016 -1.317564 -0.713292
 48 G  48  0.026130 -1.942371  0.017904 -0.979436 -2.917694 -1.942371 -1.942371  5.798225 -1.945807 -3.893694 -3.893694 -1.942371 -2.921130 -2.936953 -1.954759  0.015823 -1.932742 -1.986405 -2.930759 -2.917694
 49 L  49 -1.407476 -2.264502 -2.907458 -3.432244 -1.313237 -1.825499 -2.655090 -3.220853 -2.223962  0.862383  1.416183 -2.219436  1.129532  0.441085 -2.972046 -1.983354 -1.136507  0.873030  0.170426  0.402430
 50 F  50 -1.802972 -2.898223 -2.960735 -3.023599 -1.855872 -2.860534 -2.923398 -3.038477 -1.208508  0.301382  0.301225 -2.866074  0.161322  5.164291 -3.793971 -1.965411 -1.823724  0.573693  2.508777 -0.608892
 51 P  51 -0.990844 -1.952185 -1.954776 -0.992349 -2.961845 -0.943593 -0.966862 -1.985784 -1.918622 -2.942610 -2.944471 -0.979784 -1.951036 -3.924273  6.781598 -0.987540 -0.990844 -3.931299 -2.920508 -1.957287
 52 S  52  1.528305 -0.880192 -0.721163 -1.191976 -1.000218 -0.584471 -0.613957 -0.181409 -1.578002 -1.445794 -1.341549 -0.354330 -0.940563 -2.016919 -1.272123  1.314349 -0.020346 -2.801430 -1.936447 -0.920039
 53 N  53 -1.372367 -0.213077  4.493826  0.595344 -2.538524 -0.074588 -0.074811 -0.243616  0.445190 -2.568779 -2.568827 -0.028953 -1.657462 -2.701937 -1.779740  1.228739  0.272326 -3.650089 -1.932249 -2.483934
 54 Y  54 -1.925945 -2.062926 -2.024243 -2.903313 -1.841907 -1.289334 -2.100155 -2.931031  1.495655 -0.851019 -0.831751 -2.088076 -0.825388  3.135897 -3.075829 -1.916842 -1.924004  1.565081  5.884958 -1.004776
 55 V  55  0.020991 -2.869656 -2.890547 -2.914104 -0.763263 -1.989115 -2.022185 -2.926290 -2.911235  2.771378  0.960943 -1.989115  0.896630 -0.976992 -2.002327 -1.854776 -0.019239 -2.896188 -1.028092  3.629186
 56 S  56 -0.765155  0.496340  0.023417  0.620886 -2.931575  1.662753  2.569401 -1.718469 -0.258464 -2.558106 -2.245446  1.333236 -1.274000 -2.618011 -0.988458  0.093297 -0.524656 -2.556571 -1.658539 -1.739392
 57 L  57 -0.431204 -1.444010 -1.725685 -1.906252 -0.992840 -1.078093 -1.348754 -2.192149 -1.796015  0.733841  0.941406 -1.128552  0.610780 -0.726339 -0.809373 -0.965473 -0.470484 -1.853222 -0.983121  0.687410
 58 G  58 -0.451108 -1.332706 -1.291053 -1.639159 -0.342198 -1.179551 -1.415202 -1.916365 -1.512094  1.123218  0.819372 -1.187017  0.505701 -0.411990 -1.551153 -0.882860 -0.434534 -1.586911 -0.708050  0.915213
 59 N  59 -0.230389 -0.235834  0.502151  0.550364 -0.516584  0.000000  0.167433 -0.101330 -0.024793 -0.584984 -0.668701 -0.092523 -0.450906 -0.567371 -0.283473  0.321666 -0.032930 -0.785165 -0.484080 -0.584984
