  228         A         R         N         D         C         Q         E         G         H         I         L         K         M         F         P         S         T         W         Y         V    
  1 G   1  0.044327 -0.080446 -0.006328 -0.047608 -0.102726 -0.069889 -0.069889  0.184339 -0.088888 -0.152449 -0.152449 -0.069889 -0.111169 -0.130168 -0.080446  0.050670 -0.050890 -0.118445 -0.130168 -0.113283
  2 S   2 -0.041599  0.068389  0.029473 -0.055529 -0.203603  0.043717  0.048375 -0.127646 -0.011663 -0.201871 -0.170283  0.075303 -0.105618 -0.199694 -0.117800  0.023623  0.018985 -0.220274 -0.119792 -0.151471
  3 H   3 -0.069055  0.037695  0.017024 -0.080068 -0.253131  0.107202  0.046755 -0.132701  0.164131 -0.242057 -0.207476  0.037368 -0.107431 -0.212449 -0.146404 -0.029684 -0.110178 -0.238626 -0.061025 -0.185924
  4 M   4  0.006255 -0.127106 -0.159091 -0.215504 -0.115190 -0.098346 -0.134369 -0.218745 -0.202333  0.007610 -0.000653 -0.105886  0.035684 -0.145565 -0.183087 -0.023143 -0.006819 -0.270249 -0.144417  0.039200
  5 A   5  0.134863 -0.121837 -0.132182 -0.133589 -0.177129 -0.042649 -0.013664 -0.130137 -0.195293 -0.156038 -0.121585 -0.057367 -0.087203 -0.228447 -0.165835  0.094590 -0.041348 -0.349064 -0.225101 -0.102362
  6 S   6  0.011358 -0.032607 -0.099339 -0.178817 -0.271246 -0.030185 -0.032082 -0.240846 -0.222322 -0.227205 -0.168271 -0.037593 -0.062981 -0.323768 -0.150464  0.060156  0.120673 -0.390782 -0.299284 -0.144087
  7 P   7 -0.069656 -0.270491 -0.256487 -0.209990 -0.365754 -0.150261 -0.161542 -0.296166 -0.275631 -0.266768 -0.270890 -0.169900 -0.190085 -0.450525  0.367117 -0.095438 -0.067194 -0.540798 -0.360506 -0.157114
  8 N   8 -0.230660 -0.230854 -0.065458 -0.270336 -0.371444 -0.147430 -0.193805 -0.241044 -0.106242 -0.304948 -0.228404 -0.220203 -0.149454 -0.205820 -0.411953 -0.134507 -0.179206 -0.028055 -0.118900 -0.295553
  9 G   9 -0.015015 -0.158055 -0.038898 -0.094772 -0.388820 -0.070845 -0.072236  0.000606 -0.165448 -0.386752 -0.386633 -0.100546 -0.256676 -0.428702 -0.209612  0.080116 -0.072540 -0.498363 -0.352789 -0.293206
 10 Q  10 -0.118010  0.108668 -0.093033 -0.179488 -0.491649  0.178683  0.059143 -0.380614 -0.090966 -0.434778 -0.330075  0.057872 -0.158244 -0.482931 -0.260519 -0.049487 -0.173189 -0.545694 -0.306165 -0.354361
 11 T  11  0.034352 -0.152404 -0.095190 -0.285455 -0.348200 -0.117311 -0.178453 -0.368559 -0.373456 -0.250805 -0.227135 -0.135122 -0.081756 -0.456544 -0.295573  0.141752  0.254659 -0.627230 -0.442709 -0.141685
 12 K  12 -0.136203 -0.075879 -0.171598 -0.377421 -0.525476  0.018227 -0.140157 -0.514145 -0.202399 -0.353669 -0.258611 -0.035853  0.016692 -0.417510 -0.316680  0.012712 -0.092240 -0.642204 -0.346723 -0.279710
 13 P  13 -0.151038 -0.257018 -0.155050 -0.166785 -0.646564 -0.118446 -0.123253 -0.447961 -0.273655 -0.584026 -0.608012 -0.132554 -0.393579 -0.728285  0.295409 -0.034804 -0.026153 -0.881072 -0.531221 -0.400534
 14 L  14 -0.009367 -0.407222 -0.421647 -0.556696 -0.411387 -0.298444 -0.362280 -0.546298 -0.491913 -0.098354 -0.011452 -0.311342 -0.021077 -0.241156 -0.511461 -0.048487 -0.092334 -0.651447 -0.316540 -0.081840
 15 P  15 -0.164584 -0.305461 -0.208815 -0.026225 -0.677855 -0.097367 -0.016765 -0.486138 -0.370961 -0.574269 -0.582599 -0.126969 -0.398801 -0.733581  0.222121 -0.071065 -0.173199 -0.933700 -0.599608 -0.430506
 16 A  16 -0.058519 -0.293092 -0.313744 -0.285683 -0.540398 -0.128681 -0.147266 -0.512893 -0.409637 -0.484437 -0.412418 -0.201573 -0.286369 -0.638676 -0.151486 -0.035382 -0.163651 -0.816662 -0.522464 -0.374747
 17 L  17 -0.222123 -0.404328 -0.408318 -0.401025 -0.646388 -0.135493 -0.105562 -0.761025 -0.498599 -0.115485 -0.016842 -0.288963  0.002718 -0.399605 -0.632249 -0.200744 -0.224660 -0.801993 -0.408908 -0.091835
 18 K  18 -0.298948  0.199988  0.238559  0.031019 -0.930778  0.275861  0.329725 -0.528243 -0.072783 -0.894482 -0.801780  0.317648 -0.465293 -0.923082 -0.476526  0.082316 -0.152246 -1.058875 -0.611096 -0.718843
 19 L  19 -0.237867 -0.461677 -0.469600 -0.462454 -0.707549 -0.168040 -0.220338 -0.802255 -0.534371 -0.373150 -0.243390 -0.305199 -0.103346 -0.576987 -0.304662 -0.173136 -0.246107 -0.778390 -0.473215 -0.303225
 20 A  20  0.046017 -0.549045 -0.468928 -0.596216 -0.470714 -0.385131 -0.454646 -0.701741 -0.564951 -0.153259 -0.125054 -0.454075 -0.104222 -0.481103 -0.717157 -0.065696 -0.145721 -0.908534 -0.471526 -0.113138
 21 L  21 -0.215450 -0.707019 -0.849854 -1.109984 -0.317105 -0.597179 -0.846554 -1.105472 -0.654664  0.091842  0.352916 -0.680878  0.186247  0.063666 -1.000984 -0.414304 -0.214571 -0.586629 -0.070155 -0.000023
 22 E  22 -0.458379 -0.190361  0.203195  0.948058 -1.260339  0.383513  0.916508 -0.614723 -0.127383 -1.123994 -1.209346  0.047890 -0.800770 -1.164862 -0.477572  0.058441 -0.303789 -1.369990 -0.884764 -0.928426
 23 Y  23 -0.302438 -0.031891 -0.132254 -0.427565 -0.920526  0.076657 -0.028345 -0.763737 -0.050451 -0.790145 -0.666610  0.006962 -0.406360 -0.618186 -0.725315 -0.093333 -0.287127 -0.903580 -0.158311 -0.647089
 24 I  24 -0.263026 -1.023409 -1.084773 -1.239488 -0.485588 -0.890564 -1.030871 -1.449419 -1.117538  0.988407  0.752116 -0.945245  0.403532 -0.190084 -1.101911 -0.675583 -0.306183 -1.132807 -0.438580  0.798332
 25 V  25  0.165448 -0.972675 -1.167789 -1.274501 -0.242755 -0.880711 -0.974114 -1.226451 -1.213959  0.733095  0.374618 -0.858001  0.213203 -0.463516 -1.005699 -0.506909 -0.198363 -1.318726 -0.632355  0.793737
 26 P  26 -0.429805 -0.273821  0.100809  0.658854 -1.303076  0.067920  0.415520 -0.644393 -0.430410 -1.247451 -1.306541 -0.107682 -0.845739 -1.403946 -0.166564  0.025884 -0.311906 -1.690668 -1.168321 -1.053083
 27 C  27  0.016790 -0.506966 -0.110292  0.312499 -0.485030  0.050243  0.103902 -0.486872 -0.537745 -1.168868 -1.200738 -0.299809 -0.793911 -1.289640 -0.677451  0.269675 -0.207756 -1.522501 -1.047377 -0.925116
 28 M  28 -0.537159 -1.071115 -1.453503 -1.880569 -0.613789 -0.948974 -1.441290 -1.935359 -1.337681  0.860395  1.459597 -1.033811  1.024256  0.184517 -1.452606 -0.908206 -0.515738 -0.909815 -0.278844  0.495164
 29 N  29 -0.219901 -0.345990  0.148775 -0.387452 -1.082651 -0.196300 -0.212946 -0.726562 -0.313875 -0.798102 -0.817601 -0.317425 -0.526029 -1.048410 -0.919753 -0.052784 -0.223580 -1.562056 -0.742857 -0.617274
 30 K  30 -0.348884 -0.127327  0.035958  0.080082 -1.460573  0.206125  0.347613 -0.434858 -0.473047 -1.432690 -1.329856  0.061256 -0.861496 -1.457531 -0.507377  0.056331 -0.236215 -1.559467 -1.071879 -1.089655
 31 H  31 -0.693698 -0.143589 -0.031886 -0.412628 -1.372044  0.257242 -0.046121 -1.108243  0.476414 -1.297072 -1.165023 -0.070878 -0.674051 -0.703090 -0.982554 -0.163534 -0.431685 -1.061439  0.154350 -1.107372
 32 G  32 -0.212769 -0.753990  0.142711 -0.432551 -1.825183 -0.622893 -0.696111  2.165543 -0.845574 -2.211711 -2.119563 -0.668414 -1.495643 -1.806863 -0.963992  0.004862 -0.994750 -1.462739 -1.595344 -1.697479
 33 I  33 -1.276155 -0.988393 -1.458819 -2.028993 -1.520999 -1.020743 -1.406825 -2.022658  0.368657 -0.537486 -0.606713 -1.314309 -0.416857  0.796666 -2.134115 -1.372242 -1.179287  0.647648  1.584800 -0.701602
 34 C  34  0.224772 -1.790245 -1.725188 -1.959405  0.588708 -1.514203 -1.765241 -1.486016 -1.648324  0.101369 -0.189228 -1.574415 -0.225899 -0.509087 -1.829188 -0.492900 -0.449550 -1.588384 -0.633595  0.259288
 35 V  35 -0.370286 -2.055086 -2.170636 -2.335573 -1.004069 -1.371916 -1.610463 -2.600652 -1.977121  1.781367  0.674513 -1.579178  0.594733 -0.558912 -1.882720 -1.444589 -0.264385 -2.098916 -0.465559  2.164502
 36 V  36 -0.631981 -1.948441 -2.268973 -2.578019 -1.051976 -1.598569 -1.991817 -2.823327 -2.211341  1.656970  1.212609 -1.693636  0.809657 -0.293827 -2.259582 -1.426482 -0.638529 -1.821728 -0.703158  1.466356
 37 D  37 -1.329495 -1.157970  0.472639  2.983263 -2.611808  0.105327  1.316868 -1.097411 -0.613938 -2.576774 -3.033904 -0.443237 -2.161253 -2.662193 -0.044771  0.002362 -0.738842 -3.260495 -2.276048 -2.313931
 38 D  38 -1.134398 -0.723557  1.950038  1.207190 -2.518813 -0.183339  0.221869  0.266235 -0.120398 -2.614169 -2.762556 -0.429638 -1.922121 -2.489865 -1.336925  0.313985 -0.664751 -2.980070 -1.948589 -2.350020
 39 F  39 -0.857732 -2.341541 -2.567209 -2.756933 -1.296443 -2.172850 -2.367672 -2.575127 -1.609228  0.641051  0.639905 -2.195983  0.341649  2.432577 -2.823797 -1.525103 -1.151690 -0.533757  0.951881  0.232750
 40 L  40 -0.919737 -2.122377 -2.652532 -3.216003 -0.980800 -2.007299 -2.588357 -3.336271 -2.359967  1.780480  2.383495 -2.046668  1.311282  0.617714 -2.724963 -1.743738 -0.937884 -1.589382 -0.347132  1.102046
 41 G  41 -0.257033 -1.134963  0.247138  0.181882 -2.024865 -0.489234 -0.268162  0.080026 -1.196232 -2.340478 -2.417278 -0.662888 -1.648459 -2.530494  0.163856  0.801162  0.122618 -2.786782 -2.218355 -1.822863
 42 K  42 -0.441802 -0.592130 -0.426633  0.173064 -2.324584  0.277972  0.657399 -1.364016 -0.929957 -2.115416 -2.013515 -0.065114 -1.274950 -2.493020  0.367936 -0.020668 -0.509059 -2.840305 -1.900129 -1.537044
 43 E  43 -0.295854 -0.590206  0.063540  1.040855 -2.299643  0.477002  1.480735 -1.094522 -0.710678 -2.135591 -2.223755 -0.019605 -1.512003 -2.359151 -0.903590  0.381625 -0.283868 -2.795078 -1.886326 -1.574940
 44 T  44 -0.786583 -1.053947 -1.221053 -0.963939 -1.941826 -0.339298 -0.044812 -2.301472 -1.193181 -0.550424 -0.239708 -0.741735 -0.200564 -0.903850 -1.827419 -0.764458 -0.637216 -1.883780 -0.917035 -0.457794
 45 G  45  0.322395 -1.752879 -1.825023 -2.304395  0.767377 -1.638538 -2.054512 -1.571323 -2.094772 -0.045488  0.049365 -1.661042 -0.200088 -1.229106 -1.990466 -0.610698 -0.324159 -2.130096 -1.373124  0.139883
 46 Q  46 -0.460153  0.287485 -0.017845  0.044445 -2.194514  0.541691  0.668674 -1.199512 -0.542237 -2.051224 -1.801319  0.313897 -1.096627 -2.215822 -1.291225  0.018198 -0.510732 -2.560596 -1.631296 -1.650450
 47 Q  47  0.311072 -0.036051 -0.381926 -0.671881 -1.652155  0.318307  0.208962 -0.970174 -0.749447 -1.712174 -1.484728  0.075216 -0.883618 -2.036130 -1.235449  0.276462 -0.394669 -2.453741 -1.493576 -1.204126
 48 I  48 -0.531798 -2.055213 -2.614294 -3.145246 -0.798733 -1.860552 -2.408789 -3.228520 -2.607718  2.035643  2.421419 -1.880539  1.353800 -0.251087 -2.426444 -1.632018 -0.651468 -2.117826 -0.916427  1.613018
 49 G  49 -0.557528  0.058910 -1.248203 -2.140885 -1.561555 -0.430071 -1.078691 -2.249817 -0.838204 -0.455623  0.079473 -0.374009  0.090556 -1.050078 -1.978750 -0.937334 -0.835774 -1.967504 -0.664314 -0.505609
 50 D  50 -0.162998  0.090426  0.262125  0.397637 -2.090204  0.595379  0.842816 -0.966007 -0.595882 -2.184279 -2.037536  0.430998 -1.277177 -2.380973 -1.134614  0.306254 -0.461958 -2.754171 -1.795401 -1.675499
 51 E  51 -0.702509 -0.610517 -0.464516  0.301170 -2.168507  0.335747  1.404018 -1.746811 -0.505067 -1.562059 -1.536464 -0.159916 -1.068686 -1.744556 -1.410953 -0.250292 -0.772327 -2.319296 -1.256439 -1.192174
 52 V  52  0.262151 -1.939614 -2.227669 -2.472313 -0.387673 -1.673301 -1.939495 -2.175719 -2.073319  0.896821  0.655151 -1.725042  0.323697 -0.169090 -2.049714 -0.893833 -0.431712 -1.816199 -0.659045  0.955437
 53 R  53 -0.754397  0.116985 -0.448853 -0.773712 -2.198697  0.290607  0.210322 -1.749890 -0.661984 -1.658888 -1.259995  0.294226 -0.718144 -2.009148 -0.450308 -0.372015 -0.604991 -2.427502 -1.415139 -1.315084
 54 A  54 -0.072055 -0.148457 -0.014613 -0.193065 -1.821540  0.211025  0.344202 -0.865170 -0.709066 -1.817038 -1.683569  0.016722 -1.035737 -1.976184 -0.994078  0.369544 -0.194989 -2.284936 -1.515474 -1.384791
 55 L  55 -0.460383 -1.172224 -1.630024 -2.202492 -1.063329 -1.120983 -1.611625 -2.285483 -1.754465  0.589469  1.030201 -1.093370  0.721438 -0.698916 -1.834378 -0.974548 -0.630892 -1.958405 -1.026024  0.384474
 56 H  56 -0.539328 -0.670318 -0.343373 -0.517608 -1.799388 -0.191067 -0.198042 -1.277251  0.231518 -1.586489 -1.465097 -0.544226 -0.947282 -1.183320 -1.206735 -0.223057 -0.671783 -1.638030 -0.370513 -1.337113
 57 D  57 -0.492707 -0.472607 -0.334950 -0.496028 -1.929385 -0.028964  0.073417 -1.159630 -0.596552 -1.741729 -1.564429 -0.243921 -0.956918 -1.146102 -1.303610 -0.029253 -0.602282 -1.630641 -0.886894 -1.464871
 58 T  58 -0.091064 -0.394759 -0.029982 -0.281154 -1.741285 -0.043942  0.100662 -0.947602 -0.604029 -1.687587 -1.629610 -0.231593 -1.054931 -1.890674 -1.088093  0.414504  0.112898 -2.275947 -1.460592 -1.266131
 59 G  59 -0.338572 -0.952297  0.002371 -0.233848 -2.336794 -0.541242 -0.299794  1.346316 -0.881323 -2.513619 -2.490893 -0.736548 -1.729785 -2.168011 -1.311545 -0.002784 -1.079481 -2.129338 -1.817661 -1.932662
 60 K  60 -0.445707 -0.284717 -0.689213 -1.125775 -1.687314 -0.309705 -0.448989 -1.401880 -0.909933 -1.318991 -1.031995  0.134531 -0.557787 -1.239540 -1.512782 -0.334024 -0.601837 -1.704959 -0.979292 -1.011379
 61 F  61 -1.036475 -1.185445 -1.537477 -1.861436 -1.705576 -1.002957 -1.179711 -2.052441 -1.022915 -0.481262 -0.113193 -1.077708 -0.010212  0.690847 -2.246627 -1.011499 -0.997152 -0.786132  0.209391 -0.662427
 62 T  62 -0.504715  0.089252  0.101271 -0.728295 -1.877848  0.040496 -0.122831 -1.252678 -0.464335 -1.691837 -1.493288  0.168303 -0.887612 -1.870774 -1.040410  0.098136  0.128799 -2.146241 -1.253874 -1.276480
 63 D  63 -0.264022 -0.837747 -0.338827  0.754224 -1.931126 -0.235110  0.276681 -0.882280 -0.835979 -1.958429 -2.107246 -0.403520 -1.510364 -2.045779 -0.366051 -0.005163 -0.629359 -2.621764 -1.582481 -1.555694
 64 G  64  0.285859 -1.313083 -0.437893 -1.129608 -1.597594 -1.157290 -1.234562  0.966334 -1.485049 -1.447505 -1.437941 -1.175282 -1.137792 -1.737182 -1.523871  0.067570 -0.720369 -2.160436 -1.719424 -1.050606
 65 Q  65 -0.377393 -0.599537 -0.803248 -1.218873 -1.742575 -0.067411 -0.515158 -1.178943 -0.711072 -1.235076 -1.219574 -0.396948 -0.693540 -1.245279 -1.349840 -0.354346 -0.736037 -1.698753 -0.448352 -0.863486
 66 L  66 -0.533107 -1.059724 -1.137634 -1.759397 -1.628963 -1.035307 -1.258101 -1.177460 -1.648544 -0.407408 -0.158954 -0.722423 -0.245800 -1.161874 -1.819161 -0.663301 -0.455827 -1.931826 -1.200507 -0.262099
 67 V  67 -0.310274 -0.588383 -0.711887 -1.297818 -1.728185 -0.761082 -0.875062 -0.708913 -0.910632 -0.982378 -1.171827 -0.670106 -0.688239 -1.272686 -1.596383 -0.348343 -0.604291 -2.075924 -1.089763 -0.673427
 68 S  68 -0.539977 -0.346104 -0.014821 -0.672408 -2.046928 -0.143466 -0.214412 -0.550474 -0.498123 -1.815443 -1.567215 -0.242362 -0.980713 -1.515652 -1.424456  0.031972 -0.679770 -2.050373 -1.121626 -1.544621
 69 Q  69 -0.478162 -0.242281  0.122115 -0.214291 -2.221240  0.800054  0.226283 -0.239920 -0.489878 -2.256203 -1.996997 -0.017410 -1.064835 -2.180429 -1.012132  0.105010 -0.747301 -2.179408 -1.388796 -1.695010
 70 K  70 -0.471701 -0.250052 -0.128465 -0.185625 -2.085045  0.123238  0.227819 -0.998534 -0.874470 -1.933460 -1.761564  0.256741 -1.087391 -2.127873 -0.727431  0.278765 -0.239995 -2.459084 -1.650625 -1.489678
 71 S  71 -0.346020 -0.585553  0.075426 -0.616767 -1.994005 -0.249457 -0.374885 -0.228302 -0.124465 -1.996672 -1.860445 -0.514510 -1.204157 -1.752202 -1.227635  0.165753 -0.531140 -2.171084 -1.128443 -1.608634
 72 D  72 -0.723321 -0.735109  0.100157  0.288125 -2.083607  0.092590  0.155912 -0.893263 -0.554259 -1.758866 -1.854889 -0.446083 -1.146516 -1.836081 -1.283564  0.007694 -0.370009 -2.303703 -1.397705 -1.408035
 73 S  73 -0.428190 -1.090997 -1.106702 -1.541957 -1.486270 -0.798059 -0.984128 -1.928731 -1.305647 -0.285962 -0.100319 -0.846498 -0.162222 -1.216417 -1.295247 -0.528838 -0.373614 -2.209524 -1.060325 -0.177470
 74 S  74 -0.305901 -0.571092  0.276494 -0.233835 -1.779971 -0.245041 -0.072930 -0.943873 -0.708094 -1.497328 -1.546108 -0.223889 -0.989670 -1.788669 -1.202163  0.293656 -0.270614 -2.538341 -1.441932 -1.190324
 75 K  75 -0.726782  0.459144  0.318570 -0.299325 -2.214916  0.394615  0.449034 -1.393849 -0.396958 -2.031220 -1.773974  0.690422 -1.070676 -2.125267 -0.912633  0.066503 -0.194578 -2.455459 -1.390959 -1.603455
 76 D  76 -0.379606 -0.490884  0.138914  0.148022 -1.707235 -0.123666  0.153194 -0.884514 -0.589885 -1.562887 -1.489445 -0.176961 -0.990779 -1.515794 -1.118566  0.403558 -0.151703 -2.205864 -1.348615 -1.356947
 77 I  77 -0.480083 -1.731753 -1.715473 -1.826057 -1.036870 -1.436496 -1.514337 -2.218292 -1.701177  1.150414  0.556208 -1.521838  0.279871 -0.287932 -1.784101 -0.941161 -0.472728 -1.767997 -0.548332  0.985285
 78 R  78 -0.720261  2.398269 -0.092711 -1.147007 -2.203869  0.573796  0.134074 -1.324462 -0.103236 -2.089816 -1.519914  1.007207 -0.792599 -1.966199 -1.392898 -0.564854 -0.734902 -2.111354 -1.311865 -1.957384
 79 G  79 -0.243504 -0.588962  0.056954 -0.600855 -1.809416 -0.610123 -0.661487  0.812910 -1.027473 -1.939106 -1.779918 -0.466408 -1.231810 -1.719287 -1.282615  0.348265 -0.479296 -1.907069 -1.607481 -1.597227
 80 D  80 -0.811212 -1.220041  0.331572  2.567749 -1.847305 -0.120791  0.850276 -0.758268 -0.874750 -1.888352 -2.329645 -0.620474 -1.718699 -2.048642 -0.743744  0.225973 -0.445596 -2.724235 -1.959324 -1.745622
 81 K  81 -0.609139  0.308227 -0.044968 -0.641091 -1.842558  0.399162  0.165225 -1.182787 -0.017718 -1.608880 -1.287575  0.506339 -0.680882 -1.473271 -1.219951 -0.116427 -0.502342 -1.796005 -0.844569 -1.291879
 82 I  82 -0.520625 -1.751478 -1.796496 -2.008612 -0.900775 -1.598521 -1.742112 -2.395620 -1.902286  1.690479  0.861580 -1.632645  0.567574 -0.309874 -1.854377 -1.088893 -0.298855 -1.964135 -0.747611  1.470857
 83 T  83 -0.254052 -0.721449 -0.944526 -1.456416 -0.912955 -0.464547 -0.856895 -1.614125 -0.542860 -0.706514 -0.551764 -0.698043 -0.350505 -0.780948 -1.370401 -0.340299 -0.229171 -1.524697 -0.382141 -0.508207
 84 W  84 -1.525949 -1.722726 -2.129302 -2.247793 -1.552663 -1.122452 -1.578327 -1.450816 -1.261330 -1.662780 -1.206824 -1.644239 -0.640295  0.288114 -2.384378 -1.481625 -1.026257  4.254498  0.746836 -1.576584
 85 I  85 -0.581505 -1.668557 -2.072979 -2.457522 -0.964990 -1.492725 -1.858845 -2.723477 -1.996844  1.406561  1.545585 -1.527039  0.879392 -0.159746 -2.045583 -1.318998 -0.685501 -1.825195 -0.631655  1.062616
 86 E  86 -0.822934 -0.694547  0.262240  1.454735 -2.193092  0.199719  1.021920 -1.038169 -0.665645 -1.935580 -2.023671 -0.253589 -1.442972 -2.045737 -1.005529  0.126269 -0.389913 -2.562649 -1.706556 -1.667705
 87 G  87 -0.384428 -0.516133 -0.295572 -0.564256 -2.194894 -0.439091 -0.302266  0.373796 -0.982906 -2.189883 -2.012897 -0.441881 -1.394556 -2.079651 -0.777748 -0.171655 -0.894483 -2.176816 -1.723415 -1.710427
 88 K  88 -0.588417 -0.186940  0.125574 -0.131944 -2.041334  0.221132  0.299029 -1.062594 -0.374199 -1.820331 -1.648562  0.155453 -1.015519 -1.759223 -1.208242  0.165363 -0.336189 -2.269600 -1.270208 -1.477511
 89 E  89 -0.404062 -0.594885 -0.039276  0.299911 -2.007506  0.257908  0.890797 -1.295385 -0.533023 -1.531304 -1.570137 -0.178675 -1.035495 -1.758931 -1.152610  0.214093 -0.299614 -2.398558 -1.355216 -1.154009
 90 P  90 -0.489741 -1.177422 -1.027508 -0.859329 -1.695535 -0.714281 -0.670217 -1.506226 -1.230426 -1.113018 -1.067368 -0.791463 -0.754200 -1.579958  0.525311 -0.494373 -0.585685 -2.348185 -1.380688 -0.823411
 91 G  91  0.039627 -0.957615 -0.429368 -0.527258 -1.549289 -0.492813 -0.354173 -0.390793 -0.979625 -1.342425 -1.335556 -0.710554 -0.871739 -1.363619 -1.134262  0.077210 -0.499911 -1.960869 -1.257074 -0.996918
 92 C  92 -0.089832 -1.055622 -0.983725 -1.179355 -0.286194 -0.608756 -0.908124 -1.162455 -1.338998 -0.980148 -0.906801 -0.824984 -0.581360 -1.390411 -1.327692 -0.132723 -0.487884 -1.847621 -1.205295 -0.727808
 93 E  93 -0.284199 -0.543842 -0.677021 -0.293594 -1.965439  0.217409  0.488462 -1.393668 -0.875393 -1.712197 -1.579739 -0.108305 -0.977887 -1.934588 -0.099149 -0.049796 -0.544548 -2.321626 -1.469344 -1.226113
 94 T  94 -0.056992 -0.734516 -0.519840 -0.788154 -1.589796 -0.363701 -0.321788 -1.067065 -0.728380 -1.277334 -1.244551 -0.494762 -0.840108 -1.466263 -0.962414 -0.050370 -0.369528 -2.119872 -1.075553 -0.900989
 95 I  95 -0.536933 -1.385749 -1.592695 -1.852907 -1.139363 -1.179068 -1.402676 -2.112945 -1.508932  0.559986  0.400244 -1.203306  0.195976 -0.304656 -1.945012 -0.927864 -0.681340 -1.734190 -0.540690  0.416901
 96 G  96 -0.442039 -0.429863 -0.424596 -0.871385 -1.789763 -0.195137 -0.390604 -0.937488 -0.790885 -1.596565 -1.396096 -0.295758 -0.847632 -1.688145 -1.032404 -0.165945 -0.557935 -1.987263 -1.197409 -1.253885
 97 L  97 -0.453156 -0.363373 -0.840046 -1.310948 -1.675481 -0.224213 -0.596726 -1.779657 -0.860532 -1.066877 -0.647135 -0.396745 -0.371116 -1.152338 -1.550296 -0.418823 -0.528633 -1.811496 -0.824217 -0.921828
 98 L  98 -0.992329 -1.777980 -2.191682 -2.801917 -1.349777 -1.504024 -2.083935 -2.824773 -1.147770  0.407182  0.990488 -1.769820  0.463501  1.011299 -2.644543 -1.410966 -1.077914 -0.595356  0.921666 -0.012228
 99 M  99 -0.905202 -1.113658 -1.939392 -2.598478 -1.384822 -1.146417 -1.783430 -2.707275 -1.642019  0.313017  0.954689 -1.143493  0.777937 -0.091393 -2.251820 -1.301396 -0.911564 -1.328719 -0.412330  0.026616
100 S 100 -0.224281 -0.167267  0.315219  0.258874 -2.145313  0.413763  0.641973 -0.945868 -0.554954 -2.143542 -2.018221  0.196035 -1.257123 -2.333010 -1.093412  0.487620 -0.446961 -2.775520 -1.776909 -1.722970
101 S 101 -0.383121 -0.607520 -1.394201 -1.908248 -1.529902 -0.524174 -0.976326 -2.116047 -1.304710 -0.471619 -0.168863 -0.510811 -0.012438 -0.978265 -1.825058 -0.678467 -0.598217 -1.829437 -0.833186 -0.326481
102 M 102 -0.493580 -1.395904 -1.881764 -2.465847 -1.096010 -1.198315 -1.797949 -2.665004 -2.021784  1.079591  1.093800 -1.311582  1.205024 -0.574067 -2.061336 -0.950452 -0.502812 -2.121457 -1.032807  0.917380
103 D 103 -0.868789 -0.631923  0.163760  1.193245 -2.540486  0.426661  1.238373 -1.318260 -0.527989 -2.149374 -2.223096 -0.170766 -1.472832 -2.158174 -1.124036  0.011978 -0.588397 -2.736384 -1.689602 -1.765863
104 D 104 -0.059949 -0.130520 -0.219887 -0.226916 -2.069438  0.327429  0.494649 -0.960677 -0.852481 -2.066087 -1.886177  0.230659 -1.169422 -2.129018 -1.177895  0.364093 -0.311211 -2.445720 -1.670523 -1.535503
105 L 105 -0.576739 -1.872172 -2.280426 -2.585565 -1.185538 -1.659901 -2.030155 -2.920914 -2.256663  1.271211  1.547609 -1.699960  0.811063 -0.183057 -2.333546 -1.383825 -0.745419 -2.099767 -0.829053  0.926092
106 I 106 -0.645824 -0.040357 -1.306751 -1.999437 -1.793441 -0.590328 -1.001476 -2.322227 -1.260369 -0.228202 -0.310503 -0.478921 -0.048423 -1.061760 -1.900292 -1.014885 -0.693675 -2.238050 -0.882735 -0.156972
107 R 107 -0.455787  0.032936 -0.343553 -0.739016 -1.978992  0.262114 -0.012138 -1.518581 -0.824469 -1.623790 -1.313977  0.052415 -0.664629 -1.911814 -1.223635 -0.017496 -0.326304 -2.429130 -1.418103 -1.286198
108 H 108 -0.356630 -0.585137 -0.795432 -1.116637 -1.924987 -0.289123 -0.273472 -1.473916 -0.232486 -1.395703 -1.274437 -0.520942 -0.871944 -1.370763 -1.466248 -0.405344 -0.789283 -2.019700 -0.590226 -1.075913
109 C 109 -0.485313 -2.116441 -2.388586 -2.661099 -0.335369 -1.799309 -2.107562 -2.765667 -2.299302  0.936045  0.897908 -1.869970  0.480997 -0.294816 -2.322226 -1.291210 -0.612102 -1.534831 -0.789161  0.799274
110 N 110 -0.738094 -0.754410  1.075095 -0.652719 -1.961994 -0.421402 -0.502688 -0.807245 -0.601889 -1.603447 -1.408006 -0.547699 -0.862255 -1.541127 -1.765317  0.230316 -0.409763 -2.441507 -1.312258 -1.475415
111 G 111 -0.281810  0.426545 -0.223790 -0.702011 -2.251120  0.259069  0.109647 -0.506561 -0.793659 -2.243115 -1.896679  0.243576 -1.126193 -2.276936 -1.413009  0.072797 -0.671706 -2.445925 -1.742914 -1.796193
112 K 112 -0.561873  0.113079 -0.393168 -0.888432 -2.108817  0.094464 -0.042463 -1.537134 -0.527335 -1.644474 -1.460967  0.270914 -0.903222 -1.664976 -1.506116 -0.216911 -0.405537 -2.197781 -0.880910 -1.247946
113 L 113 -0.807854 -1.725330 -2.059661 -2.518636 -1.289878 -1.619764 -2.014651 -2.711132 -1.871959  0.727571  1.244109 -1.636812  0.649466  0.450913 -2.367143 -1.275447 -0.669706 -1.505671 -0.375179  0.320213
114 G 114 -0.373598 -0.836745 -0.175515 -0.645187 -1.824843 -0.589117 -0.659333  0.383106 -1.030300 -1.822419 -1.690121 -0.692599 -1.115220 -1.649779 -0.937521  0.052021 -0.317504 -1.817482 -1.511388 -1.397478
115 S 115 -0.508566 -0.960450 -0.279805 -0.674543 -0.946285 -0.633359 -0.729129 -0.709364 -1.085475 -1.410859 -1.216348 -0.620488 -0.865347 -1.642283 -1.228968 -0.147167 -0.576932 -1.994684 -1.396778 -1.190071
116 Y 116 -1.122163 -1.689235 -1.410997 -1.575782 -1.694810 -1.274042 -1.395812 -1.737893 -0.799661 -0.850012 -0.872722 -1.512113 -0.697290  0.412190 -2.059503 -0.974059 -1.149938 -0.880314  0.588115 -0.929163
117 K 117 -0.782053 -0.889367 -0.913302 -0.866226 -1.977098 -0.463192 -0.486583 -2.011205 -1.345615 -1.164444 -0.824798 -0.410159 -0.486348 -1.902205 -0.348075 -0.506032 -0.435010 -2.638425 -1.623268 -0.894867
118 I 118 -0.591642 -1.883215 -1.544302 -1.868112 -1.735859 -1.616730 -1.764964 -0.821624 -1.861695 -0.373050 -0.321313 -1.733486 -0.462906 -0.867946 -1.895867 -0.920664 -0.950737 -1.991539 -1.150245 -0.350462
119 N 119 -0.803300 -1.106570 -0.347576 -0.861253 -1.816083 -0.742033 -0.805186 -1.808159 -1.321189 -0.675608 -0.335736 -0.877143 -0.381291 -1.489908 -1.790006 -0.262233 -0.413750 -2.649683 -1.499738 -0.790271
120 G 120 -0.654318 -1.260986 -0.770526 -0.954677 -2.208035 -0.816476 -0.748217 -0.523284 -0.812959 -1.642115 -1.682678 -1.005420 -1.172331 -1.024163 -1.495247 -0.467272 -0.982728 -1.903788 -0.735475 -1.307187
121 R 121 -0.666789 -0.090311 -0.486957 -0.768851 -2.146175 -0.255124 -0.226545 -1.535768 -0.727489 -1.775939 -1.625811 -0.109348 -1.033967 -1.717788 -1.049384 -0.183576 -0.458455 -2.510600 -1.351422 -1.498277
122 T 122 -0.639041 -1.026600 -0.748092 -1.093303 -1.680265 -0.566561 -0.502794 -1.797390 -0.651690 -1.183344 -1.209692 -0.652024 -0.791919 -0.942361 -1.601161 -0.182786 -0.107814 -1.805747 -0.469602 -0.877194
123 K 123 -0.746918 -0.429232 -0.366970 -0.268496 -2.291066  0.163627  0.625460 -1.745241 -0.610868 -1.798744 -1.693488  0.125022 -0.990530 -1.726929 -1.171262 -0.117903 -0.445123 -2.314368 -1.123825 -1.342150
124 A 124  0.238067 -1.406882 -1.068856 -1.093329 -0.906137 -0.949277 -0.992881 -1.248513 -1.488288 -0.880714 -0.919917 -1.192293 -0.589097 -1.283694 -1.533697  0.088148 -0.046778 -2.228045 -1.284872 -0.578642
125 M 125 -0.828369 -0.587851 -0.569729 -1.556922 -1.872008  0.111489 -0.721608 -1.746311  0.762502 -1.162947 -0.798401 -0.695614  0.370603 -1.035811 -1.780755 -0.362698 -0.835639 -1.772622 -0.392729 -0.991335
126 V 126 -0.552530 -1.815522 -1.914707 -2.407906 -0.929904 -1.382980 -1.851037 -2.247796 -1.539122  0.207812  0.265727 -1.640434  0.137821  0.210995 -2.315752 -1.014834 -0.677608 -1.402249  0.072128  0.196881
127 A 127  1.337651 -1.383402 -1.601123 -1.951289 -0.691534 -1.081749 -1.288698 -1.165058 -1.837757 -0.100517 -0.221103 -1.179062 -0.284658 -1.244977 -1.568090  0.130874 -0.127803 -2.437118 -1.277049  0.303300
128 C 128 -0.639508 -0.690570 -0.843559 -1.845901  0.442861 -0.988773 -1.452172 -2.074478 -0.705231 -0.989150 -0.896675 -0.786847 -0.587449 -1.489954 -2.075636 -0.616258 -0.632545 -2.216858 -1.024569 -0.886275
129 Y 129 -1.281829 -0.826879 -1.174450 -2.141655 -1.947596 -0.504467 -1.237034 -2.134289  0.658376 -1.165389 -1.020782 -1.004586 -0.758857  0.756304 -2.315360 -1.216432 -1.254807  0.048661  2.997583 -1.045460
130 P 130 -0.718635 -0.957736 -0.871004 -0.947435 -2.040668 -0.388445 -0.353328 -1.694013 -0.418707 -1.618770 -1.565526 -0.682607 -1.074929 -1.435467  0.384902 -0.484912 -0.426206 -1.904773 -0.428144 -1.163063
131 G 131  0.064136 -0.736977 -0.314516 -0.836411 -1.908331 -0.600402 -0.701249  0.401948 -1.222767 -2.131346 -2.028789 -0.594617 -1.402685 -2.204827 -0.334338  0.218488 -0.358693 -2.378536 -1.904554 -1.542370
132 N 132 -0.820432 -0.257995  0.538281 -0.123285 -2.237829  0.000619  0.121639 -0.820594 -0.194731 -2.013481 -1.961524  0.084735 -1.217164 -2.123006 -0.605976 -0.005929 -0.480912 -2.510120 -1.406917 -1.600082
133 G 133 -0.136045 -1.560348  0.156186 -0.155524 -2.672125 -1.295761 -1.089577  3.628065 -1.515454 -3.382614 -3.448398 -1.412985 -2.541411 -2.787536 -1.605582  0.153669 -1.359784 -2.340358 -2.652600 -2.597674
134 T 134 -0.101077 -1.153054 -0.333731  0.062858 -1.155376 -0.462209 -0.275595 -0.470217 -1.165882 -1.993940 -1.978867 -0.848349 -1.424562 -2.164398 -1.370616  0.267541 -0.257548 -2.589040 -1.925673 -1.554531
135 G 135 -1.226718 -1.273215 -0.919697 -1.532879 -1.929492 -1.117171 -1.271325 -1.359250  0.854540 -1.600140 -1.568604 -1.392336 -1.102170  0.718781 -2.441478 -0.819944 -1.447925 -0.831886  1.236007 -1.683082
136 Y 136 -1.524828 -1.906472 -2.001670 -2.811832 -1.776211 -1.441500 -2.099106 -2.683118  0.164317 -0.368744  0.067083 -1.959497 -0.254726  1.616050 -2.801602 -1.657598 -1.376732  0.326144  2.833335 -0.649561
137 V 137 -0.629162 -0.371642 -0.853971 -1.335984 -2.125420 -0.329106 -0.555884 -1.818032 -1.160312 -1.190200 -0.934914  0.042877 -0.566935 -2.023998 -0.974552 -0.610552 -0.592200 -2.692174 -1.571342 -0.789084
138 R 138 -0.733520 -0.296127 -1.425966 -2.046864 -1.148830 -0.749701 -1.174601 -2.283136 -1.409937 -1.086179 -0.954112 -0.180610 -0.477865 -1.804973 -1.207172 -0.912806 -0.726311 -1.804699 -1.359356 -0.807553
139 H 139 -1.906416  0.018881  0.933498 -1.010233 -2.912547 -0.010369 -0.034277 -1.960888  7.495846 -2.892312 -2.865453 -0.943091 -1.899690 -1.033455 -1.928086 -0.927495 -1.900394 -2.012253  1.806301 -2.894133
140 V 140 -0.527697 -1.477421 -1.275311 -0.975552 -1.375558 -0.993358 -0.979708 -2.183542 -1.550955 -0.103404 -0.501270 -1.202157 -0.383092 -1.151141 -1.855645 -0.756435 -0.434652 -2.474126 -0.982268  0.075599
141 D 141 -1.933365 -1.884931  0.942449  5.709602 -2.957692 -0.000161  1.911365 -0.993633 -0.942517 -2.961053 -3.908352 -0.954648 -2.923158 -2.958804 -0.949127 -0.019717 -0.992630 -3.922536 -2.923709 -2.946322
142 N 142 -0.523568 -0.725467  0.970965 -0.725306 -1.641657 -0.463607 -0.568580 -1.017292 -0.633118 -1.485086 -1.561013 -0.475842 -0.979334 -1.556487 -1.788552  0.299179 -0.092925 -2.608684 -1.213061 -1.199520
143 P 143 -0.870087 -1.653645 -1.277190 -1.385400 -1.519986 -1.284533 -1.317872 -1.838744 -1.183579 -1.032837 -1.118486 -1.369197 -0.793965 -0.761647 -0.262527 -0.716329 -0.874489 -2.186745 -0.924756 -0.967348
144 N 144 -0.564345 -0.233439  0.136714 -0.443781 -2.283446  0.066274  0.043616 -0.732816 -0.335509 -2.065154 -1.939049 -0.079103 -1.245131 -2.069724 -1.332159 -0.043852 -0.549609 -2.433759 -1.293936 -1.599430
145 G 145 -0.562803 -1.057542 -0.057290 -0.437708 -2.189123 -0.711996 -0.626822  0.633681 -0.675583 -2.227574 -2.151939 -0.897213 -1.574151 -1.743863 -1.584813 -0.084770 -0.740801 -1.906393 -1.165339 -1.781815
146 D 146 -0.911123 -0.568070  0.450139  1.248125 -2.287560  0.102383  0.725323 -0.887780 -0.682810 -2.116000 -2.211780 -0.084091 -1.513262 -2.236250 -0.850407  0.037752 -0.534964 -2.678864 -1.846080 -1.802749
147 G 147 -0.317205 -0.922493 -0.090128 -0.402503 -1.925492 -0.391983 -0.380807  0.130980 -0.714961 -2.226109 -2.190302 -0.640202 -1.439335 -1.863355 -0.977191  0.349454 -0.591105 -1.922542 -1.404936 -1.792807
148 R 148 -0.953658  3.280555  0.194446 -1.589516 -2.687971  0.540953 -0.160979 -1.641986 -0.141106 -2.650767 -1.903845  1.412631 -1.030998 -2.378998 -1.892411 -0.622373 -0.807798 -2.646220 -1.613593 -2.585400
149 C 149 -0.762880  1.254005 -0.635200 -1.065883 -1.433536  0.048296 -0.232624 -2.060068 -0.772846 -1.893118 -1.577959  0.576637 -0.888263 -2.257433 -1.785388 -0.679680 -0.795670 -2.728131 -1.690466 -1.675800
150 V 150 -0.693490 -2.487120 -2.744057 -3.117193 -1.085679 -2.056675 -2.440675 -3.214256 -2.100594  1.920706  1.377385 -2.209533  0.746813  0.329983 -2.638493 -1.798458 -0.836219 -1.651267  0.276501  1.745293
151 T 151  0.572082 -0.973421  0.451185 -0.677644 -0.954531 -0.647700 -0.655212 -0.986316 -1.459009 -1.403901 -1.433838 -0.655413 -1.040723 -2.038225 -1.107733  1.820184  2.612857 -2.552606 -1.963872 -0.810865
152 C 152  0.075241 -1.982229 -2.149013 -2.573661 -0.058810 -1.655134 -2.110561 -2.198722 -1.821005  0.149818  0.148075 -1.827378  0.173757 -0.005385 -2.271093 -0.737704 -0.297522 -1.417697 -0.226611  0.288722
153 I 153 -0.593318 -2.426512 -2.686863 -3.042818 -1.023640 -2.064087 -2.411189 -3.411794 -2.730028  2.525015  1.885783 -2.120812  1.138226 -0.455932 -2.482633 -1.683861 -0.479177 -2.593278 -1.019371  2.283601
154 Y 154 -1.091724 -2.137344 -2.557356 -3.280497 -1.025215 -1.828183 -2.557674 -3.330010 -1.629790  1.046313  1.640653 -2.075249  0.789593  0.809874 -2.818633 -1.735400 -0.973794 -0.944759  0.943347  0.579681
155 Y 155 -1.855008 -1.918075 -1.758504 -2.754115 -1.984691 -0.992592 -1.908380 -2.594697  1.602211 -1.096233 -1.069208 -1.917400 -0.973500  2.611260 -2.900172 -1.777033 -1.874542  1.552394  5.938449 -1.094414
156 L 156 -0.930980 -2.023537 -2.836293 -3.678864 -0.943426 -1.903911 -2.800547 -3.684392 -2.760462  1.729959  3.226412 -1.954945  1.818309  0.133494 -2.746564 -1.837855 -0.955275 -1.870232 -0.833450  0.962850
157 N 157 -1.275540 -0.484886  3.647087  0.361288 -2.335108 -0.267609 -0.235850 -0.542868  0.303328 -2.185224 -2.318191 -0.340252 -1.549628 -2.454207 -1.686992  0.933551  0.438270 -3.389424 -1.709587 -2.042723
158 K 158 -0.940088 -0.599995 -0.248137  1.068478 -2.705707  0.230435  0.969951 -1.350324 -0.988691 -2.517490 -2.542339  0.176713 -1.715212 -2.789543  0.481615 -0.187450 -0.716636 -3.114034 -2.213485 -1.961545
159 D 159 -1.102126 -0.971969  0.786568  2.069833 -2.597457  0.119859  1.054387 -0.681030 -0.583536 -2.488844 -2.819078 -0.400662 -1.964330 -2.601945 -0.702674  0.119716 -0.643191 -3.122606 -2.140346 -2.129063
160 W 160 -2.155319 -2.395588 -2.790446 -2.719543 -1.762763 -1.573416 -2.179132 -1.667800 -1.436126 -2.247998 -1.673837 -2.272529 -0.932260  0.691831 -2.759584 -1.997069 -1.521272  6.468495  1.382359 -2.240693
161 D 161 -0.876241 -0.202603  0.032510  0.436197 -2.260722  0.617589  0.635657 -1.142353 -0.711771 -2.273723 -2.043532  0.361963 -1.186906 -2.198986 -0.895177 -0.018778 -0.599498 -1.918495 -1.553525 -1.837486
162 A 162  0.038795 -0.870990 -0.783657 -0.607486 -1.537001 -0.342910 -0.112251 -1.086387 -1.172514 -1.493929 -1.543185 -0.404392 -1.018952 -2.106816  0.251045  0.064251 -0.244026 -2.525265 -1.705693 -0.932835
163 K 163 -0.564976 -0.152164  0.152074  0.817112 -2.507209  0.575871  1.453253 -0.897651 -0.504219 -2.399644 -2.340471  0.544672 -1.523256 -2.368400 -0.926846  0.239207 -0.620130 -2.656838 -1.806498 -1.832611
164 V 164 -0.990713 -1.217319 -0.915156 -0.840396 -1.809399 -0.639428 -0.563564 -1.464183 -0.618055 -1.394107 -1.304700 -0.952683 -0.884889 -0.467810 -1.893071 -0.670072 -0.800100 -0.512702 -0.018410 -1.235499
165 S 165 -0.647178 -1.238750  0.338140  0.591909 -2.488976 -0.602988 -0.146840  1.470375 -0.611051 -2.825515 -2.956690 -0.959328 -2.114311 -2.243016 -1.496877  0.098167 -1.052531 -2.167234 -1.845454 -2.314389
166 G 166 -0.051917 -1.862258 -0.124568 -1.027854 -2.707419 -1.821795 -1.858780  5.074659 -1.753913 -3.667273 -3.660132 -1.877002 -2.748539 -2.658527 -1.971844 -0.071217 -1.854102 -1.859778 -2.511711 -2.765534
167 G 167 -0.179491 -1.347253 -0.105451 -0.411208 -2.513274 -0.834904 -0.483662  2.704805 -1.298697 -3.161668 -3.112294 -1.173492 -2.253846 -2.663014 -1.689490  0.008380 -1.355168 -2.233255 -2.370535 -2.344791
168 I 168 -0.374517 -1.039731 -1.541588 -1.860852 -1.511181 -0.794235 -0.875767 -2.420564 -1.677466 -0.167910  0.561504 -0.973053  0.145433 -0.993160 -2.055665 -0.771258 -0.535157 -2.255829 -1.224224 -0.247730
169 L 169 -0.894980 -1.312419 -1.970889 -2.395424 -1.555110 -1.212476 -1.482139 -3.006660 -1.725769  0.447981  1.188302 -1.323807  0.534201 -0.269511 -2.440245 -1.331701 -0.725782 -1.937472 -0.707483  0.122751
170 R 170 -0.786298 -0.242037 -1.535634 -2.121442 -1.787587 -0.703502 -1.080882 -2.630393 -1.386927 -0.149208  0.106605 -0.691068  0.156332 -0.807923 -2.219394 -1.136771 -0.661504 -2.163431 -0.908031 -0.206832
171 I 171 -1.283878 -2.012276 -2.347937 -2.899997 -1.412888 -1.834798 -2.323626 -2.989314 -1.236823  0.538852  0.730604 -2.055221  0.350975  1.225608 -2.823277 -1.660548 -0.993326 -0.233765  1.001224  0.110522
172 F 172 -1.229221 -1.337221 -1.008276 -1.396361 -1.964486 -0.837080 -0.980944 -2.008586 -0.177145 -1.080357 -0.915844 -1.223969 -0.608016  0.551339 -2.269530 -0.851994 -1.088159 -0.710754  1.007180 -1.162753
173 P 173 -0.865230 -1.186473 -0.412016  0.393829 -2.422358 -0.322444 -0.028403 -1.291113 -1.262246 -2.309000 -2.337563 -0.451388 -1.528826 -2.789700  1.593497 -0.166338 -0.603535 -3.196262 -2.273487 -1.797560
174 E 174 -1.006973 -0.897771  0.275285  1.544569 -2.455522  0.090353  1.063508 -1.119797 -0.757651 -2.213424 -2.390669 -0.266518 -1.655817 -2.196452 -1.048717  0.057569 -0.555694 -2.828864 -1.914193 -1.880133
175 G 175 -0.447063 -0.844083 -0.097432 -0.058741 -2.025042 -0.271632 -0.062240 -0.362259 -0.929961 -2.046325 -2.010171 -0.443877 -1.251136 -2.112472 -1.013833  0.035430 -0.618484 -2.358686 -1.721450 -1.575172
176 K 176 -0.554620 -0.484096  0.026583 -0.245063 -2.091393 -0.130921  0.035553 -0.880920 -0.647652 -1.985508 -1.887204 -0.015375 -1.240950 -2.152742 -0.920402  0.099454 -0.360132 -2.597380 -1.614629 -1.530659
177 A 177 -0.548162 -0.492460  0.556408  0.596157 -2.293389  0.167156  0.613571 -0.792672 -0.708103 -2.235721 -2.247822 -0.069408 -1.489517 -2.351900 -1.079188  0.355120 -0.071860 -2.797744 -1.893049 -1.734763
178 Q 178 -0.731665 -0.647177 -1.049443 -1.145150 -1.752334 -0.035670 -0.263754 -2.058679 -0.915930 -1.018974 -1.104628 -0.424587 -0.537036 -1.653416 -0.947868 -0.703651 -0.676870 -2.257522 -1.005509 -0.602632
179 F 179 -0.437317 -1.451020 -1.364540 -1.597920 -1.423433 -1.016175 -1.088420 -1.807461 -1.424356 -0.414479 -0.667673 -1.147816 -0.452283 -1.069261 -1.098738 -0.660364 -0.168888 -2.001329 -0.923188 -0.053174
180 A 180  0.327834 -0.716994 -1.333100 -1.621927 -1.381591 -0.571675 -0.639286 -1.617868 -1.214638 -0.569530 -0.643554 -0.387311 -0.385530 -1.521440 -1.551006 -0.407209 -0.425803 -2.394264 -1.251929 -0.080767
181 D 181 -0.413314 -0.220494  0.184944  0.459396 -2.033901  0.248281  0.576812 -1.262287 -0.972127 -2.010723 -1.994742  0.209214 -1.301825 -2.393732 -1.141823  0.498654  0.344362 -2.811573 -1.971120 -1.515014
182 I 182 -0.617648 -2.742606 -2.829863 -2.955553 -1.036078 -2.342124 -2.454412 -3.354797 -2.659021  2.873180  1.463274 -2.361225  0.912586 -0.115578 -2.525075 -1.868672 -0.632655 -2.490609 -0.662229  2.723088
183 E 183 -0.262408 -0.546996 -0.865842 -0.783688 -2.103204  0.142757  0.375174 -1.852479 -0.974518 -1.425416 -1.295731 -0.097759 -0.764447 -1.995032 -0.780731 -0.241326 -0.480466 -2.578140 -1.440957 -0.874504
184 P 184 -0.841598 -1.881957 -1.890636 -1.073486 -2.728857 -0.990224 -1.021279 -1.940974 -1.937378 -2.647815 -2.645107 -0.989815 -1.767267 -3.653365  6.032977 -0.876293 -0.891283 -3.775159 -2.776461 -1.758603
185 K 185 -0.424909  0.297216 -0.811057 -1.410750 -2.038341  0.098837 -0.164055 -2.016035 -1.254375 -1.186307 -0.763752  0.649867 -0.400206 -1.984242 -1.512883 -0.338380 -0.441394 -2.642057 -1.594704 -0.832391
186 F 186 -0.548429 -1.473968 -1.585722 -2.002343 -1.082991 -1.363931 -1.666404 -1.497585 -1.202867 -1.328286 -1.093213 -1.404090 -0.695853  0.114168 -1.850373 -0.770555 -1.048913 -0.789067 -0.206500 -1.260714
187 D 187 -0.868906 -1.306987  1.978570  0.548127 -2.875997 -1.045384 -0.786120  2.886297 -0.858179 -3.403905 -3.532359 -1.174246 -2.571139 -2.871682 -1.825744  0.312688 -1.166319 -2.834438 -2.558410 -2.888003
188 R 188 -0.555052  2.242396  0.111218 -1.227886 -2.177949  0.640258 -0.069911 -1.577620 -0.560679 -2.377430 -1.778716  0.948436 -0.893791 -2.571996 -1.589325  0.055412  0.132119 -2.690220 -1.872356 -2.095433
189 L 189 -0.445417 -2.030450 -2.664924 -3.283236 -0.611918 -1.815768 -2.541481 -3.198325 -2.618315  1.559307  2.257351 -1.919416  1.506763 -0.099839 -2.568518 -1.469732 -0.711368 -1.941613 -0.920422  1.144379
190 L 190  0.119973 -2.339692 -2.384502 -2.709989 -0.897940 -1.779875 -1.965787 -2.626688 -2.565398  1.880680  1.064782 -1.788912  0.729724 -0.808431 -2.073448 -1.148799 -0.152391 -2.668738 -1.109195  2.201762
191 F 191 -0.637732 -2.450118 -2.659827 -2.959561 -1.039915 -2.227434 -2.535530 -2.779090 -2.270655  1.454589  1.174929 -2.275580  0.752291  0.949927 -2.769832 -1.541142 -0.974270 -1.633348 -0.169114  1.093610
192 F 192 -1.919636 -2.833412 -2.893431 -2.954122 -1.912145 -2.760174 -2.872285 -2.925282 -1.011905 -0.009884  0.059559 -2.831757  0.153511  5.411394 -3.808936 -1.929395 -1.901038  1.039768  2.750345 -0.916478
193 W 193 -0.848632 -0.712639 -0.882243 -0.957606 -1.996271 -0.197925 -0.290706 -1.818317 -1.196646 -1.661265 -1.190171 -0.423283 -0.712404 -1.574944 -1.176862 -0.374306 -0.402187 -0.989535 -1.160078 -1.402894
194 S 194  0.639696 -1.149240  0.020068 -0.750259 -1.063733 -0.468146 -0.528748 -0.452387 -1.242349 -1.066096 -1.355896 -0.514236 -0.707892 -1.731747 -1.138898  1.889813  0.680428 -2.617567 -1.623584 -0.733764
195 D 195 -0.518880 -0.986688  0.425448  1.220519 -2.110438  0.014574  0.610944  0.095012 -0.714551 -2.360097 -2.530251 -0.519931 -1.732702 -2.312469 -0.953731  0.487784 -0.453443 -2.581081 -1.959822 -1.931667
196 R 196 -0.595076  0.216449 -0.414271 -0.358031 -2.017107  0.284151  0.304164 -1.292592 -0.710963 -2.038464 -1.802497  0.256167 -1.062931 -2.344555 -0.170580 -0.255988 -0.628928 -2.544638 -1.722225 -1.588176
197 R 197 -0.869269 -0.121276 -0.600390 -0.925089 -2.014000 -0.292076 -0.146149 -1.721855 -0.631348 -1.255455 -1.076441 -0.303793 -0.669067 -0.732061 -1.642007 -0.530956 -0.550458 -1.629896 -0.672934 -1.155637
198 N 198 -0.415640 -1.000288  0.476715 -0.979818 -1.235125 -0.690295 -0.895175 -1.228781 -0.775803 -0.614388 -0.696476 -0.769139 -0.333347 -1.255601 -1.627355  0.533670  0.131772 -2.264149 -1.118390 -0.608967
199 P 199 -1.237621 -1.807822 -2.053146 -1.907556 -2.050513 -1.187455 -1.379818 -2.281397 -1.403797 -1.212278 -0.813221 -1.395683 -0.563589 -0.581627  0.497868 -1.332876 -1.119670 -0.641012 -0.343004 -1.077070
200 H 200 -1.902839 -0.059740  0.916284 -0.996218 -2.844258 -0.041094 -0.053968 -1.908606  7.470566 -2.827369 -2.843207 -0.987065 -1.898471 -0.943753 -1.943933 -0.969234 -1.902176 -1.906968  1.910335 -2.815406
201 E 201 -0.463264 -0.122334 -0.094550  0.366376 -2.928599  0.662383  1.836097 -0.226446 -0.549496 -2.766701 -2.640460  0.157949 -1.740116 -2.569173 -1.344863  0.179004 -0.932304 -2.507607 -1.929682 -2.052335
202 V 202 -0.092441 -2.347915 -2.209363 -2.355537 -1.242024 -1.582412 -1.535519 -2.240407 -1.758160  1.537318  0.139112 -1.693417  0.265272 -1.037021 -1.878556 -1.482290 -0.353959 -2.640235 -0.760733  2.292805
203 Q 203 -0.667891 -0.352445 -1.066060 -1.700062 -1.412456 -0.191053 -0.684445 -2.318953 -1.426560 -0.769943 -0.066412 -0.294243  0.098718 -1.506790 -1.795701 -0.574204 -0.308955 -2.096588 -1.343370 -0.641201
204 P 204 -0.358023 -1.119433 -1.328699 -0.916592 -2.374026 -0.449364 -0.446521 -1.541089 -1.577487 -2.273341 -2.207642 -0.392000 -1.424799 -3.029756  3.080246 -0.353654 -0.605983 -3.255977 -2.306014 -1.480379
205 A 205  0.560818 -1.749322 -1.645245 -1.696442 -0.968403 -1.135147 -1.042679 -1.775723 -1.937421  0.225219 -0.485109 -1.191691 -0.271768 -1.357523 -1.154235 -0.302597  0.206954 -2.612452 -1.288529  0.900206
206 Y 206 -0.692185 -0.677966  0.141883 -0.449467 -2.074250 -0.281443 -0.136290 -1.085384 -0.277892 -1.779074 -1.773728 -0.365530 -1.189681 -1.454646 -1.583820  0.131724  0.047331 -2.096966 -0.864390 -1.377499
207 A 207 -0.107581  0.772485 -0.392578 -1.172130 -1.907993  0.016070 -0.220802 -0.469886 -0.857929 -2.283956 -1.915972  0.686513 -1.182971 -2.389852 -1.506032 -0.147006 -0.830627 -2.529734 -1.798958 -1.739282
208 T 208 -0.668462 -0.542418 -0.264646 -0.056083 -2.128599  0.057569  0.269226 -1.392532 -0.902350 -1.980334 -1.944787 -0.212992 -1.202322 -2.372607 -0.123552 -0.016487  0.182928 -2.609167 -1.812449 -1.386242
209 R 209 -0.917249  4.418737 -0.022592 -1.807037 -2.755236  0.908271  0.031870 -1.859168 -0.061716 -2.727315 -1.807095  1.903203 -0.902527 -2.747603 -1.814721 -0.879484 -0.917249 -2.765589 -1.839116 -2.693702
210 Y 210 -1.200353 -1.345243 -1.921081 -2.656530 -0.799899 -1.257544 -1.935255 -2.734954 -0.591462 -0.307251  0.089835 -1.351590  0.015709  0.803040 -2.586384 -1.460811 -1.243104 -0.315014  1.508818 -0.503706
211 A 211  1.685514 -1.094693 -0.533579 -1.056249 -0.318749 -0.632161 -0.696904 -0.434151 -1.481833 -1.153838 -1.217575 -0.657404 -0.790047 -1.724182 -1.102538  1.866390  0.666546 -2.488101 -1.713403 -0.727928
212 I 212 -0.678593 -2.430111 -2.692303 -2.935807 -0.933554 -2.249031 -2.521819 -3.338016 -2.589993  2.662848  1.910347 -2.284565  1.120315  0.079529 -2.576735 -1.711548 -0.792210 -2.293274 -0.739101  2.123084
213 T 213  0.787844 -0.838134 -0.198346 -0.998067 -0.952975 -0.487579 -0.668189 -1.102600 -1.434354 -1.070285 -1.085606 -0.712222 -0.808220 -1.813681 -1.036214  0.973060  1.983139 -2.293308 -1.664448 -0.373646
214 V 214 -0.146235 -1.760753 -1.155700 -1.835944 -1.434689 -1.579019 -1.807657  0.410657 -1.977467 -0.718466 -0.753514 -1.565332 -0.627132 -1.330922 -1.937064 -0.560972 -0.725495 -1.990252 -1.591466 -0.366983
215 W 215 -2.343737 -2.356458 -2.919370 -3.128011 -1.707498 -1.550807 -2.345968 -1.726038 -1.325362 -2.333807 -1.612842 -2.330013 -0.863180  0.849023 -3.189723 -2.233987 -1.539917  7.850964  1.874173 -2.325789
216 Y 216 -1.364527 -1.901746 -1.987371 -2.337515 -1.405486 -1.609892 -1.974195 -2.356639 -0.194116  0.004558  0.058222 -1.901130  0.031066  2.904665 -2.615871 -1.481128 -1.368353  0.620411  2.677143 -0.432880
217 F 217 -0.967490 -0.304735 -0.613296 -1.380710 -1.427954 -0.518137 -0.821262 -1.610824  0.983084 -0.887409 -0.679957 -0.640699 -0.406304  0.439710 -1.597426 -0.747259 -0.700249 -0.531915  1.077154 -0.966866
218 D 218 -0.348317 -0.234980 -0.052024  0.292687 -0.981007 -0.141684 -0.014411 -0.678042 -0.649601 -1.144164 -1.197064 -0.293730 -0.827341 -1.301989 -0.834199  0.095747  0.170442 -1.506407 -1.137014 -0.957486
219 A 219  0.082184 -0.068193 -0.077894 -0.084610 -1.096884 -0.016250  0.169900 -0.554604 -0.431484 -1.217176 -1.161705  0.085324 -0.792754 -1.376481 -0.203909  0.172287 -0.205579 -1.656254 -1.080835 -0.911861
220 D 220 -0.339027 -0.087675 -0.029643  0.250507 -1.223350  0.381983  0.585388 -0.590139 -0.363978 -1.080919 -0.993419  0.280834 -0.585715 -1.186225 -0.349373  0.067392 -0.315639 -1.303011 -0.878953 -0.812062
221 E 221 -0.264676  0.099180 -0.059762  0.332841 -1.256977  0.495112  1.161603 -0.684445 -0.088774 -1.007082 -0.958358  0.308692 -0.615238 -1.022053 -0.404178 -0.003794 -0.312907 -1.107307 -0.700321 -0.714380
222 R 222 -0.337158  0.847714 -0.048191 -0.478600 -0.959851  0.179325 -0.003618 -0.595077  0.128002 -0.938133 -0.708152  0.393352 -0.406495 -0.862452 -0.462770 -0.241070 -0.333891 -0.922678 -0.492120 -0.860445
223 A 223  0.335245 -0.284625 -0.385143 -0.229789 -0.534637 -0.082290  0.051614 -0.378207 -0.477723 -0.472239 -0.471187 -0.158240 -0.346572 -0.739858 -0.223646  0.035046 -0.157156 -0.968790 -0.632913 -0.244188
224 R 224 -0.090983  0.218820 -0.112985 -0.078666 -0.777926  0.335089  0.440345 -0.482680 -0.189452 -0.674580 -0.558256  0.197885 -0.260717 -0.755823 -0.368065 -0.032505 -0.228345 -0.801657 -0.541495 -0.490581
225 A 225  0.651875 -0.245541 -0.415424 -0.450827 -0.187221 -0.178010 -0.210011 -0.088203 -0.404924 -0.304587 -0.303287 -0.224908 -0.242675 -0.457063 -0.320530  0.143807 -0.082607 -0.684038 -0.378416 -0.090408
226 K 226 -0.223385  0.201089 -0.065442 -0.004165 -0.619401  0.208050  0.322215 -0.460245 -0.194182 -0.560880 -0.433761  0.410225 -0.251327 -0.616992 -0.315133 -0.073063 -0.213267 -0.671105 -0.452537 -0.426721
227 V 227 -0.067524 -0.026019 -0.053226 -0.015334 -0.481915  0.049633  0.161103 -0.345476 -0.193502 -0.359375 -0.338016  0.043551 -0.222560 -0.491592 -0.255509 -0.007113 -0.091807 -0.627077 -0.392978 -0.261463
228 K 228 -0.142946  0.447460  0.000000 -0.181408 -0.434482  0.161941  0.110128 -0.285893 -0.075234 -0.428839 -0.291536  0.502614 -0.145252 -0.428839 -0.201677 -0.058731 -0.142946 -0.425501 -0.282555 -0.344623
