  133         A         R         N         D         C         Q         E         G         H         I         L         K         M         F         P         S         T         W         Y         V    
  1 D   1 -0.271272 -0.172371  0.153235  0.681389 -0.598286  0.153103  0.555128 -0.239288 -0.075010 -0.521735 -0.607920 -0.009634 -0.434009 -0.521735 -0.185087  0.011175 -0.162737 -0.619095 -0.434009 -0.445183
  2 T   2 -0.083321  0.015893 -0.024109 -0.199428 -0.464395  0.085356 -0.002312 -0.399598 -0.265895 -0.387980 -0.356815  0.081818 -0.180349 -0.549657 -0.301120  0.120585  0.237800 -0.627057 -0.418313 -0.231533
  3 D   3 -0.596428 -0.443179  0.121617  1.136947 -1.286732  0.244389  0.975790 -0.701828 -0.294620 -0.986295 -1.049941 -0.110519 -0.779805 -1.069422 -0.521491 -0.082312 -0.392245 -1.351270 -0.908370 -0.864377
  4 S   4 -0.184062  0.055332  0.304911 -0.036796 -1.278432  0.678445  0.491402 -0.675254 -0.321195 -1.343027 -1.173413  0.271612 -0.565352 -1.411907 -0.508863  0.664257  0.067240 -1.552385 -0.969478 -1.057814
  5 E   5 -0.611341 -0.232806 -0.307255  0.378139 -1.751498  0.408657  1.226672 -1.303835 -0.486722 -0.979827 -1.033802  0.304883 -0.636432 -1.342196 -0.807778 -0.251746 -0.551362 -1.701988 -1.020477 -0.676415
  6 E   6 -0.421640 -0.048935  0.036265  0.910297 -1.992520  1.010626  1.873237 -1.000969 -0.237157 -1.716550 -1.664649  0.477993 -1.018181 -1.782898 -0.656206  0.102922 -0.514195 -1.873152 -1.232956 -1.210892
  7 E   7 -0.813437 -0.170526  0.126855  1.228169 -2.565080  1.075290  2.597444 -1.322002  0.244173 -1.989207 -2.028766  0.378408 -1.314912 -1.951806 -0.843969 -0.070163 -0.724904 -2.109679 -1.220419 -1.441704
  8 I   8 -0.881619 -1.800141 -2.210754 -2.658186 -0.895955 -1.726030 -2.197347 -2.838255 -1.853948  1.518369  1.912482 -1.786192  1.049230  0.749904 -2.347100 -1.478167 -0.872974 -1.210661 -0.042217  0.862265
  9 R   9 -0.689730  1.529543 -0.289264 -1.161819 -2.037476  0.525326  0.146130 -1.600390 -0.470898 -1.813010 -1.188021  1.727183 -0.550072 -1.764107 -1.226886 -0.353116 -0.692102 -1.927138 -1.109867 -1.481120
 10 E  10 -0.526154  0.115040 -0.038303  0.859421 -2.452242  1.045583  2.158088 -1.301251 -0.339816 -2.074110 -1.965834  0.743001 -1.237365 -2.140292 -0.884067  0.035006 -0.626222 -2.276803 -1.507901 -1.469976
 11 A  11  1.878331 -1.004354 -1.597678 -1.744406 -0.144902 -0.810077 -1.059834 -0.737851 -1.656705 -0.195592 -0.226830 -0.934099  0.023451 -1.211159 -1.091631  0.207733 -0.107792 -2.071744 -1.337012  0.364007
 12 F  12 -1.554471 -2.344812 -2.355163 -2.365425 -1.554247 -2.331495 -2.349439 -2.368291 -0.814087  0.041745  0.031637 -2.342062  0.034584  4.579644 -3.117092 -1.571454 -1.551497  0.755540  2.292583 -0.728782
 13 R  13 -0.498837  0.686203  0.250603 -0.070042 -1.878112  0.610194  0.527548 -1.137459 -0.439875 -1.937546 -1.615294  0.893065 -0.857738 -2.033474 -1.094030  0.240378 -0.426784 -2.301638 -1.484370 -1.615852
 14 V  14 -0.505798 -1.257782 -1.482837 -1.971505 -1.132492 -0.907965 -1.254742 -2.197524 -1.374795  0.578440  0.749729 -1.047868  0.698889 -0.335621 -1.793925 -0.892763 -0.497098 -1.557083 -0.420234  0.556771
 15 F  15 -1.353895 -2.152988 -2.247657 -2.375466 -1.383022 -2.043422 -2.231618 -2.440711 -1.017992  0.406798  0.382723 -2.133802  0.443937  3.471311 -2.836325 -1.476190 -1.350852  0.234999  1.685496 -0.249510
 16 D  16 -1.547357 -1.555119  0.789295  4.618115 -2.357959  0.004767  1.552501 -0.779818 -0.784681 -2.348363 -3.122033 -0.775834 -2.335555 -2.359678 -0.799441  0.011166 -0.771879 -3.139608 -2.347461 -2.335221
 17 K  17 -0.381983  0.609836 -0.241094 -0.813778 -1.748114  0.229260  0.125384 -1.517455 -0.951344 -1.522520 -1.126143  1.410139 -0.634064 -1.938405 -0.969508  0.054536  0.243921 -2.166942 -1.482311 -0.967307
 18 D  18 -1.440421 -1.088501  1.501452  3.456964 -2.365995  0.073672  1.275267 -0.642404 -0.408236 -2.342152 -2.874072 -0.474378 -2.093043 -2.344328 -0.955925  0.198148 -0.587755 -3.063794 -2.114351 -2.272082
 19 G  19 -0.412839 -0.627032  0.766727 -0.397558 -2.244271 -0.625107 -0.665249  2.195020 -0.774687 -2.711625 -2.590742 -0.440901 -1.798994 -2.275979 -1.421381  0.172836 -1.048205 -2.027356 -1.920159 -2.149773
 20 N  20 -0.658071 -0.827049  1.368764  1.782762 -1.761820 -0.028360  0.547926 -0.448688 -0.548798 -1.991274 -2.255779 -0.288290 -1.530335 -2.055983 -0.967100  1.149724  0.177756 -2.736254 -1.870343 -1.898479
 21 G  21 -0.006651 -1.550112  0.024373 -0.772902 -2.367401 -1.533530 -1.527094  4.613284 -1.551735 -3.141727 -3.137870 -1.533041 -2.346783 -2.365902 -1.574637  0.025124 -1.545195 -1.605162 -2.346367 -2.358337
 22 Y  22 -0.631310 -0.706471 -0.765022 -1.328282 -1.184168 -0.550421 -0.845155 -1.722350 -0.466046 -0.978529 -0.831722 -0.513123 -0.524497 -0.005672 -1.641399 -0.226772  0.071232 -0.965719  0.356549 -0.806370
 23 I  23 -0.726625 -2.335775 -2.365999 -2.405385 -0.798504 -2.274335 -2.311726 -3.100235 -2.355145  3.011906  1.568206 -2.279588  0.824130 -0.056119 -2.319083 -1.565624 -0.736743 -2.341496 -0.788489  2.339823
 24 S  24 -0.134671 -0.857330  0.504262  0.463580 -1.245776 -0.292446  0.034709 -0.829819 -1.035178 -1.484718 -1.601327 -0.450887 -1.136995 -1.810580 -0.802985  1.253537  1.625946 -2.203164 -1.719029 -1.093341
 25 A  25  0.126957 -0.862830 -1.268688 -1.649471 -0.931043 -0.847254 -1.053985 -1.616744 -1.267700 -0.310994 -0.340709 -0.687056 -0.237901 -0.634457 -1.348948 -0.336049 -0.018850 -1.652539 -0.624922 -0.044797
 26 A  26 -0.428541  0.056345  0.017861  0.561883 -2.165950  0.640428  1.270955 -1.128118 -0.562056 -1.993478 -1.857404  0.786030 -1.162388 -2.134572 -0.854569  0.178774 -0.501107 -2.404194 -1.602229 -1.473052
 27 E  27 -0.833211 -0.107064  0.146733  1.652558 -3.022706  1.391955  3.526826 -1.479908 -0.083483 -2.344500 -2.380161  0.668244 -1.582502 -2.352234 -0.836403  0.039943 -0.753418 -2.443246 -1.630556 -1.635947
 28 L  28 -0.848614 -1.676973 -2.383480 -3.081822 -0.867375 -1.656963 -2.370162 -3.117103 -2.265767  1.541127  2.814869 -1.671821  1.484412  0.331656 -2.434463 -1.585849 -0.848614 -1.463321 -0.570370  0.784990
 29 R  29 -0.383777  0.735651 -0.118407 -0.953897 -2.177374  0.092657 -0.074971 -0.004612 -0.811840 -2.392679 -1.953596  1.079301 -1.188855 -2.298730 -1.342471 -0.119277 -0.922461 -2.260014 -1.748253 -1.819415
 30 H  30 -0.292271 -0.409209 -0.361154 -0.744018 -1.612452 -0.059030 -0.049431 -1.524050 -0.375344 -1.082919 -1.127571 -0.281802 -0.620240 -1.548875 -1.309461 -0.064328  0.080863 -2.138134 -1.016489 -0.660191
 31 V  31  0.758623 -1.800242 -1.829471 -2.065773 -0.680135 -1.443493 -1.578638 -0.905889 -2.104730  0.527757 -0.050499 -1.473844 -0.003637 -1.163396 -1.588631 -0.566514 -0.342471 -2.273829 -1.321934  1.047674
 32 M  32 -0.684221 -1.383566 -2.143187 -2.893084 -0.668024 -1.019710 -2.128802 -2.850335 -2.110929  1.164539  2.211529 -1.373531  2.480416 -0.022752 -2.130273 -1.213350 -0.787824 -1.341891 -0.814525  0.793299
 33 T  33 -0.435146  1.629460 -0.156387 -1.116217 -2.056305  0.476348  0.076878 -1.406757 -0.499642 -1.979992 -1.501778  1.105896 -0.787810 -2.186755 -1.313352 -0.189742 -0.272200 -2.340524 -1.537721 -1.606562
 34 N  34  0.057149 -0.232142  0.180587 -0.451951 -1.476994 -0.013586  0.096931 -0.974344 -0.819546 -1.446853 -1.375969  0.215915 -0.773882 -1.877428 -1.168274  0.759914  0.002559 -2.511273 -1.555524 -1.093620
 35 L  35 -0.815009 -1.675454 -2.154405 -2.702956 -1.016490 -1.450930 -2.049393 -2.966675 -2.069980  1.322979  2.065504 -1.577343  1.263916  0.004649 -2.283016 -1.413526 -0.722644 -1.648644 -0.621273  0.824196
 36 G  36  0.137943 -1.456027 -0.077905 -0.732181 -2.270133 -1.402154 -1.366461  3.941141 -1.553940 -3.018207 -3.020123 -1.416766 -2.254157 -2.414622 -1.568680  0.078355 -1.425254 -1.862550 -2.357931 -2.248062
 37 E  37 -0.728183 -0.593901 -0.475133 -0.083446 -2.155871  0.585091  0.851213 -1.555893 -0.272179 -1.579746 -1.434645 -0.265692 -0.741584 -1.291158 -1.338043 -0.162623 -0.745024 -1.841922 -0.774690 -1.246420
 38 K  38 -0.870597  0.048386  1.012437 -0.032229 -2.235099  0.319944  0.397084 -1.000522 -0.240220 -2.125568 -1.906507  0.536587 -1.083994 -2.115353 -0.983514  0.210644 -0.328215 -2.542754 -1.477702 -1.725958
 39 L  39 -0.646524 -1.667597 -1.990689 -2.155530 -1.375903 -1.245758 -1.687501 -2.502257 -1.997889  0.151205  0.593679 -1.340211  0.393608 -1.102467  0.028132 -1.146012 -0.707681 -2.248787 -1.269940  0.131845
 40 T  40  0.017074 -0.670491  0.235895 -0.335066 -1.304063 -0.378585 -0.316829 -1.072539 -1.265190 -1.534258 -1.483926 -0.162425 -0.999194 -1.993715 -0.646538  1.265136  1.753929 -2.375776 -1.834590 -1.027414
 41 D  41 -0.936701 -0.464883  0.052858  1.676150 -2.811213  0.777237  2.245332 -1.453311 -0.520305 -2.311397 -2.428997  0.352991 -1.638125 -2.492379 -0.706508 -0.075989 -0.776337 -2.842013 -1.903272 -1.753681
 42 E  42 -0.108203 -0.436158 -0.227781  0.653649 -2.284333  0.656974  1.662142 -1.221091 -0.722315 -1.975777 -2.005586  0.236543 -1.256005 -2.289313 -0.889162  0.331580 -0.441282 -2.684911 -1.773777 -1.331222
 43 E  43 -0.933937 -0.250230  0.010791  1.731169 -3.219463  1.445306  3.462231 -1.695127 -0.192643 -2.452420 -2.533181  0.542342 -1.641677 -2.560504 -0.959094 -0.036869 -0.788498 -2.723511 -1.781760 -1.703044
 44 V  44 -0.621241 -2.307315 -2.650025 -3.001708 -0.647999 -2.102199 -2.490235 -3.269998 -2.638872  2.381090  2.060259 -2.129841  1.157149 -0.217619 -2.495432 -1.679879 -0.703587 -2.273514 -0.906259  1.928865
 45 D  45 -0.874313  0.575540  0.120676  0.317324 -2.538342  1.070973  1.107638 -1.589851 -0.411223 -2.263689 -1.953733  0.983678 -1.072885 -2.356069 -1.210393 -0.134405 -0.721279 -2.596120 -1.534080 -1.787910
 46 E  46 -0.620778 -0.267077 -0.001739  1.121873 -2.609179  0.968213  1.883995 -1.336633 -0.586612 -2.205331 -2.191179  0.308808 -1.341295 -2.375616 -1.103773  0.074931 -0.635727 -2.685831 -1.790875 -1.634078
 47 M  47 -0.617362 -1.481591 -2.194015 -2.854081 -0.871094 -0.999600 -2.092788 -2.875137 -2.172694  1.387039  1.951230 -1.448946  2.686465 -0.115678 -2.136423 -1.183033 -0.804564 -1.468068 -0.908232  1.118552
 48 I  48 -0.940525 -2.201285 -2.453043 -2.743732 -1.083507 -1.956501 -2.401721 -3.121827 -2.172722  2.048157  1.467320 -2.120417  1.485242  0.801323 -2.586073 -1.517509 -0.946798 -1.655916 -0.310281  1.499079
 49 R  49 -0.475187  0.590247  0.461055  0.003386 -2.276871  0.695314  0.745892 -1.115250 -0.376759 -2.275078 -1.983048  0.799115 -1.162028 -2.385069 -1.260727  0.204028 -0.511911 -2.702948 -1.686102 -1.819436
 50 E  50 -0.253472 -0.469176 -0.353963  0.583527 -2.350607  0.601685  1.685499 -1.386137 -0.750006 -1.813023 -1.803438  0.091820 -1.117122 -2.173715 -1.132903  0.041752 -0.588531 -2.632681 -1.713958 -1.215331
 51 A  51  0.706041 -1.924527 -2.186573 -2.345918 -0.782180 -1.551584 -1.696144 -1.801940 -2.044492  0.968349  0.309550 -1.618686  0.326646 -0.408780 -1.848271 -0.745542 -0.397617 -2.148393 -0.786151  1.319842
 52 D  52 -1.758317 -1.730001  0.892441  5.146732 -2.695577  0.003412  1.729405 -0.902047 -0.882482 -2.696192 -3.549480 -0.846165 -2.642663 -2.700217 -0.912539  0.003242 -0.893093 -3.580601 -2.661593 -2.670454
 53 I  53 -0.004176 -0.667307 -1.071883 -1.526492 -1.363120 -0.535008 -0.732346 -1.807433 -1.609267 -0.418406 -0.477018 -0.190934 -0.203913 -1.575357 -1.301995 -0.227261  0.370060 -2.344411 -1.429711  0.086977
 54 D  54 -1.699194 -1.350206  1.586155  4.244355 -2.705874  0.071714  1.519329 -0.760858 -0.541373 -2.679102 -3.344644 -0.623164 -2.447600 -2.678659 -1.054280  0.173544 -0.719871 -3.513843 -2.466533 -2.621895
 55 G  55 -0.393564 -0.882066  0.809561 -0.583968 -2.553600 -0.945948 -0.982482  2.890953 -1.084805 -3.121500 -2.986697 -0.653403 -2.110141 -2.602015 -1.638276  0.209735 -1.232288 -2.268446 -2.294819 -2.458554
 56 D  56 -1.092491 -1.045061  1.779076  2.641352 -2.233025 -0.040069  0.807482 -0.530021 -0.560425 -2.419917 -2.816933 -0.395286 -1.964841 -2.465483 -1.144263  0.970564 -0.116069 -3.287763 -2.238473 -2.348922
 57 G  57  0.005525 -1.707621  0.006386 -0.867465 -2.680795 -1.701617 -1.694897  5.080116 -1.730843 -3.544095 -3.533404 -1.706203 -2.633959 -2.698561 -1.773252  0.023872 -1.737996 -1.875269 -2.665735 -2.664293
 58 Q  58 -0.465494 -0.025004 -0.402540 -1.094189 -1.596678  0.082890 -0.244658 -1.796066 -0.830047 -1.415399 -1.095794  0.118788 -0.604000 -1.507878 -1.404904  0.043289  0.580995 -1.982490 -1.065320 -0.960536
 59 V  59 -0.724874 -2.636953 -2.727513 -2.827466 -0.927667 -2.442554 -2.549784 -3.432597 -2.724384  3.220593  1.779555 -2.454445  1.023648 -0.162501 -2.555962 -1.806520 -0.731081 -2.619245 -0.903780  2.693241
 60 N  60 -1.131492 -1.165679  1.377352  2.913039 -2.244813  0.005502  1.066660 -0.698595 -0.607228 -2.387899 -2.846646 -0.495990 -2.027057 -2.428793 -1.075340  0.729075 -0.162110 -3.187863 -2.202943 -2.263679
 61 Y  61 -1.433183 -2.052604 -2.153382 -2.507090 -1.566342 -1.671581 -2.017776 -2.578551 -0.140768 -0.244775 -0.232444 -1.975806 -0.253293  3.063306 -2.857621 -1.559830 -1.512570  0.579008  3.106137 -0.612584
 62 E  62 -0.721551 -0.620319  0.251197  1.195498 -2.595433  0.495639  1.461087 -0.775764 -0.578578 -2.368157 -2.455437 -0.007416 -1.646073 -2.456709 -0.628818  0.149068 -0.655701 -2.736410 -1.892528 -1.831337
 63 E  63 -0.903578 -0.231229  0.033584  1.796658 -3.277058  1.433825  3.711965 -1.560894 -0.188264 -2.500828 -2.581982  0.605076 -1.732896 -2.554034 -0.924583 -0.022052 -0.835958 -2.656005 -1.794627 -1.723766
 64 F  64 -1.608542 -2.480938 -2.578633 -2.696182 -1.608730 -2.464342 -2.581246 -2.693658 -1.080634  0.198071  0.389360 -2.475919  0.198888  4.426491 -3.330772 -1.719379 -1.613171  0.517348  2.130186 -0.639914
 65 V  65 -0.328783 -1.514782 -1.904039 -2.281305 -0.771918 -1.324799 -1.613996 -2.316645 -2.015919  1.030476  0.873075 -1.190899  0.564803 -0.734844 -1.903405 -1.103833 -0.457411 -2.055538 -0.960955  1.086223
 66 Q  66  0.277394 -0.074162 -0.289408 -0.793283 -1.355322 -0.003353 -0.053737 -1.071204 -0.751497 -1.355281 -1.234152  0.061856 -0.791547 -1.750128 -1.123651  0.272761  0.266179 -2.154267 -1.299736 -0.829961
 67 M  67 -0.499324 -1.227439 -1.660572 -2.293387 -0.928967 -0.867156 -1.620302 -2.315132 -1.160271  0.777243  1.136893 -1.219341  1.663929 -0.281051 -1.814761 -0.971390 -0.745401 -1.480950 -0.634283  0.642910
 68 M  68 -0.688176 -1.045798 -1.597120 -2.334262 -0.822026 -0.509001 -1.630443 -2.409965 -1.626161  0.854357  1.419989 -0.958819  2.660394 -0.179854 -1.716236 -0.883481 -0.576850 -1.165629 -0.733951  0.795489
 69 T  69  0.056995 -0.117183 -0.112594 -0.917158 -1.235319 -0.113336 -0.391783 -0.850770 -0.960498 -1.093397 -0.850268  0.083500 -0.389899 -1.543292 -1.070149  0.313751  0.308637 -1.901697 -1.325506 -0.709139
 70 A  70 -0.286507  0.433383 -0.085012 -0.695960 -1.542873  0.178775 -0.006985 -0.972394 -0.287484 -1.525883 -1.253773  0.585221 -0.697617 -1.523692 -0.699909  0.001640 -0.340265 -1.826797 -1.044744 -1.185451
 71 K  71 -0.569011  0.134755 -0.484360 -1.013020 -1.503233 -0.053783 -0.325696 -0.993007 -0.815939 -1.075998 -0.766850  0.669737 -0.279305 -1.298071 -1.071242 -0.377377 -0.672409 -1.623942 -1.023577 -0.789954
 72 M  72 -0.336720 -0.656054 -0.478516 -0.847133 -1.072734 -0.278640 -0.484697 -0.983174 -0.761533 -0.464129 -0.338334 -0.553246  0.183668 -0.890849 -1.062884 -0.215805 -0.252793 -1.373311 -0.835077 -0.301578
 73 A  73 -0.409442  0.115592 -0.020173 -0.447112 -1.388008  0.007069 -0.116083 -0.699542 -0.564952 -1.226960 -1.017225  0.306359 -0.545415 -1.315463 -0.862203 -0.008311 -0.407185 -1.655717 -1.059816 -1.015302
 74 E  74 -0.655206 -0.516642  0.043252  0.936651 -1.804750  0.357988  1.196657 -0.808095 -0.316994 -1.565295 -1.645339 -0.103262 -1.097066 -1.500415 -0.658504 -0.025572 -0.448823 -1.478318 -1.121633 -1.234035
 75 R  75 -0.337896  0.020217 -0.071391  0.057953 -1.417797  0.153077  0.446915 -0.907442 -0.517306 -1.308831 -1.227008  0.233506 -0.792802 -1.477113 -0.600090  0.056295 -0.089779 -1.723277 -1.148911 -0.989577
 76 Q  76 -0.736900 -0.341683  0.277278  0.686611 -1.574587  0.108877  0.486526 -0.778727  0.164506 -1.459268 -1.481731 -0.012617 -0.986942 -1.376235 -0.717386 -0.088043 -0.534990 -1.753758 -0.929057 -1.274903
 77 G  77 -0.040027 -0.597577 -0.633771 -0.805734 -0.940156 -0.422881 -0.416599 -0.725034 -0.892841 -0.494254 -0.308323 -0.372495 -0.259098 -0.894201 -0.812884 -0.127338 -0.278111 -1.324304 -0.873991 -0.348698
 78 A  78 -0.254182 -0.145948 -0.350406 -0.594336 -1.041797 -0.119197 -0.137418 -0.814900 -0.424368 -0.798819 -0.591817  0.071046 -0.387400 -0.751995 -0.708645 -0.087207 -0.315086 -1.140792 -0.535837 -0.647887
 79 G  79 -0.048636  0.011774 -0.239931 -0.244522 -1.212336  0.031659  0.262574 -0.368220 -0.537826 -1.127183 -1.017360  0.270315 -0.657932 -1.237669 -0.709212 -0.008613 -0.362706 -1.406807 -0.997514 -0.787723
 80 A  80  0.437242 -0.360059 -0.482155 -0.426242 -0.768275 -0.034042  0.073507 -0.553260 -0.617025 -0.731447 -0.668204 -0.206118 -0.432705 -1.053647 -0.662096  0.107482 -0.205158 -1.372453 -0.877454 -0.405750
 81 T  81 -0.445030 -1.025912 -0.982076 -1.147387 -0.883011 -0.905957 -0.998871 -0.915641 -0.754237 -0.044728 -0.100695 -0.970649 -0.092795  0.520496 -1.315880 -0.551664 -0.536691 -0.586634  0.121426 -0.158376
 82 N  82 -0.218125 -0.205025 -0.260260 -0.661856 -0.931683 -0.023355 -0.267840 -0.805372 -0.589595 -0.609501 -0.313592 -0.068308 -0.087586 -0.892825 -0.851154  0.054693 -0.215890 -1.270740 -0.780438 -0.527835
 83 G  83 -0.254594 -0.009636 -0.481720 -0.926309 -1.075091 -0.237015 -0.411677 -0.762539 -0.245403 -0.810237 -0.671995  0.029759 -0.437480 -0.579469 -0.939360 -0.321930 -0.501539 -0.974264 -0.127176 -0.629201
 84 K  84 -0.172231 -0.504734 -0.649363 -0.762778 -1.008144 -0.480439 -0.391237 -0.746874 -0.605318 -0.623761 -0.565025 -0.344766 -0.377709  0.023863 -1.056365 -0.197542 -0.475834 -0.882086 -0.260963 -0.564239
 85 D  85 -0.595731 -0.680625 -0.237795  0.393858 -1.129506 -0.327322 -0.072975 -0.889963 -0.634699 -0.761433 -0.766609 -0.510689 -0.585290 -0.693339 -0.896276 -0.235802 -0.399667 -1.383442 -0.802875 -0.790014
 86 K  86 -0.316104  0.225438 -0.205772 -0.602478 -1.341169  0.004718 -0.066838 -0.355971 -0.557290 -1.285164 -1.012322  0.661533 -0.596769 -1.122613 -0.822603 -0.070183 -0.477421 -1.294225 -0.881920 -0.973420
 87 T  87 -0.524116 -0.509877  0.196289  0.554818 -1.321873  0.046405  0.400238 -0.761987 -0.287998 -1.083229 -1.173482 -0.228800 -0.792703 -1.116857 -0.769062  0.065613 -0.307144 -1.589701 -0.882923 -0.943818
 88 S  88 -0.401018 -0.471763  0.312081 -0.199117 -1.243541 -0.202474 -0.230667 -0.209983 -0.520811 -1.118720 -1.050355 -0.285868 -0.585662 -1.132860 -0.779226  0.126759 -0.237877 -1.445179 -0.977995 -0.923828
 89 G  89 -0.314576 -0.745779 -0.459183 -0.608741 -1.039351 -0.377837 -0.483606 -0.802066 -0.890539 -0.576445 -0.361570 -0.503246 -0.162848 -0.881156 -0.771544 -0.026316 -0.336019 -1.310937 -0.875274 -0.534420
 90 E  90 -0.202536 -0.568498  0.206640  0.206353 -1.313512 -0.074294  0.194856 -0.320867 -0.735499 -1.357697 -1.358802 -0.203550 -0.918152 -1.480419 -0.675488  0.588147  0.402672 -1.690978 -1.309320 -1.013362
 91 N  91 -0.789649 -0.473005  0.020487  1.001391 -2.010778  0.504855  1.494982 -1.169635 -0.285492 -1.552207 -1.672653  0.009841 -1.111376 -1.541107 -0.852113 -0.157768 -0.625543 -1.893495 -1.023116 -1.193152
 92 D  92 -0.464127 -0.379674 -0.200704  0.507533 -1.867373  0.386788  1.089396 -1.239039 -0.633161 -1.265142 -1.384335  0.065680 -0.898988 -1.687605 -0.907445 -0.060043 -0.468393 -2.140918 -1.339305 -0.911349
 93 G  93 -0.693967 -0.375518 -0.005201  1.084540 -2.391387  0.761909  2.121865 -1.085343 -0.342277 -1.877776 -1.881587  0.182006 -1.231142 -1.943390 -0.856136  0.022880 -0.493267 -2.110114 -1.466661 -1.353370
 94 Q  94 -0.696278 -1.593088 -2.071549 -2.513711 -0.722104 -1.445379 -1.973541 -2.743043 -1.974830  1.558296  1.935941 -1.559684  1.196424  0.003911 -2.094193 -1.355226 -0.716922 -1.550155 -0.598568  1.047094
 95 K  95 -0.696292  1.402362 -0.112502 -0.498510 -2.117664  0.950420  0.654655 -1.449547 -0.384320 -1.948109 -1.435265  1.540562 -0.676531 -2.011142 -1.054222 -0.267137 -0.693092 -2.047032 -1.288645 -1.556043
 96 K  96 -0.598128 -0.154460 -0.012964  1.095433 -2.318083  0.938153  1.994088 -1.274222 -0.367439 -1.879777 -1.851362  0.382210 -1.157838 -1.995668 -0.884836  0.000327 -0.640589 -2.251566 -1.470031 -1.387679
 97 V  97  0.949882 -1.104230 -1.650239 -1.923149 -0.400818 -0.881462 -1.301955 -1.378285 -1.696267  0.423408  0.530256 -1.050886  0.753246 -0.752691 -1.330369 -0.247303 -0.277004 -1.784421 -1.090825  0.631233
 98 Q  98 -1.079841 -1.862255 -2.038634 -2.171561 -1.098115 -1.754861 -1.984973 -2.374056 -1.259980  0.787337  0.582847 -1.848210  0.615546  2.178969 -2.442060 -1.326730 -1.091731 -0.419546  0.798273  0.242476
 99 E  99 -0.604754  0.887051  0.293464  0.171626 -2.012777  0.645090  0.748535 -1.078810 -0.363455 -1.984631 -1.703652  0.912766 -0.982133 -2.039360 -1.035630  0.013401 -0.529829 -2.216230 -1.481093 -1.671583
100 E 100 -0.226628 -0.891315 -0.965052 -0.609212 -1.522293 -0.149637  0.379324 -1.653187 -0.971181 -0.258330 -0.504355 -0.468923 -0.200274 -1.220346 -1.198188 -0.494483 -0.432244 -1.989773 -1.018727  0.147692
101 F 101 -0.315067 -1.827066 -1.965636 -2.058494 -1.009964 -1.642121 -1.729573 -1.745407 -1.203413  0.385866  0.133546 -1.688120  0.095679  1.688435 -2.113304 -1.015464 -0.840229 -0.593807  0.705434  0.256070
102 D 102 -1.446554 -1.416596  0.728331  4.212338 -2.204079 -0.007379  1.405390 -0.732169 -0.637538 -2.207864 -2.907914 -0.698517 -2.175525 -2.179354 -0.760666 -0.006985 -0.732215 -2.900141 -2.128762 -2.191761
103 I 103 -0.303350  0.356018 -0.549795 -1.102545 -1.465521  0.116614 -0.190544 -1.548809 -1.021741 -0.951244 -0.699015  0.746786 -0.298847 -1.605804 -1.092669 -0.186998  0.063130 -1.968905 -1.259112 -0.533682
104 D 104 -1.398033 -1.077019  1.376469  3.421024 -2.201890  0.063210  1.198915 -0.611417 -0.357223 -2.188918 -2.722931 -0.515987 -1.990062 -2.173557 -0.884309  0.139262 -0.593083 -2.862949 -1.972803 -2.152427
105 M 105 -0.357078 -0.605272  0.726285 -0.407353 -2.058881 -0.586359 -0.675147  2.072862 -0.765722 -2.483728 -2.364925 -0.430259 -1.623617 -2.092890 -1.315961  0.135561 -0.971538 -1.859512 -1.784584 -1.952865
106 D 106 -1.053342 -0.847060  1.544308  2.457627 -1.898298 -0.009996  0.755868 -0.477824 -0.379751 -2.026623 -2.396014 -0.374497 -1.695436 -2.051698 -0.936359  0.590273 -0.232661 -2.730592 -1.846281 -1.993493
107 A 107 -0.002899 -1.416175 -0.002728 -0.709460 -2.168807 -1.416606 -1.411934  4.211690 -1.439456 -2.874504 -2.871733 -1.409173 -2.149847 -2.179801 -1.422651  0.008308 -1.423832 -1.488852 -2.170299 -2.158889
108 P 108 -0.680965 -0.116666 -0.661335 -1.116370 -1.486304 -0.148205 -0.361342 -1.642817 -0.377633 -1.073482 -0.838631 -0.185347 -0.460425 -0.335079 -1.447336 -0.371698 -0.182726 -1.089376  0.043403 -0.904318
109 E 109 -0.656262 -2.139384 -2.182159 -2.212251 -0.751123 -2.059217 -2.084159 -2.838880 -2.172697  2.715775  1.435205 -2.064366  0.748769 -0.061700 -2.119785 -1.449205 -0.665807 -2.140678 -0.721941  2.137253
110 T 110 -0.384313 -0.861408  0.988019  1.242220 -1.365624 -0.144952  0.302622 -0.493029 -0.659607 -1.671415 -1.885428 -0.382959 -1.289299 -1.790545 -0.820878  1.203483  0.619905 -2.357327 -1.667516 -1.513817
111 E 111 -0.192453 -1.066211 -1.322452 -1.587600 -1.123479 -0.736545 -0.930023 -1.566044 -0.460318 -0.520533 -0.523755 -0.906555 -0.421168  0.332874 -1.425054 -0.604453 -0.629479 -0.719508  0.927922 -0.335544
112 R 112 -0.283324 -0.400161  0.163201  0.639380 -1.900329  0.396457  1.026506 -0.665070 -0.508574 -1.765046 -1.791043  0.045666 -1.181589 -1.907113 -0.760587  0.294103 -0.389873 -2.201579 -1.482200 -1.330320
113 A 113 -0.724162 -0.098877  0.055058  1.517424 -2.778781  1.312188  3.350449 -1.387736 -0.073098 -2.132175 -2.171904  0.609155 -1.457165 -2.157642 -0.739603  0.026435 -0.672788 -2.215387 -1.485145 -1.455370
114 A 114 -1.055174 -1.780491 -2.152715 -2.517414 -1.076779 -1.773042 -2.146157 -2.516488 -1.459568  0.731787  1.416169 -1.783272  0.750133  2.058511 -2.501473 -1.421868 -1.064962 -0.394236  0.657587  0.034833
115 V 115 -0.278499  0.056038 -0.918216 -1.515569 -1.064716 -0.443739 -0.728918 -1.469103 -1.027010 -0.467417 -0.367621 -0.006109 -0.191472 -1.288880 -1.434600 -0.617368 -0.543893 -1.937899 -1.071409 -0.276477
116 A 116  0.138110 -0.069002 -0.299045 -0.740392 -1.276636  0.039044 -0.053596 -1.034408  0.015953 -1.247166 -1.148011 -0.102817 -0.710698 -1.366065 -1.065388  0.115997 -0.104011 -1.813801 -0.797770 -0.868807
117 I 117 -0.010278 -1.447750 -1.701535 -1.990235 -0.614948 -1.026752 -1.469078 -1.812668 -1.777719  1.155860  0.816549 -1.222348  1.217221 -0.465959 -1.495709 -0.796498 -0.353956 -1.635786 -0.843904  1.308031
118 Q 118 -0.624205 -0.927008 -1.475567 -2.154188 -0.708350 -0.453970 -1.520408 -2.194034 -1.514733  0.733562  1.465918 -0.915503  2.468190 -0.055931 -1.576254 -0.763238 -0.503756 -0.969444 -0.664007  0.594862
119 S 119 -0.269872  0.600898 -0.218697 -0.849292 -1.375140  0.256268 -0.035924 -1.212727 -0.626520 -1.246402 -0.937749  0.808878 -0.413010 -1.547461 -0.914142  0.010953  0.057865 -1.749551 -1.136593 -0.864615
120 Q 120 -0.017569  0.175235  0.400360 -0.354586 -1.270864  0.206143  0.145369 -0.623744 -0.134153 -1.466888 -1.278659  0.554005 -0.752441 -1.540710 -0.845160  0.518731 -0.196074 -1.887388 -1.065932 -1.155730
121 F 121 -0.500504 -0.999610 -1.199463 -1.634245 -0.732152 -0.965344 -1.312203 -1.496218 -1.268000  0.397973  0.980475 -0.948915  0.527490  0.084769 -1.431072 -0.717161 -0.343459 -0.919963 -0.403443  0.125181
122 R 122 -0.162267 -0.397673  0.280159 -0.402911 -1.399210 -0.447836 -0.535418  1.460142 -0.626476 -1.700012 -1.619671 -0.444539 -1.113802 -1.439203 -0.931500  0.123231 -0.550701 -1.236522 -1.254207 -1.325442
123 K 123 -0.477043 -0.156076 -0.336727 -0.161331 -1.238819  0.206171  0.453995 -1.049793 -0.397466 -0.747881 -0.528014  0.096194 -0.327907 -0.803396 -0.806691 -0.236004 -0.425375 -1.142280 -0.608828 -0.610516
124 F 124 -0.490533 -0.171620 -0.409225 -0.602171 -1.036606 -0.145926 -0.185310 -0.929165 -0.348186 -0.704963 -0.539129  0.219093 -0.286624 -0.337326 -0.799006 -0.316280 -0.455303 -0.691098 -0.147600 -0.577895
125 Q 125 -0.345908 -0.508181 -0.531960 -0.513632 -0.774157 -0.219269 -0.347246 -0.895532 -0.700104 -0.162024  0.090081 -0.441048  0.096670 -0.571121 -0.738349 -0.325540 -0.322557 -1.012164 -0.628014 -0.194347
126 K 126 -0.113066 -0.082517  0.116727 -0.170646 -0.769274 -0.120873 -0.093098 -0.373312 -0.504289 -0.856767 -0.786210  0.126191 -0.530871 -0.981778 -0.400970  0.344348  0.520621 -1.081471 -0.848010 -0.597678
127 K 127 -0.477664 -0.201294  0.140422  0.964949 -1.146833  0.285938  0.776289 -0.499341 -0.288050 -1.045321 -1.120865  0.185231 -0.746875 -1.082855 -0.349082 -0.000019 -0.320127 -1.240333 -0.884207 -0.855738
128 K 128 -0.264890  0.184693  0.058482  0.214527 -1.017134  0.439001  0.890383 -0.550629 -0.093405 -0.864871 -0.770479  0.466248 -0.479209 -0.877661 -0.359709  0.038597 -0.208380 -0.903679 -0.589964 -0.613785
129 A 129 -0.034916 -0.153079 -0.044005  0.075479 -0.382175  0.002192  0.156641 -0.232077 -0.174636 -0.317994 -0.328462 -0.041778 -0.226770 -0.351583 -0.235376  0.087101  0.004754 -0.487659 -0.315747 -0.232419
130 G 130 -0.022985 -0.236972 -0.074890 -0.139958 -0.337891 -0.157896 -0.114025  0.162731 -0.248742 -0.273420 -0.299268 -0.180952 -0.213523 -0.331848 -0.278942 -0.016983 -0.153016 -0.384409 -0.318711 -0.182372
131 S 131 -0.094805  0.014658 -0.040347 -0.073431 -0.333952  0.028016  0.048074 -0.249762 -0.072775 -0.279668 -0.218287  0.065722 -0.144566 -0.269460 -0.230453  0.009660 -0.068860 -0.359168 -0.166175 -0.236720
132 Q 132 -0.126637  0.012105 -0.111095 -0.115765 -0.319043  0.224253  0.086125 -0.326271 -0.122274 -0.135389 -0.103642  0.038974  0.008014 -0.265616 -0.206966 -0.080329 -0.126637 -0.312529 -0.160476 -0.089081
133 S 133  0.046269 -0.050162  0.050037 -0.024987 -0.061805 -0.023412 -0.023412 -0.030454 -0.066964 -0.096740 -0.096740 -0.023412 -0.063380 -0.120151 -0.063380  0.137021  0.102886 -0.161695 -0.113542 -0.073328
