
Last position-specific scoring matrix computed, weighted observed percentages rounded down, information per position, and relative weight of gapless real matches to pseudocounts
           A  R  N  D  C  Q  E  G  H  I  L  K  M  F  P  S  T  W  Y  V   A   R   N   D   C   Q   E   G   H   I   L   K   M   F   P   S   T   W   Y   V
    1 M   -1 -2 -3 -3 -1 -1 -3 -3 -2  3  2 -2  4  0 -3 -2 -1 -2 -1  2    0   0   0   0   0   0   0   0   0  50   0   0  50   0   0   0   0   0   0   0  0.30 0.00
    2 A    3 -1  0 -1 -1  0 -1  0 -1 -2 -2  0 -1 -2 -1  3  1 -3 -2 -1   50   0   0   0   0   0   0   0   0   0   0   0   0   0   0  50   0   0   0   0  0.35 0.00
    3 H   -2 -1 -1 -2 -3  0 -1 -3  6 -2 -2 -1 -1  2 -3 -1 -2  1  5 -2    0   0   0   0   0   0   0   0  50   0   0   0   0   0   0   0   0   0  50   0  0.66 0.00
    4 H    0 -1  1 -1 -2  0  0 -1  6 -3 -3  0 -2 -2 -2  3  0 -3  0 -2    0   0   0   0   0   0   0   0  50   0   0   0   0   0   0  50   0   0   0   0  0.44 0.00
    5 H   -1  0  0 -1 -3  4  1 -2  6 -3 -3  0 -1 -2 -2 -1 -1 -2  1 -3    0   0   0   0   0  50   0   0  50   0   0   0   0   0   0   0   0   0   0   0  0.57 0.00
    6 H    1 -1  1  0 -1  0  0 -1  4 -3 -3  0 -2 -2 -1  4  1 -3 -1 -2    0   0   0   0   0   0   0   0  20   0   0   0   0   0   0  80   0   0   0   0  0.39 0.01
    7 H   -2 -1  0 -2 -3 -1 -1 -3  7 -2 -1 -2 -1  4 -3 -2 -2 -1  2 -2    0   0   0   0   0   0   0   0  59   0   0   0   0  41   0   0   0   0   0   0  0.54 0.01
    8 H   -2 -2  3 -1 -3 -1 -2 -2  2 -2 -1 -2 -1  4 -3 -1 -1  0  4 -2    0   0  35   0   0   0   0   0   8   0   0   0   0  41   0   0   0   0  17   0  0.41 0.03
    9 V    4 -2 -2 -2 -1 -1 -1 -1  3 -1 -2 -1 -1 -2 -2  0 -1 -3 -1  1   74   0   0   0   0   0   0   0  13   0   0   0   0   0   0   0   0   0   0  13  0.38 0.07
   10 G   -2  0  3  1  3  1  1 -1  2 -2  0 -1 -1 -2 -2 -1 -1  4 -1 -2    0   5  22   9  13  10   7   4   8   0  14   0   0   0   0   0   0   9   0   0  0.21 0.04
   11 T    4  2 -2 -2 -1 -1 -1  1 -2 -2 -2  0 -2 -3 -2  1  1 -3 -2 -1   64  19   0   0   0   0   0   7   0   0   0   0   0   0   0   3   8   0   0   0  0.41 0.09
   12 D    1 -2  4  4 -3 -1  0 -1  3 -2 -3 -1 -2 -3 -2  0 -1 -4 -2 -1   19   0  30  30   0   0   0   0  10   0   0   0   0   0   0   2   0   0   0   7  0.41 0.08
   13 L   -1 -3 -4 -4 -2 -3 -3 -4 -4  3  3 -3  1 -1 -3 -3 -1 -3 -2  3    0   0   0   0   0   0   0   0   0  18  40   0   0   0   0   0   0   0   0  41  0.48 0.08
   14 T   -1 -1  2  1 -2  0  3 -2 -1 -1 -2  1 -1 -1 -2  1  2 -3 -2  0    0   0  13   4   0   0  30   0   0   4   0   7   0   4   0  11  17   0   0   9  0.23 0.07
   15 D   -3 -2  4  6 -4 -1  0 -2  2 -4 -4 -1 -4 -4 -3 -1 -2 -5 -3 -4    0   0  23  67   0   0   0   0   7   0   0   2   0   0   0   0   0   0   0   0  1.02 0.17
   16 F   -3  0 -3 -4 -3 -3 -3 -4  0 -1  0 -3 -1  5 -4 -3 -2  0  6  0    0   7   0   0   0   0   0   0   0   0   8   0   0  34   0   0   0   0  41   9  0.76 0.16
   17 R   -2  3  2 -1 -3  0 -1 -3  2 -1 -3  4 -2 -3 -2 -1  1 -4 -2 -1    0  23  13   0   0   0   0   0   6   6   0  35   0   0   0   0  14   0   0   4  0.41 0.15
   18 V    0 -3 -4 -4 -2 -3 -3 -4 -3  3  1 -3  1  2 -3 -2 -1 -3 -1  3    8   0   0   0   0   0   0   0   0  24  12   0   1  14   0   1   2   0   0  38  0.39 0.13
   19 A    3 -3 -2 -3  2 -2 -2  2 -3  0  0 -2  1 -2 -2  0 -1 -3 -3  1   38   0   0   0   6   0   0  21   0   4   7   0   4   0   0   5   0   0   0  17  0.30 0.13
   20 T   -1 -3  0 -2 -2 -2 -2 -3 -3 -2 -3 -2 -2 -4 -3  2  6 -4 -3 -2    0   0   4   0   0   0   0   0   0   0   0   0   0   0   0  11  85   0   0   0  1.14 0.33
   21 W   -5 -5 -6 -7 -5 -4 -5 -5 -5 -4 -1 -5 -3 -1 -6 -5 -5 12  0 -5    0   0   0   0   0   0   0   0   0   0   5   0   0   0   0   0   0  95   0   0  3.67 0.54
   22 N   -3 -2  8  0 -5 -2 -2 -2 -1 -5 -5 -2 -4 -5 -4 -1 -2 -6 -4 -5    0   0 100   0   0   0   0   0   0   0   0   0   0   0   0   0   0   0   0   0  1.87 0.41
   23 L   -1 -3 -2 -3 -2 -2 -3 -3 -3  1  3 -2  5 -1 -3  1  2 -3 -2  0    0   0   0   0   0   0   0   0   0   4  41   0  24   0   0  17  14   0   0   0  0.46 0.19
   24 Q   -3 -1  0 -2 -5  8  0 -4  2 -5 -4  0 -2 -5 -2 -2 -2 -4 -3 -4    0   0   4   0   0  90   0   0   5   0   0   0   0   0   1   0   0   0   0   0  1.55 0.40
   25 G   -1 -4 -2 -3 -4 -3 -4  7 -4 -5 -5 -3 -4 -5 -4  0 -3 -4 -5 -5    0   0   0   0   0   0   0  95   0   0   0   0   0   0   0   5   0   0   0   0  1.68 0.35
   26 A    3 -2  1 -2 -2 -1 -1  0 -2 -1 -3 -1 -2 -3 -2  4  0 -3 -3 -2   32   0   6   0   0   0   0   5   0   5   1   0   0   0   0  47   0   0   0   0  0.48 0.20
   27 S    0 -1  2  1 -2  0 -1  0 -1 -3 -2  0 -2 -3  1  3  1 -3 -2 -2    3   1   9   8   0   4   1   7   0   1   2   7   0   0   7  44   5   0   0   1  0.33 0.13
   28 A    3 -2 -1  0 -2 -1 -1  1  0 -2 -1 -1 -1 -2  1  2 -1 -2  0 -1   42   1   1   5   0   1   1   7   3   1   7   1   0   0   7  18   1   0   4   1  0.26 0.12
   29 T    1 -1  1 -1 -2 -1 -1  2 -2 -1 -2  0 -1 -2  0  2  1 -3 -2  0   16   1   9   1   0   1   1  14   0   4   1   8   0   0   3  20  12   0   0   8  0.17 0.07
   30 T   -1 -2  0  2 -2 -1  1 -2  1 -2 -2 -1 -2 -3 -2  2  4 -3 -2 -2    1   1   3  14   0   1   7   1   5   1   1   1   0   0   1  18  44   0   0   1  0.43 0.16
   31 E    0 -1  2  2 -3  0  4 -2 -1 -3 -3  1 -2 -3  1 -1  0 -3 -2 -2    7   1  10  11   0   1  44   1   0   1   1   7   0   0   8   1   6   0   0   1  0.46 0.14
   32 S    0 -2  2  0 -2 -1 -1 -1 -1  0 -2 -1 -2 -2  1  4  0 -2  1 -2    4   1   9   6   0   1   1   1   0   7   1   1   0   0   7  53   1   0   7   1  0.38 0.16
   33 K   -2  2 -1 -2 -4  0 -1 -3  2 -4 -4  6 -3 -4 -2 -1 -2 -4 -3 -3    1   8   2   0   0   0   0   0   5   0   1  79   0   0   0   0   0   0   0   0  1.01 0.29
   34 W   -3 -3 -3 -3 -3  1 -3 -3 -3 -3 -2 -3 -2  1 -3 -3 -3 11  0 -3    1   1   1   1   0   8   1   1   0   1   2   1   0   6   1   1   1  70   1   1  2.24 0.34
   35 N   -1  0  4 -1 -2  2 -1  1 -1 -1 -2 -1 -2 -3 -2  1  0 -3 -2 -1    1   6  36   1   0  13   1  12   0   3   1   1   0   0   1  11   5   0   0   7  0.34 0.13
   36 I    0 -1  1  0 -2 -1  0 -2 -2  2  0  0  0 -2 -2  0  2 -3 -2  2    3   1   7   4   0   0   6   1   0  15   7   7   0   0   1   7  19   0   0  22  0.11 0.07
   37 N   -1 -1  3  0 -2 -1 -1  2  0  1 -2  0 -2 -3 -1  2 -1 -3 -2  0    1   0  19   5   0   0   0  18   2  12   1   7   0   0   2  23   0   0   0   9  0.20 0.11
   38 V   -2 -1 -4 -4 -2 -3 -4 -5 -4  4  1 -3  0 -2 -4 -3 -1 -4 -2  5    0   4   0   0   0   0   0   0   0  30  11   0   0   0   0   0   0   0   0  55  0.70 0.23
   39 R   -1  5  2  0 -4  1  1 -3 -1 -3  0  2 -1 -3 -3 -1 -1 -4 -3 -2    5  41  11   5   0   4   7   0   0   0  14  11   0   0   0   0   2   0   0   0  0.42 0.16
   40 Q   -2  1  1 -2  1  5  0  0 -1 -3 -1 -1 -1  0  2  0  1 -3 -2 -2    0   5   6   0   4  41   0   6   0   0   8   0   0   5   9   7  10   0   0   0  0.37 0.18
   41 L   -3 -3 -4 -5 -3 -3 -4 -5  2  1  4 -3  5  1 -4 -3 -2 -3 -2  0    0   0   0   0   0   0   0   0   6   2  60   0  26   4   0   0   0   0   0   3  0.76 0.24
   42 I   -2 -4 -4 -4 -2 -4 -4 -5 -4  4  3 -4  0  3 -4 -3 -2 -2 -1  2    0   0   0   0   0   0   0   0   0  32  30   0   0  19   0   0   0   0   0  19  0.57 0.18
   43 S    1  0  2 -1 -2 -1 -1  0 -2 -1  1 -1 -1  0 -2  2  2 -3 -2 -1   10   8  11   0   0   0   0   7   0   0  19   0   0   5   0  19  17   0   0   0  0.14 0.09
   44 G   -1  0 -1 -2  3  1 -2  5 -2 -3 -2 -1 -2 -3 -2 -1  0 -3 -3 -2    1   8   1   1   7   9   1  54   0   1   5   1   0   1   1   1   7   0   1   1  0.54 0.15
   45 E    0 -1  2  2 -2  0  1 -2  1  0 -2 -1 -1  1 -1  0  0 -2  2 -1    8   1  13  11   0   4  13   1   5  10   1   1   0   7   2   9   3   0   8   1  0.11 0.06
   46 N   -1  0  5  1 -3  0  1 -1  2 -3 -3 -1 -2 -3  0  1 -1 -3 -2 -3    4   3  47   4   0   3   7   3   5   1   1   1   0   0   5  12   1   0   0   1  0.51 0.16
   47 A    2 -1 -1  1 -2  2  1  2 -2 -3 -3 -1 -2 -3  3  0 -1 -3 -2 -2   21   3   1  10   0  11  11  21   0   1   1   1   0   1  15   1   1   0   0   1  0.34 0.10
   48 V    1 -2 -3 -3  4 -2 -2 -3  1  1  1 -2  2  0  1 -1 -1 -2 -1  2   13   0   0   0  12   0   1   1   5  11  15   0   9   4   7   1   0   0   0  18  0.20 0.09
   49 D   -3 -2  3  6 -4  1  0 -2 -2 -4 -4 -2 -3  1 -3 -1 -2 -4 -3 -4    0   0  18  63   0   6   0   2   0   0   0   0   0   7   0   0   0   0   0   0  0.97 0.25
   50 I   -2 -4 -4 -5 -2 -4 -4 -5 -4  5  0 -4  0  1 -4 -3 -2 -4 -2  4    0   0   0   0   0   0   0   0   0  52   0   0   0   6   0   0   0   0   0  42  0.84 0.26
   51 L   -2 -3 -4 -4  1 -3 -4 -4 -4  2  3 -3  3  1 -4 -3 -2 -3 -2  3    0   0   0   0   4   0   0   0   0   7  45   0  10   4   0   0   0   0   0  31  0.55 0.18
   52 A    3 -3 -3 -4  3 -2 -3 -2 -3 -1  1 -2  5  1 -3 -1  0 -3 -2 -1   35   0   0   0   7   0   0   0   0   0  14   0  31   8   0   0   5   0   0   0  0.47 0.22
   53 V   -2 -4 -4 -4 -2 -4 -4 -5 -4  5  3 -4  0 -1 -4 -3 -2 -3 -2  3    0   0   0   0   0   0   0   0   0  48  28   0   0   0   0   0   0   0   0  24  0.72 0.21
   54 Q   -3 -1 -2 -2 -5  8  0 -4 -1 -5 -4 -1 -2 -5 -3 -2 -3 -4 -3 -4    0   0   0   0   0 100   0   0   0   0   0   0   0   0   0   0   0   0   0   0  1.91 0.48
   55 E   -3 -2 -2  0 -6  0  7 -4 -2 -5 -5 -1 -4 -5 -3 -2 -3 -5 -4 -4    0   0   0   0   0   0 100   0   0   0   0   0   0   0   0   0   0   0   0   0  1.67 0.41
   56 A    5 -3 -2 -3  5 -2 -2 -1 -3 -2 -2 -2 -2 -3 -2  1  0 -3 -3 -1   65   0   0   0  16   0   0   0   0   0   1   0   0   0   0   8   6   0   0   0  0.70 0.23
   57 G   -1 -3 -2 -2 -4 -3 -2  7 -3 -5 -4 -3 -4 -4 -3 -2 -3 -4 -4 -4    1   0   0   0   0   0   3  92   0   0   1   0   0   0   0   0   0   0   0   0  1.51 0.30
   58 S    3 -1  0 -2 -2  0 -1  0 -2 -1 -2  0 -1 -3 -2  2  1 -3 -2  1   33   1   2   0   0   5   0   7   0   0   1   6   0   0   0  22   9   0   0  11  0.25 0.12
   59 P   -1  0 -3 -3 -2 -2 -2 -3 -2  1  3 -2  1  1  0 -2 -1  3 -1  1    4   9   1   1   0   1   1   1   0   7  44   1   0   7   4   1   1   5   0  12  0.25 0.10
   60 P   -2 -3 -3 -2 -3 -2 -2 -3 -3  0 -3 -2 -3 -4  7 -2  0 -4 -3 -2    1   1   1   1   0   1   1   1   0   8   1   1   0   0  75   1   7   0   0   1  1.68 0.28
   61 S    1  0  1  1 -2  1  0 -1  0 -2 -1 -1 -1 -2  2  2  1 -3 -2 -2   13   5  10   8   0  10   1   1   1   1   7   1   0   0  12  18  11   0   0   1  0.21 0.08
   62 T    1 -2  0  1 -2 -1  0  0 -2 -2 -2 -1 -2 -3 -1  3  3 -3 -2 -2   12   1   1   8   0   1   6   5   0   1   1   1   0   0   1  38  25   0   0   1  0.37 0.14
   63 A    4 -2  0 -2 -2 -1  0 -1 -2 -2 -2 -1 -2 -3  1  2 -1 -3 -2  0   57   0   5   0   0   0   7   1   0   0   1   0   0   0   5  16   1   0   0   5  0.44 0.17
   64 V    0  2  0 -2 -2  1 -1 -3 -2  2  1 -1  1 -2 -2 -1  0 -3 -2  2    7  14   4   0   0  10   3   0   0  22   9   0   3   0   0   0   8   0   0  18  0.14 0.09
   65 D   -1 -1  2  2 -3  1  1 -2  0 -2 -1 -1  1  0  4 -1 -1 -3 -2 -1    2   3  12  15   0   5  12   0   2   0   5   0   6   5  23   0   3   0   0   5  0.33 0.11
   66 T    0 -2 -1  1 -2 -1  0 -2 -2  2 -1 -1  0 -2 -2  1  4 -3 -2  0    5   1   1   8   0   1   4   1   0  16   1   1   3   0   1   9  44   0   0   5  0.30 0.14
   67 G    1 -1  0 -1  1  0  0  4 -2 -3 -3 -1 -2 -3  1  0 -1 -3 -3 -1   13   2   3   1   5   5   5  44   0   1   1   1   0   0   7   6   1   0   0   4  0.42 0.11
   68 R   -2  4  1  2 -3  0 -1 -2 -1 -3 -2  0 -2  1 -1  1 -1 -3 -1 -1    0  39   9  12   0   3   0   0   0   0   1   0   0  11   3  15   1   0   0   4  0.36 0.15
   69 V   -1  0 -2 -2 -2  0 -1 -3  2  2  1 -2  1 -1  1 -1 -1 -3 -2  3    0   6   0   0   0   5   4   0   7  17  11   0   6   0   7   2   1   0   0  32  0.19 0.10
   70 I   -1 -2 -2 -2 -2  1 -2 -1 -2  3  1 -2  0  1 -2 -1  0 -2 -1  2    1   1   0   1   0  12   1   4   0  34   9   1   0   8   1   5   7   0   0  16  0.19 0.11
   71 P    0  0 -1 -1 -2  3  0  0  0 -2 -1 -1 -1 -3  4  0  0 -3 -2 -1   10   4   2   2   0  21   4   7   2   1   8   1   0   0  24   3   4   0   0   6  0.33 0.10
   72 S    1  0  2  0 -2  0 -1  2 -1 -2 -2 -1 -2 -2  2  1  0 -3 -2 -1   18   5  13   5   0   3   1  19   1   0   3   0   0   2  10   9   3   0   0   7  0.18 0.07
   73 P   -1 -2  0  2 -3  0  0  2  3 -2 -2 -1 -2 -2  3 -1  0 -3 -2  0    4   0   2  17   0   5   3  18  10   0   1   1   0   2  15   1   8   0   0  12  0.25 0.09
   74 G    1 -2  1  0 -3  1  0  4 -2 -1 -3 -1 -2  0 -2 -1  0 -3 -2 -2   12   0  10   4   0   8   6  40   0   4   1   1   0   6   0   1   5   0   0   1  0.34 0.11
   75 I   -1  0 -2 -3 -2 -1 -2 -3 -2  3  0 -2  0  1 -3  0  1 -2  2  2    3   7   0   0   0   3   0   0   0  33   5   0   0   7   0   6  11   0  11  11  0.18 0.10
   76 P   -1 -2  2 -1 -3 -1  0  2 -2 -2 -3  1 -3 -4  5  1 -1 -4 -3 -3    2   0  13   0   0   0   5  18   0   2   1   8   0   0  35  13   0   0   0   0  0.65 0.16
   77 V    0 -3 -3 -4 -2 -3 -3 -4 -4  4  1 -3  1 -1 -3 -2 -1 -3 -2  4    7   0   0   0   0   0   0   0   0  26   8   0   2   0   0   0   0   0   0  52  0.55 0.18
   78 R    0  1  1  0 -3  2  1 -2  4 -2 -1  0 -1 -1 -2 -1  1 -2  2 -2    6  10   9   5   0  10  12   1  15   0   6   3   0   0   0   0  10   0  13   0  0.22 0.10
   79 E   -2  0 -1  1 -4  0  5 -3  4 -4 -2  1 -3 -3 -2 -1 -2 -4 -2 -3    1   4   0   7   0   0  61   1  13   0   4   7   0   0   0   0   0   0   0   0  0.76 0.23
   80 L   -3 -3 -1 -4 -3 -3 -3 -4  2  0  0 -3 -1  3 -4 -3 -1  0  7  0    0   0   4   0   0   0   0   0   5   6   9   0   0  11   0   0   4   0  55   5  0.87 0.25
   81 I   -1 -1 -2 -2 -2  0  0 -3 -2  2  2  0  1 -1 -3  0  1 -3 -2  2    0   2   0   0   0   7   5   0   0  14  22   7   1   0   0   7  12   0   0  22  0.17 0.10
   82 W   -3 -4 -4 -4 -4 -3 -4  2 -3 -4 -2 -4  0 -1 -4 -3 -3 11  2 -4    0   0   0   0   0   0   0  17   0   0   4   0   2   0   0   0   0  66   6   0  2.19 0.38
   83 N   -2  0  5  1 -3  2  1  0  2 -3 -3 -1 -2 -3 -2  1  1 -4 -2 -3    0   5  42   5   0  10   7   8   7   0   1   0   0   0   0   7   7   0   0   0  0.48 0.16
   84 L    0 -2 -3 -3 -2 -1 -2 -3 -3  2  3 -2  1 -1 -2 -1  1 -2 -2  2    6   0   0   1   0   4   1   1   0  11  38   1   3   0   0   1  13   0   0  21  0.27 0.11
   85 S   -1  1  1  1 -3 -2 -2  5  1 -4 -4 -1 -3 -3 -2  0 -2 -3 -3 -3    1  12   5   8   0   0   1  58   4   0   1   1   0   0   0   7   1   0   0   1  0.68 0.17
   86 T    0  0  1 -1 -2 -1 -1  1 -2 -2 -2 -1  1 -2 -2  2  4 -3 -2 -1    1   4   5   1   0   1   1  13   0   1   1   1   7   1   1  24  36   0   1   1  0.33 0.14
   87 N   -1  2  2 -1 -2  0  1  0  3 -1 -2 -1 -1 -2 -2  2  1 -3 -1  0    1  13  10   0   0   0   8   7  11   3   3   0   0   0   0  24   9   0   1   8  0.17 0.10
   88 S    0  1  1 -1 -2 -1 -1 -2  1 -2 -1 -1 -2 -3 -1  4  2 -3 -2  0    1   8   4   0   0   0   0   0   4   0   4   0   0   0   2  52  16   0   0   7  0.40 0.18
   89 R   -2  6  0  0 -4  0  1 -3 -1 -4 -3  1 -2 -3 -3 -2 -2 -3 -3 -3    1  72   4   4   0   0   7   1   0   1   1   4   0   0   1   1   1   0   0   1  0.98 0.24
   90 P   -1 -2 -2 -2 -3  1 -1 -1 -2 -2 -1 -1 -2 -3  7 -1 -2 -3 -3 -2    4   1   1   1   0  10   3   5   0   1   8   1   0   1  59   1   1   0   1   1  1.13 0.19
   91 Q    0  0  3  2 -2  1  2  0 -1 -2 -2  0 -2 -2 -1  0 -1 -2 -2 -2    8   6  18  11   0   8  21   8   0   4   2   1   0   2   1   6   1   0   1   1  0.22 0.07
   92 Q    0 -1  1  1 -2  1  0  0 -1  0  0 -1  1 -1 -1  1  0 -2  0  0    5   2  10   9   0  10   3   8   0   5  10   1   6   3   1  13   3   0   3   8  0.05 0.03
   93 V    0  0 -2 -3 -2 -2 -2 -3 -2  1  1 -2  0  3 -2 -2 -1 -1  2  3    8   8   1   1   0   1   1   1   0   6  10   1   0  17   1   1   1   0   9  34  0.21 0.10
   94 Y   -3 -3 -3 -4 -3 -3 -3 -4  0 -2 -2 -3  1  4 -4 -3 -3  3  7  0    1   0   0   0   0   0   0   0   0   0   1   0   6  18   0   0   0   3  61   7  1.17 0.28
   95 I   -2 -3  0 -3 -2  0 -3 -4 -3  5  1 -3  2 -1 -3 -2 -1 -3 -2  2    1   0   7   0   0   7   0   0   0  58  10   0   6   0   0   0   0   0   0   8  0.49 0.18
   96 Y   -3 -3 -3 -4 -4 -3 -3  0  0 -3 -1 -3 -2  3 -4 -3 -3  0  8 -3    1   0   0   0   0   0   0   7   0   0   4   0   0   6   0   0   0   0  77   0  1.42 0.33
   97 F   -3 -2 -2 -3 -3 -1 -2 -3  3 -2 -2 -2 -2  4 -3 -2 -2  0  7 -2    1   1   1   1   0   3   1   1   8   1   1   1   0  22   1   1   1   0  55   1  1.05 0.24
   98 S    1 -1  0 -1 -2  1  0  0 -1 -2  0 -1  0  0 -2  2  0 -1  2 -1   12   1   4   1   0   7   7   6   0   1  10   1   4   2   1  30   1   0  12   1  0.15 0.09
   99 A    0  4  1  1 -3  1  1  1 -1 -3 -3  0 -2 -3  1 -1 -2 -3  0 -3    7  36   6   8   0   8  10  12   0   0   1   0   0   0   7   0   0   0   4   0  0.35 0.13
  100 V    2 -2  0 -2 -2  0 -2 -2 -2  2  0 -2  0 -2 -2 -1  1 -3 -2  3   24   0   6   0   0   7   0   0   0  15   5   0   0   0   0   0  11   0   0  29  0.20 0.11
  101 D   -2 -2  2  6 -4 -1  0  0 -2 -3 -3 -2  0 -4 -2 -1  0 -4 -3 -2    1   0  12  61   0   0   0   7   0   0   1   0   4   0   0   0   7   0   0   4  0.81 0.22
  102 A    3 -2  0 -2 -1 -2 -2 -2 -2  0  0 -2 -1 -2  1  1  0 -3 -2  2   33   0   4   0   0   0   0   0   0   3  10   0   0   0   8  11   5   0   0  23  0.22 0.11
  103 L   -1  0  0 -2 -2 -2 -2  4 -2  0  1 -2 -1 -1  0 -1  0 -3 -2 -1    1   8   4   1   0   0   1  43   0   7  17   1   0   2   5   1   5   0   0   4  0.30 0.10
  104 G    3  0  2 -2 -2 -1 -2  2 -2 -2 -2 -1 -2 -3  0  0 -1 -3 -3  0   41   6  13   0   0   0   0  18   0   0   1   0   0   0   4   5   0   0   0  10  0.30 0.13
  105 G   -1  1  6 -1 -3 -1 -1  0  2 -2 -1 -1 -2 -3 -3  0 -1 -4 -2 -1    5   9  52   0   0   0   0   5   7   0   7   0   0   0   0   5   0   0   0   6  0.52 0.19
  106 R   -3  7 -2  0 -5 -1 -2 -4 -2 -5 -4  0 -3 -5 -4 -2 -3 -5 -4 -4    0  96   0   4   0   0   0   0   0   0   0   0   0   0   0   0   0   0   0   0  1.67 0.39
  107 V   -1 -3 -3 -4  5  1 -3 -1 -3  1  0 -3 -1 -2 -3 -2  0 -4 -3  4    0   0   0   0  16  11   0   7   0   5   9   0   0   0   0   0   4   0   0  49  0.45 0.19
  108 N   -3 -2  7  0 -4 -2 -2  0 -1 -5 -5 -2 -4 -5 -3  1  1 -5 -4 -4    0   0  82   0   0   0   0   5   0   0   0   0   0   0   0   6   6   0   0   0  1.34 0.34
  109 L   -2 -3 -3 -4 -2 -3 -3 -4 -4  2  4 -3  3 -1 -3 -2  2 -3 -2  0    0   0   0   0   0   0   0   0   0   9  58   0  10   0   0   0  21   0   0   3  0.57 0.20
  110 A    5 -3 -3 -3  5 -2 -3 -2 -3 -2 -3 -2 -2 -4 -2  0 -2 -4 -3  0   82   0   0   0  13   0   0   0   0   0   0   0   0   0   0   0   0   0   0   5  0.96 0.30
  111 L   -2 -4 -4 -5 -2 -4 -4 -5 -4  5  2 -4  3 -1 -4 -3 -2 -4 -2  2    0   0   0   0   0   0   0   0   0  63  16   0  11   0   0   0   0   0   0  10  0.81 0.24
  112 V    1 -3 -4 -4 -2 -3 -3 -4 -4  4  0 -3  0 -2 -3 -2  0 -4 -2  4   13   0   0   0   0   0   0   0   0  30   3   0   0   0   0   0   7   0   0  48  0.56 0.20
  113 S    0 -2 -1  0 -2 -1 -1 -2 -2 -3 -3 -1 -2 -3  1  4  3 -4 -3 -2    2   0   0   6   0   0   0   0   0   0   1   0   0   0   7  53  28   0   0   0  0.61 0.22
  114 N   -2  6  3  1 -4  0  0 -2 -1 -4 -3  1 -2 -4 -3  0 -1 -4 -3 -3    2  57  15   7   0   0   3   2   0   0   1   3   0   0   0   7   2   0   0   0  0.70 0.20
  115 R   -1  3  0 -2 -3  3  0 -3  2  0 -1  0  0 -2 -2  0  0 -3 -2  1    1  24   2   0   0  20   6   0   7   8   2   0   3   0   0   4   7   0   0  15  0.23 0.12
  116 R   -1  4 -1 -2 -3  2 -1 -2 -1 -2 -2  1  1 -3  1 -1  1 -3 -2  0    1  37   1   1   0  15   1   1   0   1   1   5   4   1   6   1  12   0   0  11  0.36 0.14
  117 A    5 -2 -2 -3 -2 -2 -2  1 -3 -2 -2  0 -2 -3  2  0 -1 -3 -3  0   68   0   0   0   0   0   0   7   0   0   1   7   0   0   8   0   0   0   0   6  0.57 0.21
  118 D   -2 -2  1  6 -4 -1  2 -2 -2 -3  0 -2 -2 -3 -2 -1 -1 -4 -3 -3    1   0   3  60   0   0  14   0   0   0  13   0   0   0   0   2   4   0   0   0  0.78 0.21
  119 E    0  1  2  0 -3  1  4  0 -1 -3 -1  0 -2 -3 -2  0  0 -3 -2 -2    4   8  14   1   0   3  41   6   0   0   7   0   0   0   0   7   7   0   0   0  0.34 0.13
  120 V   -1  0  0 -3  1 -2 -3 -3 -3  2  0 -2  0  1 -3 -2 -1 -3 -1  4    2   7   7   0   4   0   0   0   0  13   5   0   0   7   0   0   0   0   0  52  0.34 0.15
  121 F   -2 -3 -3  0 -2 -3 -3 -3 -2  3  0 -3 -1  5 -3 -1 -2 -1  3  1    1   0   0   7   0   0   0   0   0  23   4   0   0  37   0   7   0   0  10   7  0.43 0.15
  122 V   -2 -4 -4 -4 -2 -3 -4 -4 -4  4  1 -3  0  0 -4 -1 -1 -3 -2  4    0   0   0   0   0   0   0   0   0  31  11   0   0   3   0   6   0   0   0  49  0.58 0.20
  123 L    0 -2 -3 -4 -2 -2 -3 -4 -3  3  3 -1  2 -1 -3 -2 -1  4 -1  2    7   2   0   0   0   0   0   0   0  24  32   6   4   0   0   0   3   8   0  13  0.34 0.13
  124 S   -1  1 -2 -2 -3 -1 -1 -3  3 -4 -4 -1 -3 -3  6  2  0 -3  2 -3    3   8   0   0   0   0   4   0  10   0   0   0   0   0  43  17   6   0   8   0  0.85 0.21
  125 P   -1 -3 -2 -2 -3  0  0 -3  2  0 -1 -2 -2 -4  6  1 -2 -4 -3 -2    4   0   0   0   0   4   6   0   7   7   6   0   0   0  53  13   0   0   0   0  1.01 0.23
  126 V    0 -2 -2 -1 -3  0 -1 -1  2 -1 -1 -1  1  0  4  0  1 -3 -2  0    5   0   0   3   0   6   1   5   7   3   4   0   8   4  27   7  14   0   0   5  0.34 0.11
  127 R   -1  0 -1  2 -2 -1  0  0 -2  0 -2 -1 -2 -1 -2  1  3  2  2  0    3   5   0  17   0   0   3   5   0   5   0   0   0   0   0   8  28   3  13   9  0.21 0.13
  128 Q    1  1 -1  1 -2  0  0  0 -2  0  0 -1 -1 -2  0  0  1 -3 -2  1   11  10   0  13   0   4   6   7   0   5   8   0   0   0   4   7  11   0   0  14  0.08 0.05
  129 G    2  1  0 -2 -2 -2 -2  2 -2 -1 -1 -1  1 -3 -2  0  2 -3 -3  1   19   8   3   0   0   0   0  21   0   0   1   0   5   0   0   3  22   0   0  16  0.23 0.13
  130 G    1 -1  2  0 -2 -1 -1  2 -2 -3 -1 -1 -2 -3  1  3  0  2 -3 -3   10   4  10   3   0   0   0  17   0   0   6   0   0   0   5  41   0   4   0   0  0.35 0.16
  131 R   -3  8 -2 -3 -5 -1 -2 -4 -2 -5 -4  1 -3 -5 -4 -3 -3 -5 -4 -4    0 100   0   0   0   0   0   0   0   0   0   0   0   0   0   0   0   0   0   0  1.83 0.41
  132 P   -2 -4 -3 -3 -4 -3 -3  0 -4 -4 -5 -3 -4 -5  8  1 -2 -5 -4 -4    0   0   0   0   0   0   0   7   0   0   0   0   0   0  80  13   0   0   0   0  1.99 0.36
  133 L    1 -3 -3 -3 -2 -2 -3 -3 -3  4  0 -2  0 -2 -3  0  1 -3 -2  3   18   0   0   0   0   0   0   0   0  34   6   0   2   0   0  10   8   0   0  22  0.32 0.14
  134 L   -2 -4 -4 -5 -2 -4 -4 -5 -4  5  4 -4  1  1 -4 -4 -2 -3 -2  1    0   0   0   0   0   0   0   0   0  47  43   0   2   4   0   0   0   0   0   4  0.74 0.22
  135 G   -1 -4 -2 -3  2 -3 -4  6 -3 -5 -5 -3 -4 -3 -4 -2 -3 -3  2 -4    0   0   0   0   6   0   0  82   0   0   0   0   0   0   0   0   0   0  11   0  1.37 0.31
  136 I   -1 -4 -4 -4 -2 -3 -4 -4 -4  5  1 -3  0 -1 -4 -3  1 -4 -2  2    3   0   0   0   0   0   0   0   0  63  12   0   0   0   0   0  11   0   0  10  0.69 0.22
  137 R   -2  6  1 -2 -4  2  0  0  0 -4 -3  1 -2 -4 -3 -1  0 -4 -3 -2    0  58   6   0   0   9   3   7   2   0   0   6   0   0   0   0   6   0   0   4  0.72 0.22
  138 I   -3 -4 -3 -4 -3 -4 -4 -5 -3  5  2 -4  0  1 -4 -3 -2 -2  3  1    0   0   2   0   0   0   0   0   0  61  19   0   0   4   0   0   0   0  12   3  0.70 0.23
  139 G   -1  1  3  1 -1  1  0  5 -2 -5 -4 -1 -3 -4 -3 -1 -2 -4 -4 -4    0  10  16   8   1   6   6  53   0   0   0   0   0   0   0   0   0   0   0   0  0.71 0.20
  140 N   -2  0  6  1 -3 -1 -1  2 -1 -1 -4 -1 -3 -4 -3  1  0 -4 -3 -3    0   6  50   7   0   0   0  15   0   5   0   0   0   0   0  11   5   0   0   0  0.63 0.21
  141 D   -1 -3  1  5 -4 -2  0  0 -2 -1 -1 -2  1 -3  0 -1 -2 -4  1 -3    6   0   6  55   0   0   0   6   0   4   6   0   5   0   5   0   0   0   6   0  0.60 0.20
  142 A    1 -3  0 -2 -2 -2 -1 -1 -2  1  0 -2 -1  0 -3 -1  0 -2  2  3   20   0   6   0   0   0   6   5   0   6   6   0   0   4   0   0   3   0   9  35  0.17 0.12
  143 F   -3 -4 -4 -5 -3 -4 -4 -5 -3  2  1 -4 -1  7 -5 -4 -3 -1  3 -1    0   0   0   0   0   0   0   0   0  17  11   0   0  63   0   0   0   0   8   0  1.09 0.27
  144 F   -3 -4 -4 -5  2 -4 -4  0 -2 -2  0 -4 -1  7 -5 -3 -3  3  4 -2    0   0   0   0   6   0   0   9   0   0   7   0   0  63   0   0   0   4  12   0  1.05 0.27
  145 T   -1 -2  3 -1 -2 -2 -2 -1 -2 -3 -3 -2 -2 -4 -2  4  4 -4 -3 -2    0   0  17   0   0   0   0   3   0   0   0   0   0   0   0  37  43   0   0   0  0.72 0.26
  146 A    1 -3 -3 -4 -2 -3 -3 -3  1  4  2 -3  0  1 -3 -2  0 -3 -1  2   13   0   0   0   0   0   0   0   6  35  20   0   0   5   0   0   5   0   0  16  0.33 0.14
  147 H   -4 -2 -1 -3 -5 -2 -2 -4 10 -5 -5 -3 -4 -3 -4 -3 -4 -5  0 -5    0   0   0   0   0   0   0   0 100   0   0   0   0   0   0   0   0   0   0   0  2.65 0.51
  148 A    6 -3 -3 -3  3 -2 -2 -1 -3 -3 -3 -2 -2 -4 -2  1 -1 -4 -3 -2   87   0   0   0   6   0   0   0   0   0   0   0   0   0   0   5   1   0   0   0  1.00 0.31
  149 I   -1 -1  0 -2 -2 -2  1 -2 -3  1  3 -2  0 -1  0 -1 -2  4 -2 -1    5   2   5   0   0   0  12   3   0   8  50   0   0   0   6   3   0   6   0   0  0.27 0.14
  150 A    4 -2 -2 -2 -2 -2 -2 -1 -3 -3 -3 -2 -3 -4  1  4 -1 -4 -3 -2   57   0   0   0   0   0   0   0   0   0   0   0   0   0   6  36   0   0   0   0  0.75 0.26
  151 M   -1  0  4  0 -3 -1 -1  2  0 -3 -3 -1 -1 -4  2  2  0 -4 -3 -3    2   6  27   3   0   0   0  21   3   0   0   0   3   0  10  21   5   0   0   0  0.42 0.15
  152 R   -1  2  2 -2 -4 -2  0  5 -2 -5 -4 -1 -3 -4 -1  0 -2 -4 -4 -4    0  13  13   0   0   0   6  58   0   0   0   0   0   0   3   6   1   0   0   0  0.78 0.21
  153 N    0 -1  1 -2 -4 -2 -3  6  1 -5 -5 -2 -4 -4 -3  0 -2 -4 -4 -4    6   3   9   0   0   0   0  72   5   0   0   0   0   0   0   5   0   0   0   0  1.06 0.25
  154 N    0  0  4 -1 -3 -1 -2  1 -2 -1 -3 -1 -2 -3  2  0  1 -4 -3  0   10   7  37   0   0   0   0   9   0   3   0   0   0   0  12   3   9   0   0  10  0.37 0.16
  155 D   -3 -2  1  6 -4 -1  2 -3 -2 -4 -4 -2 -3  0 -3 -1 -2 -4 -3 -4    0   0   6  68   0   0  15   0   0   0   1   0   0   6   0   0   0   0   0   0  1.06 0.25
  156 A    5 -2 -2 -2 -1 -2 -2 -1 -2 -2 -2 -2 -2 -3 -2  2 -1 -3 -2 -1   73   1   1   1   0   1   1   2   0   1   1   1   0   0   1  14   1   0   0   2  0.67 0.21
  157 P    2 -2 -1 -2 -2  0 -1  2 -2 -2 -2 -1 -2 -3  5  1  1 -3 -2 -1   19   1   1   1   0   4   1  17   0   1   3   1   0   0  28  12   8   0   0   3  0.48 0.12
  158 A    4  0 -1 -2 -1  1 -1  0 -2 -2 -1 -1 -1 -2 -1  2  1 -3 -2 -1   48   6   1   1   0   7   1   5   0   1   7   1   0   0   1  15   6   0   0   1  0.31 0.13
  159 L    0 -3 -3 -3 -2 -2 -3 -3 -2  4  2 -2  2  0 -3 -2 -1 -2  2  1    9   1   1   1   0   1   1   1   0  39  22   1   6   0   1   1   1   0  10   6  0.32 0.12
  160 V   -2 -4 -4 -4 -2 -3 -4 -4 -4  3  1 -4  2  0 -4 -3 -2  4 -2  5    0   0   0   0   0   0   0   0   0  21   9   0   5   2   0   0   0   6   0  57  0.69 0.22
  161 E   -1  3  4  1 -3  1  1  0  2 -4 -3  0 -2 -4 -2  1  1 -4 -2 -3    4  21  26   6   0   6   6   6   6   0   0   0   0   0   0  10   9   0   0   0  0.37 0.13
  162 E    1  0  1  1 -2  1  1 -2 -1  0  0 -1  0  0 -2  0 -1 -3 -1  0   20   4  11   6   0   9  10   0   0   6  11   0   3   6   0   7   0   0   0   5  0.09 0.07
  163 V   -2 -4 -4 -4 -2 -3 -4 -4 -4  4  1 -3  1 -2 -3 -2  1 -4 -2  4    0   0   0   0   0   0   0   0   0  41   6   0   4   0   0   0  12   0   0  37  0.62 0.20
  164 Y   -1  1  2  3 -3  0  0 -3  4 -1 -2 -1 -2  1 -3 -1 -2  2  2 -1    4   9  12  24   0   3   3   0  17   4   0   0   0   9   0   0   0   3   8   5  0.31 0.13
  165 N    0 -1  4  3 -3 -1  1 -2 -1 -3 -2 -1  1 -3 -2  1  0 -4 -3 -2    9   2  33  24   0   0   7   0   0   0   2   0   7   0   0   9   6   0   0   0  0.43 0.15
  166 F   -2 -2  1 -3 -3 -2 -2 -3  3  0  0 -2 -1  5 -3 -2 -1 -1  4  0    0   1   8   0   0   0   0   0  11   5  11   0   0  31   0   2   4   0  17   6  0.41 0.14
  167 F   -1 -3 -4 -4 -3 -3 -4 -2 -3 -1  1 -3  5  6 -4 -1 -2 -2  0  0    6   0   0   0   0   0   0   3   0   0  12   0  21  46   0   5   0   0   0   6  0.76 0.33
  168 R    1  2  1  0 -3  1  0  1  1 -1 -2  0  1 -3 -2  0  1 -3 -2 -1   13  18  10   5   0   8   3  11   3   4   0   0   6   0   0   4  11   0   0   2  0.16 0.12
  169 D   -1  0  4  1 -3  1 -1  1  2 -3 -3 -1  0 -3 -2  2  0 -3 -2 -3    1   3  33   7   0   8   1  13   6   0   1   1   3   0   0  15   6   0   0   1  0.43 0.21
  170 S    0 -1  2  0 -2  1  0 -1 -1 -1 -1  0 -1  1 -1  2  1 -2 -1 -1    8   1  13   4   1  10   4   2   1   4   8   4   1   8   1  18   9   0   1   2  0.10 0.07
  171 R    0  1  0 -1 -2  1 -1  1  1 -1 -1  0 -1 -2  0  0  1 -2 -1  1    3  10   4   2   1  10   2  13   5   2   3   2   1   1   5   7  10   0   1  17  0.08 0.06
  172 D   -1  0  0  2  2  1  0 -1 -1  1 -1 -1 -1 -1 -1  0  1 -1  1 -1    3   4   5  15   6   9   2   3   1  12   6   2   1   1   2   9  10   0   6   2  0.07 0.05
  173 P    0 -1  0 -1 -2  1 -1  0 -1 -1  0 -1 -1 -2  5 -1 -1 -2 -2 -1   10   2   7   2   1   6   3   8   1   2  10   2   1   2  33   3   2   1   1   3  0.43 0.10
  174 V    0 -1  0  0 -1  1  0 -1 -1  1  0  0  1 -1 -1  0  0  2  0  1   10   2   4   5   1   7   6   3   1  10   6   7   7   2   2   3   6   4   4  11  0.03 0.03
  175 H    0  2  1 -1 -2  0 -1  0  3 -1  0  0  3 -1 -2 -1 -1 -1  2 -1   10  16   8   1   0   5   2   6   9   1  10   1  15   1   1   2   1   0   8   2  0.12 0.10
  176 Q    0  1 -1 -2 -3  1 -1  1 -2 -3 -3 -1 -2 -3  5  2 -1 -3 -3 -1    6  11   1   1   0   9   1   9   0   1   1   1   0   1  34  18   1   0   0   5  0.57 0.20
  177 A    1 -1  3  1 -2  1  0  0  4 -3 -2  1 -2 -3 -2  1  0 -3 -2 -2   18   0  17   7   0   7   5   7  13   0   3   8   0   0   0   8   4   0   0   0  0.25 0.14
  178 L    0  0  1 -1 -2 -2 -2 -2  0  2  1 -1  0  1 -2 -1  1 -2  2  1    8   8   8   4   0   0   0   1   3  19  15   0   0   5   0   0  10   0  11   6  0.09 0.10
  179 N   -1 -1  4  0 -2  0 -1 -1 -1 -2 -3 -1 -2 -3  2  2  2 -3 -2 -2    1   1  34   1   0   4   1   1   0   1   1   1   0   1  12  19  21   0   0   1  0.42 0.10
  180 W   -2 -4 -4 -5 -3 -3 -4 -4 -3  0 -2 -4 -2  3 -4 -3 -3 11  1 -3    4   0   0   0   0   0   0   0   0   6   0   0   0  15   0   0   0  71   0   0  2.26 0.28
  181 M    0 -1 -3 -4 -2 -2 -3 -3 -3  2  2 -2  6  1 -3 -2 -1 -2 -1  2    7   4   0   0   0   0   0   0   0  15  11   0  40   7   0   0   0   0   0  16  0.43 0.14
  182 I    0 -3 -4 -4 -2 -3 -3 -4 -3  5  1 -3  2 -1 -3 -2 -1 -3  0  3    8   0   0   0   0   0   0   0   0  55   7   0   7   0   0   0   0   0   3  20  0.51 0.13
  183 L    2 -2 -2 -3 -2 -2 -2  2 -3  0  1 -2  3 -2 -2 -1  0 -3 -2  1   30   0   0   0   0   0   0  17   0   4  18   0  19   0   0   0   4   0   0   9  0.24 0.10
  184 G   -1 -3 -2 -2 -4 -3 -1  7 -3 -5 -5 -3 -4 -4 -3 -1 -3 -4 -4 -4    0   0   0   0   0   0   5  95   0   0   0   0   0   0   0   0   0   0   0   0  1.49 0.23
  185 D   -3 -3  0  7 -5 -2  0 -3 -2 -5 -5 -2 -5 -5 -3 -2 -2 -6 -5 -5    0   0   0 100   0   0   0   0   0   0   0   0   0   0   0   0   0   0   0   0  1.71 0.27
  186 F   -3 -4 -4 -5 -4 -4 -4 -4 -2 -1 -1 -4  1  8 -5 -4 -3  4  3 -2    0   0   0   0   0   0   0   0   0   0   0   0   4  83   0   0   0   6   7   0  1.41 0.24
  187 N   -3 -2  8  0 -4 -1 -2 -2 -1 -5 -5 -2 -4 -5 -3 -1 -1 -5 -4 -4    0   0 100   0   0   0   0   0   0   0   0   0   0   0   0   0   0   0   0   0  1.64 0.29
  188 R   -3  7 -2 -3  4  2 -2 -4 -2 -5 -4  0 -3 -5 -4  0 -3 -5 -4 -4    0  73   0   0   9  12   0   0   0   0   0   0   0   0   0   7   0   0   0   0  1.31 0.39
  189 E    2 -2  0  2 -2  1  2 -2 -2 -1 -1 -1 -2 -3 -1  2  1 -4 -3 -2   19   0   2  16   0   4  17   0   0   4   6   0   0   0   1  22   7   0   0   0  0.28 0.14
  190 P   -1 -4 -4 -4 -5 -3 -3 -4 -4 -5 -5 -3 -5 -6  8 -1 -3 -6 -5 -4    5   0   0   0   0   0   0   0   0   0   0   0   0   0  90   4   0   0   0   0  2.49 0.50
  191 A    1 -1  3  2 -3  0  0  2 -2 -1 -3 -1 -2 -4 -2  2 -1 -4 -3 -2   14   3  16  15   0   2   5  14   0   5   0   0   0   0   0  24   0   0   0   2  0.31 0.15
  192 D    0  1  2  1 -3  1  3 -1  1 -3 -2  0 -2 -3 -2  1  1 -3 -2 -2    8   9  10   9   0   5  24   2   3   0   2   0   0   0   0  15  11   0   0   0  0.30 0.13
  193 L   -2 -3 -4 -4 -2 -1 -3 -4 -3  1  5 -3  3 -1 -3 -3 -1 -3 -2 -1    1   0   0   0   0   4   1   1   0   4  75   0   7   0   0   1   4   0   0   1  0.76 0.25
  194 E    0  2  0 -1 -3  1  2 -2 -1  0  0  0  0 -2  0  0  0 -3 -2  0    8  17   6   0   0   5  24   1   0   6  10   0   1   2   5   4   4   0   0   6  0.15 0.09
  195 M    0  0  2  0 -2  0  1  0 -1 -2 -2  0  0 -3  2  2  0 -3 -2 -2    8   4  12   5   0   0  13   6   0   0   4   5   4   0  10  21   4   0   0   2  0.21 0.09
  196 N    0  0  1  1 -2  0  0  1 -1 -1  0  0 -1  0 -2  1  1 -2 -1 -1    8   4   8   8   0   3   2  11   0   3  13   5   0   4   1  15  10   0   0   1  0.08 0.05
  197 L   -2 -3 -3 -3 -2 -2 -3 -3 -3  1  4 -3  3  1  1 -1 -2 -2 -2  0    2   1   0   1   0   0   1   1   0   6  57   1  10   6   7   4   1   0   0   3  0.49 0.20
  198 T    0  1 -1  3 -2 -1  0  1 -2 -3 -3  0 -2 -3  1  0  3 -3 -3 -2    6   9   0  20   0   0   6  10   0   1   1   4   0   0   8   5  27   0   0   1  0.30 0.15
  199 V    0  2 -1 -1 -2  1  1 -1 -1 -2 -1  0 -1 -2  3  1  1 -3 -2 -1    8  16   1   1   0   9   7   2   0   1   6   1   0   2  17  12  11   0   1   5  0.24 0.10
  200 P   -1  1 -1  1 -3  0  2  2  1 -3 -2 -1 -2 -3  4 -1  0 -3 -2 -2    3   9   1   7   0   4  16  18   4   1   4   1   0   1  22   2   5   0   1   1  0.36 0.12
  201 V    0 -2  0 -2 -2 -2 -2  0  0  1  2 -2  1 -1 -2 -1  0 -2  1  2    5   1   6   1   0   1   1   8   3   6  27   1   4   1   1   1   5   0   6  23  0.12 0.09
  202 R    0  5  1 -2 -3  2  1 -3  0 -3 -3  0 -2 -4  1  0  2 -3 -3 -3    7  40   6   0   0   8   7   0   2   0   1   0   0   0   5   6  14   0   0   0  0.48 0.21
  203 R   -1  1  4  0 -3  0  0 -2  1 -3 -3  0  0 -3 -2  2  1 -4 -2 -1    4   9  35   4   0   4   2   0   3   0   1   5   3   0   0  15   7   0   0   5  0.37 0.18
  204 A    0  3  2 -2 -3 -1 -1 -3  3 -2 -2  0 -2  3  2  0 -2 -3 -1 -1   10  21  13   0   0   0   3   0   8   0   0   2   0  17  11   7   0   0   0   7  0.29 0.18
  205 S    0 -3 -2 -3 -2 -2 -3  1 -3  3  0 -3  1 -1 -3  0  2  3  2  2    7   0   0   0   0   0   0  10   0  23   3   0   3   0   0   6  18   5   8  15  0.24 0.16
  206 E   -1  2  2 -1 -3  0  1 -1  3 -2 -2  0 -2  1 -3 -1  0  4 -1 -2    3  17  15   0   0   3   9   5  12   2   2   5   0   9   0   3   8   6   0   2  0.24 0.14
  207 I   -2 -3 -1 -4  2  1 -3 -4 -3  4  0 -1  0  1 -4 -3 -2  2 -2  3    0   0   3   0   5  10   0   0   0  42   6   4   0   7   0   0   0   3   0  20  0.44 0.23
  208 I    0 -3 -4 -4 -2 -3 -1 -4 -3  2  2 -3  0 -1 -3 -2  0  3  1  4    9   0   0   0   0   0   4   0   0   9  16   0   0   0   0   0   7   5   5  45  0.42 0.21
  209 S    3 -2  1  0  3 -1  0 -1  1 -3 -3 -2 -2  0 -2  2  0 -3  0 -2   28   0   8   4   8   0   5   3   3   0   0   0   0   5   0  25   4   0   4   1  0.29 0.18
  210 P   -2 -3 -3  0  1  0 -2 -4 -4 -1 -4 -3 -4 -5  7  1  0 -5 -4 -3    0   0   0   5   3   5   0   0   0   5   0   0   0   0  63  13   7   0   0   0  1.44 0.39
  211 A    0  0  3 -2 -3 -2 -1  3 -2 -3 -4 -2 -3 -4  4  1  1 -4 -2 -2    5   5  16   0   0   0   3  24   0   0   0   0   0   0  24   8  12   0   1   3  0.52 0.20
  212 A    1  0  1  1 -3  1  2  0  1 -2 -2  1  1 -3  1  2  0 -4 -2 -2    9   3   6   7   0   6  14   5   3   1   0   9   6   0   5  21   1   0   0   2  0.21 0.12
  213 A    2 -1  0 -2 -3 -2  0  0 -3 -1 -3 -2 -2  0  5  0  0 -4 -2 -1   25   3   4   0   0   0   5   8   0   4   0   0   0   5  31   6   5   0   1   4  0.49 0.19
  214 T   -2 -3 -2 -3 -3 -3 -3 -4  2 -3 -4 -3 -3 -4 -3  0  7 -5 -4 -2    0   0   0   0   0   0   0   0   5   0   0   0   0   0   0   5  90   0   0   0  1.53 0.52
  215 Q   -3  1 -2 -3 -5  6 -1 -4  8 -5 -4 -2 -3 -3 -4 -3 -3 -3  3 -5    0   5   0   0   0  40   0   0  45   0   0   0   0   0   0   0   0   0  10   0  1.47 0.47
  216 T    0  2 -2 -2 -3  2  0 -3 -2  0 -2  0 -1  1  3  0  2 -3 -2  0    6  12   0   0   0  12   3   0   0   8   0   5   0  10  17   6  15   0   0   6  0.25 0.15
  217 S    1 -3  0 -2 -3 -2 -2  2 -3 -4 -4 -2 -3 -4 -3  6  0 -5 -4 -3    6   0   2   0   0   0   0  15   0   0   0   0   0   0   0  74   3   0   0   0  0.99 0.39
  218 Q    0 -3  2 -2 -4  0 -3  6 -3 -5 -5 -2 -4 -5  0  0  0 -4 -4 -4    4   0  11   0   0   5   0  65   0   0   0   0   0   0   4   6   6   0   0   0  0.98 0.31
  219 R    0  4  2 -2 -4 -1 -2  4  3 -5 -4  0 -3 -4 -3  0 -2 -4 -3 -4    6  26  10   0   0   0   0  42   8   0   0   4   0   0   0   4   0   0   0   0  0.69 0.26
  220 T    0  0  1 -1 -3 -1  2 -3 -2  2 -1 -1  0 -3  1  0  3 -4 -3  1    5   5   7   0   0   0  18   0   0  17   0   0   3   0   6   5  23   0   0  12  0.22 0.16
  221 L   -3 -4 -5 -5 -3 -4 -5 -6 -5  3  6 -4  0 -1 -5 -4 -3 -4 -3 -1    0   0   0   0   0   0   0   0   0  14  86   0   0   0   0   0   0   0   0   0  1.19 0.39
  222 D   -4 -3 -1  8 -5 -2  0 -3 -3 -5 -5 -3 -5 -5 -3 -2 -3 -5 -5 -5    0   0   0  94   0   0   0   0   0   0   1   0   0   0   0   0   0   0   0   0  1.94 0.49
  223 Y   -3 -3 -3 -4 -4 -3 -3 -4  0 -3 -3 -3 -3  2 -4 -3 -3  2  9 -3    1   1   0   1   0   0   1   1   0   1   1   1   0   5   1   1   1   2  83   1  1.92 0.47
  224 A    4 -3 -2 -3 -2 -2 -3  4 -3 -2 -2 -2 -2  1 -2 -1 -2 -3 -2  0   50   0   0   0   0   0   0  30   0   0   3   0   0   8   0   0   0   0   0   6  0.59 0.25
  225 V   -2 -4 -4 -4 -2 -3 -4 -4 -4  4  1 -3  0  2 -4 -3 -2 -3 -1  5    0   0   0   0   0   0   0   0   0  26   9   0   0  11   0   0   0   0   0  49  0.67 0.25
  226 A    1 -2 -2 -3 -2 -2 -2  0 -3  2  0 -2  0  0 -2 -1  2  4 -1  1   18   1   0   1   0   0   1   8   0  15   8   1   3   3   1   1  19   8   0  12  0.21 0.13
  227 G   -1 -3 -1 -1 -3 -2 -2  5  1 -2 -1 -2 -2 -3  0  0 -2 -3 -1 -1    1   1   0   4   0   0   1  54   4   1   9   1   0   0   6   8   1   0   3   7  0.57 0.20
  228 N   -1  1  5  2 -3  1  0  1 -1  0 -3 -1 -2 -3 -2  0 -1 -3  0 -2    4   7  37   9   0   5   6  10   0   8   1   1   0   0   0   5   1   0   5   1  0.36 0.17
  229 S    1  1  4  1 -2  0 -1 -1 -1 -3 -3 -1 -2 -3  0  3  0 -3 -3 -2   12  10  23   8   0   2   1   1   0   1   1   1   0   0   4  31   2   0   0   3  0.37 0.18
  230 V    1 -1  2  0 -2  1 -1 -1  0  0  0 -1 -1 -2 -2  1  0 -2 -2  0   14   1  17   3   0   9   1   1   2   8  11   1   0   1   1  17   1   0   1   9  0.12 0.09
  231 A    1 -1  0  2 -2  0 -1  1 -2 -2 -1 -1 -2 -2  3  1  1 -3 -2 -2   16   3   5  12   0   4   1   9   0   1   6   1   0   1  18   7  12   0   1   1  0.25 0.09
  232 F   -1 -1 -2 -1 -2 -2 -2  0  2  0  0 -2 -1  4  0  0 -1 -1  4 -1    3   4   1   3   0   1   1   9   7   6   9   1   0  22   4   7   3   0  19   1  0.23 0.12
  233 R    0  2  2 -1 -2  0  0  1 -1 -1 -2  0 -1 -2 -2  2  1 -3 -2  0    4  17  11   2   0   2   4  13   0   4   3   1   0   1   1  20   8   0   0   8  0.16 0.10
  234 P    1  0 -1  0 -2  1 -1  0 -2  0  0 -1 -1 -2  3  0 -1 -2 -2  1   12   6   3   4   0   7   2   6   0   7  10   1   0   1  19   4   1   0   1  15  0.17 0.08
  235 S    0  1  1 -1 -2 -1 -1  0  1 -2 -2  0 -2 -3  5  0  0 -3 -2 -1    7   7   8   1   0   1   3   7   4   1   3   7   0   1  30   7   6   0   1   6  0.41 0.12
  236 P    1  1  0 -2 -2  0 -1 -1  1  0  0 -1  1 -2  2  0  0 -2 -2  0   14  11   6   1   0   2   1   4   4   6  13   1   6   1  11   9   6   0   1   3  0.10 0.06
  237 L   -1 -3 -3 -3 -2 -1 -3 -2 -3  3  2 -2  2  1  0 -1 -1 -2 -1  2    4   0   0   0   0   3   0   3   0  19  30   0   5   6   5   5   0   0   0  16  0.24 0.12
  238 Q    2  0 -1  0 -2  0  0  1 -2 -1 -1 -1  0 -2  1  1  1 -3 -2  0   25   5   0   5   0   4   5   9   0   0   8   0   3   0   5  15   8   0   0   6  0.13 0.09
  239 A    5 -3 -2 -3  2 -2 -2  1 -3 -1 -2 -2 -2 -3 -2  0  1 -3 -3 -1   63   0   0   1   5   0   1  10   0   4   1   1   0   0   0   1  10   0   0   3  0.59 0.26
  240 G    1 -2 -2 -2 -2 -2 -2  2 -3  3  0 -2  1 -2 -2  1 -1 -3 -2  2   10   0   0   1   0   0   1  16   0  24   8   1   5   0   0  17   1   0   0  14  0.20 0.13
  241 I   -2 -3 -3 -3 -2 -1 -3 -1 -3  3  3 -3  1  1  1 -2 -2 -2 -1  1    1   0   0   1   0   3   1   5   0  21  41   1   3   8   9   1   1   0   0   4  0.34 0.16
  242 V    1 -2 -3 -3 -2 -2 -3 -2 -3  1  2 -1  5  1 -1 -2  1 -3 -2  1   11   0   0   0   0   0   0   2   0   6  25   5  23   5   3   0  12   0   0   6  0.26 0.17
  243 Y    1 -1 -2 -3 -2 -2 -1  1 -2  0  1 -1 -1  1 -3 -1  1 -2  2  0   18   3   0   0   0   0   4  11   0   5  20   4   0   5   0   0  15   0  12   4  0.12 0.12
  244 G    3  0  2  1  1  0 -1  2  1 -2 -2 -1 -2 -3  0  0 -1 -4 -3 -2   36   6  11   9   3   3   0  14   4   3   3   0   0   0   5   3   0   0   0   0  0.25 0.16
  245 A    1 -1  2  0 -2  1 -1  0 -2 -1 -1 -1  0 -2 -2  2  0 -3  0  1    9   3  15   3   0   7   2   7   0   0   6   0   3   0   0  24   4   0   4  13  0.15 0.13
  246 R   -2  1 -3 -3 -2  0  0 -2 -2  1  3 -1  2  0 -3 -2 -1 -3 -2  1    0  12   0   0   0   4   9   3   0   5  44   0   7   3   0   0   3   0   0   7  0.26 0.16
  247 R    0  5  0 -3 -3 -1 -2 -3 -2  0  0  1  2 -3  1 -2 -1 -3 -3  0    8  44   4   0   0   0   0   0   0   5   7   5   8   0   7   0   3   0   0   6  0.43 0.21
  248 T    0 -2  1 -2 -2 -2 -2  2  1 -2  0 -2 -2 -2  1  2  2 -3  1 -1    3   0   7   0   0   0   0  16   4   0   9   0   0   0   7  19  22   0   7   3  0.22 0.15
  249 Q   -2 -1 -2 -2 -3  5 -1 -3  5 -3  0 -1  1  2  1 -2 -2 -2  1 -3    1   1   0   1   0  42   1   1  18   1   8   1   4   9   6   1   1   0   5   1  0.63 0.27
  250 I    0 -2 -1 -3 -2  0 -2 -3 -3  3  3 -2  3 -1 -3 -2  0 -3 -2  1    8   1   4   1   0   5   1   1   0  21  40   1   9   0   1   1   4   0   0   4  0.31 0.14
  251 S    2 -2 -1  0 -2 -1 -1  2 -2 -1 -2 -1 -1 -2  0  2  1 -3 -2  1   19   1   1   4   0   1   1  20   0   1   2   1   0   1   4  19  11   0   1  12  0.22 0.10
  252 S   -1 -2 -1 -2 -3 -2 -2  1 -3 -4 -4 -2 -3 -4 -2  6  0 -4 -3 -3    1   0   0   0   0   0   0   8   0   0   1   0   0   0   0  85   0   0   0   0  1.12 0.37
  253 D   -4 -4 -1  8 -5 -2  0 -3 -3 -5 -5 -3 -5 -5 -3 -2 -3 -6 -5 -5    0   0   0  97   0   0   0   0   0   0   0   0   0   0   0   0   0   0   0   0  2.00 0.45
  254 H   -4 -3 -2 -3 -5 -2 -2 -4 10 -5 -5 -3 -4 -3 -4 -3 -4 -4 -1 -5    0   0   0   0   0   0   0   0  96   0   0   0   0   0   0   0   0   0   0   0  2.74 0.56
  255 F   -3 -1 -3 -4 -3 -3 -3 -4 -2  0  0 -1  1  5 -4 -1 -1  4  5 -1    0   3   0   0   0   0   0   0   0   4   9   3   3  37   0   6   2   7  21   4  0.67 0.22
  256 P   -1 -4 -4 -4 -5 -3 -3 -2 -4 -5 -5 -3 -5 -6  8 -1 -3 -6 -5 -4    6   0   0   0   0   0   0   3   0   0   0   0   0   0  88   4   0   0   0   0  2.37 0.47
  257 V   -2 -4 -5 -5 -3 -4 -4 -5 -5  2 -1 -4 -1 -3 -4 -4 -2 -5 -3  7    0   0   0   0   0   0   0   0   0   4   0   0   0   0   0   0   0   0   0  96  1.34 0.37
  258 G    0  2  3 -1 -3  1  1  2  0 -3 -3  1  0 -3 -2  1 -1 -4 -3 -3    8  12  24   0   0   4   9  14   2   0   0   9   3   0   0  16   0   0   0   0  0.31 0.11
  259 V   -3 -4 -4 -5 -4 -4 -4 -5 -2 -1  0 -4 -1  7 -5 -4 -3  0  5  0    0   0   0   0   0   0   0   0   0   2   5   0   0  69   0   0   0   0  18   5  1.31 0.29
  260 S   -1  4 -1 -1 -3  1 -1  1 -1 -2  0  1  1 -1 -3  1 -1 -3 -2 -1    0  44   0   3   0   6   0  11   0   0   8   2   6   3   0  12   0   0   0   5  0.30 0.10
  261 R    0  5 -1 -2 -3  0  0 -2  2 -3 -1  3 -1 -3 -2  0 -1 -3 -2 -2    9  48   0   0   0   0   0   0   8   0   8  23   0   0   0   4   0   0   0   0  0.45 0.07
  262 R   -2  6 -1 -2 -4  1  0 -3 -1 -3 -3  3 -2 -3 -2 -1 -1 -3 -2 -3    0  86   0   0   0   0   0   0   0   0   0  14   0   0   0   0   0   0   0   0  0.81 0.05

                      K         Lambda
Standard Ungapped    0.1332     0.3194
Standard Gapped      0.0410     0.2670
PSI Ungapped         0.1357     0.3178
PSI Gapped           0.0415     0.2670
