
Last position-specific scoring matrix computed, weighted observed percentages rounded down, information per position, and relative weight of gapless real matches to pseudocounts
           A  R  N  D  C  Q  E  G  H  I  L  K  M  F  P  S  T  W  Y  V   A   R   N   D   C   Q   E   G   H   I   L   K   M   F   P   S   T   W   Y   V
    1 R   -2  7 -1 -2 -4  1  0 -3 -1 -4 -3  2 -2 -3 -3 -1 -2 -3 -2 -3    0 100   0   0   0   0   0   0   0   0   0   0   0   0   0   0   0   0   0   0  0.95 0.06
    2 N   -1  1  4  0 -3  1  0 -1  0 -3 -3  4 -2 -4 -2  0 -1 -4 -2 -3    0   0  36   0   0   0   0   0   0   0   0  64   0   0   0   0   0   0   0   0  0.53 0.04
    3 T    0 -1  0 -1 -1 -1 -1 -1 -2 -2 -2 -1 -1 -3 -1  3  4 -3 -2 -1    0   0   0   0   0   0   0   0   0   0   0   0   0   0   0  47  53   0   0   0  0.47 0.04
    4 S    1 -1  0  0 -2  0  1  3 -1 -3 -3  1 -2 -3 -1  2  0 -3 -2 -2    9   0   0   0   0   0  16  30   0   0   0  12   0   0   0  34   0   0   0   0  0.34 0.02
    5 V    3 -2 -3 -3 -1 -2 -2 -2 -3  1  0 -2  0 -2 -2  0  0 -3 -2  3   45   0   0   0   0   0   0   0   0   0   0   0   0   0   0   0   0   0   0  55  0.28 0.04
    6 M   -1 -2 -3 -4 -2 -1 -3 -3 -2  1  2 -2  8  0 -3 -2 -1 -2 -2  0    0   0   0   0   0   0   0   0   0   0   0   0 100   0   0   0   0   0   0   0  0.70 0.08
    7 K   -1  3 -1 -1 -4  1  0 -2 -1 -3 -3  5 -2 -4 -2 -1 -1 -4 -2 -3    0  11   0   0   0   0   0   0   0   0   0  89   0   0   0   0   0   0   0   0  0.65 0.05
    8 K   -1  3  0 -1 -3  1  0 -2  2 -3 -3  4 -2 -3 -2  1 -1 -3 -2 -3    0  12   3   0   0   0   0   0   9   0   0  64   0   0   0  12   0   0   0   0  0.44 0.04
    9 G    0 -2  1  1 -3 -2 -2  6 -2 -4 -4 -2 -3 -4 -2  0 -2 -3 -4 -4    0   0   8  12   0   0   0  80   0   0   0   0   0   0   0   0   0   0   0   0  0.88 0.04
   10 G    0 -1  0 -1 -2 -1 -1  5 -1 -2 -2 -1 -2 -2 -1  0 -1 -2 -2 -2    3   2   2   2   1   2   2  66   1   2   3   2   1   1   2   3   2   0   1   2  0.53 0.02
   11 I   -1 -3 -4 -4 -2 -3 -3 -4 -3  4  2 -3  1  2 -3 -3 -1 -2 -1  3    0   0   0   0   0   0   0   0   0  56  12   0   0  12   0   0   0   0   0  21  0.36 0.03
   12 F   -3 -3 -4 -4 -3 -4 -4 -4 -2  0  1 -4  0  7 -4 -3 -2  0  3 -1    0   0   0   0   0   0   0   0   0   0  16   0   0  84   0   0   0   0   0   0  0.78 0.05
   13 S    1 -1  0 -1 -1  0  0 -1 -1 -3 -3 -1 -2 -3 -1  5  1 -3 -2 -2    0   0   0   0   0   0   0   0   0   0   0   0   0   0   0 100   0   0   0   0  0.60 0.06
   14 A    4 -2 -1 -2 -1 -1 -1  0 -2 -2 -2 -1 -1 -2  1  2  1  4 -1 -1   58   0   0   0   0   0   0   0   0   0   0   0   0   0   7  22   4   9   0   0  0.38 0.03
   15 E   -2 -1  0  5 -4  1  5 -2 -1 -4 -4  0 -3 -4 -2  0 -1 -4 -3 -3    0   0   0  38   0   0  62   0   0   0   0   0   0   0   0   0   0   0   0   0  0.76 0.04
   16 F   -2 -3 -4 -4 -2 -4 -4 -4 -2  1  0 -3  0  6 -4 -3 -2  0  2  1    0   0   0   0   0   0   0   0   0   8   0   0   0  73   0   0   0   0   0  19  0.62 0.04
   17 L   -2 -3 -4 -4 -2 -2 -3 -4 -3  1  5 -3  3  0 -3 -3 -2 -2 -1  1    0   0   0   0   0   0   0   0   0   0  91   0   9   0   0   0   0   0   0   0  0.53 0.04
   18 K   -1  2 -1 -1 -3  2  0 -2 -1 -2  0  4  0 -3 -2  1 -1 -3 -2 -2    0   3   0   0   0   9   0   0   0   0  12  60   4   0   0  12   0   0   0   0  0.31 0.03
   19 V   -1 -3 -3 -3 -1 -3 -3  0 -3  3  2 -3  1 -1 -3 -2 -1 -3 -2  4    0   0   0   0   0   0   0  11   0  12  19   0   0   0   0   0   0   0   0  58  0.27 0.03
   20 F   -3 -3 -4 -4 -3 -4 -4 -4 -2  1  2 -4  0  7 -4 -3 -2  0  2 -1    0   0   0   0   0   0   0   0   0   4  19   0   0  77   0   0   0   0   0   0  0.70 0.05
   21 L   -2 -2 -3 -3 -2 -2 -3 -2  2  3  3 -3  2  0 -3 -2 -1 -2 -1  2    0   0   0   0   0   0   0   4  11  37  41   0   3   0   0   0   0   0   0   4  0.26 0.02
   22 P   -1 -2 -2 -2 -3 -2 -1 -2 -3 -3 -3 -1 -3 -4  8  0 -1 -4 -3 -3    0   0   0   0   0   0   0   0   0   0   0   0   0   0  89  11   0   0   0   0  1.86 0.06
   23 S    1 -1  0 -1 -1 -1 -1 -1 -1  0 -2 -1 -1 -3 -1  5  1 -3 -2 -1    0   0   0   0   0   0   0   0   0  11   0   0   0   0   0  89   0   0   0   0  0.44 0.05
   24 L   -1 -3 -3 -3 -2 -2 -3 -4 -3  2  4 -3  2  1 -3 -1 -1 -2 -1  1    0   0   0   0   0   0   0   0   0  17  69   0   0   4   0  11   0   0   0   0  0.33 0.03
   25 L   -2 -3 -4 -4 -2 -3 -3 -4 -3  3  3 -3  1  3 -3 -3 -1 -2  0  2    0   0   0   0   0   0   0   0   0  28  42   0   0  16   0   0   0   0   0  13  0.34 0.02
   26 L    1 -2 -3 -3 -1 -2 -2 -3  2  2  3 -2  1  0 -3 -2 -1 -2 -1  1   16   0   0   0   0   0   0   0  11  26  44   0   0   0   0   0   0   0   0   3  0.21 0.02
   27 S    1 -1  0 -1 -1 -1 -1 -1 -2  0 -2 -1 -1 -2 -1  4  3 -3 -2 -1    0   0   0   0   0   0   0   0   0  11   0   0   0   0   0  65  24   0   0   0  0.36 0.04
   28 H   -2 -1  3 -1 -3  0  0 -2  8 -4 -3 -1 -2 -2 -2  1 -1 -3  1 -4    0   0  17   0   0   0   0   0  72   0   0   0   0   0   0  11   0   0   0   0  0.81 0.06
   29 L   -1 -3 -4 -4  3 -3 -3 -4 -3  3  3 -3  1  0 -3 -2 -1 -2 -1  2    4   0   0   0  11   0   0   0   0  40  34   0   0   3   0   0   0   0   0   8  0.31 0.02
   30 L   -2 -3 -4 -4 -2 -2 -3 -4 -3  1  4 -3  3  3 -3 -3 -2 -1  0  0    0   0   0   0   0   0   0   0   0   0  68   0  13  19   0   0   0   0   0   0  0.43 0.03
   31 A    4 -2 -1 -2 -1 -1 -1  1 -2 -1 -2 -1 -1 -3 -1  1  2 -3 -2  0   64   0   0   0   0   0   0  11   0   0   0   0   0   0   0   0  20   0   0   5  0.33 0.03
   32 I   -1 -3 -4 -4 -2 -3 -3 -4 -3  2  3 -3  2  2 -3 -3 -1 -2 -1  2    0   0   0   0   0   0   0   0   0  15  58   0   0   9   0   0   0   0   0  18  0.37 0.02
   33 G    0 -3 -1 -2 -3 -2 -3  6 -3 -4 -4 -2 -3 -4 -3 -1 -2 -3 -4 -4    0   0   0   0   0   0   0 100   0   0   0   0   0   0   0   0   0   0   0   0  1.19 0.05
   34 L   -1 -3 -4 -4 -1 -2 -3 -4 -3  2  4 -3  3  0 -3 -3 -1 -2 -1  2    0   0   0   0   0   0   0   0   0  12  64   0   8   0   0   0   0   0   0  16  0.40 0.03
   35 G    0 -3 -1 -2 -3 -2 -3  6 -3 -4 -4 -2 -3 -4 -3 -1 -2 -3 -4 -4    0   0   0   0   0   0   0 100   0   0   0   0   0   0   0   0   0   0   0   0  1.19 0.05
   36 I   -1 -3 -4 -4 -1 -3 -3 -4 -4  4  1 -3  1 -1 -3 -2 -1 -3 -2  4    0   0   0   0   0   0   0   0   0  59   0   0   0   0   0   0   0   0   0  41  0.44 0.03
   37 Y   -2 -2 -3 -4  0 -2 -3 -4  1 -2 -1 -3 -1  4 -4 -2 -2  2  8 -2    0   0   0   0   3   0   0   0   0   0   0   0   0  10   0   0   0   0  87   0  0.97 0.06
   38 I   -2 -4 -4 -4 -2 -3 -4 -4 -4  5  2 -3  1  0 -3 -3 -1 -3 -2  3    0   0   0   0   0   0   0   0   0  96   4   0   0   0   0   0   0   0   0   0  0.52 0.05
   39 G    0 -3 -1 -2 -3 -2 -3  6 -3 -4 -4 -2 -3 -4 -3 -1 -2 -3 -4 -4    0   0   0   0   0   0   0 100   0   0   0   0   0   0   0   0   0   0   0   0  1.18 0.05
   40 R   -1  4 -1 -2 -3  1  0 -2 -1 -2 -1  4 -1 -3 -2 -1 -1 -3 -2 -2    4  30   0   0   0   0   0   0   0   0  10  56   0   0   0   0   0   0   0   0  0.43 0.03
   41 R   -2  6 -1 -2 -4  1  0 -3 -1 -4 -3  3 -2 -3 -2 -1 -1 -3 -2 -3    0  90   0   0   0   0   0   0   0   0   0  10   0   0   0   0   0   0   0   0  0.85 0.05
   42 L   -2 -3 -4 -4 -2 -2 -3 -4 -3  2  4 -3  3  0 -3 -3 -1 -2 -1  1    0   0   0   0   0   0   0   0   0  10  79   0  11   0   0   0   0   0   0   0  0.47 0.03
   43 T    3 -2 -1 -2 -1 -1 -1 -1 -2 -1 -2 -1 -1 -3 -1  2  3 -3 -2  0   49   0   0   0   0   0   0   0   0   0   0   0   0   0   0  10  41   0   0   0  0.36 0.03
   44 T    2 -1 -1 -1 -1 -1 -1 -1 -2 -1 -1 -1 -1 -2 -1  2  4 -3 -2  0   27   0   0   0   0   0   0   0   0   0   3   0   0   0   0  15  55   0   0   0  0.35 0.03
   45 S    3 -1  1 -1 -1  0  0  0 -1 -2 -2  0 -2 -3 -1  4  1 -3 -2 -1   32   0   9   0   0   0   0   0   0   0   0   0   0   0   0  59   0   0   0   0  0.36 0.01

                      K         Lambda
Standard Ungapped    0.1443     0.3275
Standard Gapped      0.0410     0.2670
PSI Ungapped         0.1545     0.3166
PSI Gapped           0.0473     0.2670
