   38         A         R         N         D         C         Q         E         G         H         I         L         K         M         F         P         S         T         W         Y         V    
  1 S   1  0.275307 -0.563491  1.428041  0.144092 -0.995766  0.000000  0.000000  0.000000 -0.419399 -1.559256 -1.559256  0.000000 -0.851674 -1.559256 -0.851674  2.398054  0.563491 -2.266839 -1.415165 -1.559256
  2 P   2 -0.543111 -1.448493 -1.206979 -0.663868 -2.112361 -0.663868 -0.663868 -1.327736 -1.448493 -2.233118 -2.233118 -0.663868 -1.448493 -2.896986  4.526320 -0.180841 -0.543111 -3.017743 -2.233118 -1.569250
  3 P   3 -0.725038 -1.839298 -1.839298 -1.114260 -1.007449 -1.114260 -1.244001 -1.839298 -1.839298 -2.304855 -2.304855 -1.114260 -1.579817 -3.159634  4.686045 -0.854779 -0.854779 -3.159634 -2.434596 -1.579817
  4 V   4  0.488520 -1.056963 -0.939761 -0.947926 -1.104805 -0.620889 -0.539530 -1.289884 -1.605408 -0.357804 -0.601290 -0.178969 -0.349049 -1.550070 -1.221050  0.340094 -0.088599 -2.568653 -1.493056  0.083570
  5 S   5  0.680165 -0.708114 -0.136354 -0.774315 -1.165235 -0.458864 -0.458864 -0.192854 -1.146067 -1.604036 -1.483279  0.024164 -0.922361 -1.318660 -1.143111  1.555713  0.348704 -2.126236 -1.416081 -1.264717
  6 R   6 -0.516672  1.817922  0.070154 -1.154633 -2.424029  0.191227 -0.178781  0.013145 -0.682570 -2.691982 -2.105156  1.428506 -1.250378 -2.494183 -1.422586 -0.089392 -0.912270 -2.366537 -1.907357 -2.277365
  7 G   7  0.342088 -1.730833 -0.120167 -0.964021 -2.463726 -1.696915 -1.696915  4.859616 -1.807875 -3.384623 -3.384623 -1.696915 -2.540769 -2.651730 -1.730833  0.212715 -1.585954 -1.952754 -2.651730 -2.497645
  8 L   8 -1.000000 -1.920897 -2.920897 -3.920897 -1.000000 -1.841794 -2.920897 -3.920897 -2.920897  1.920897  3.841794 -1.920897  2.237310  0.000000 -2.920897 -1.920897 -1.000000 -1.920897 -1.000000  1.000000
  9 T   9  0.156855 -0.949363  0.523905  0.387746 -1.547428 -0.086873  0.460555 -1.031293 -1.216614 -1.862490 -1.941593 -0.295717 -1.287947 -2.208844 -1.000000  2.125562  1.967729 -2.732749 -2.079103 -1.386395
 10 G  10 -0.129741 -1.596427  0.000000 -0.610778 -2.841557 -1.336946 -0.947724  3.809342 -1.740519 -3.437984 -3.437984 -1.466686 -2.582076 -2.855908 -1.726168  0.144092 -0.861618 -2.129741 -2.726168 -2.437984
 11 G  11  0.129741 -1.870259  0.129741 -0.870259 -2.740519 -1.740519 -1.740519  5.221556 -1.870259 -3.740519 -3.740519 -1.740519 -2.740519 -2.870259 -1.870259  0.518963 -1.610778 -2.129741 -2.870259 -2.870259
 12 E  12  0.155619 -0.323251 -0.630917  0.204150 -2.545110  1.415461  2.226091 -1.677253 -0.789123 -1.979749 -1.946959  0.210877 -1.116125 -2.566917 -1.077043  0.124913 -0.248444 -2.734022 -1.736083 -0.979749
 13 I  13 -0.647064 -2.711817 -2.567725 -2.711817 -1.000000 -2.502973 -2.502973 -3.502973 -2.855908  3.070698  1.358881 -2.502973  0.711817 -0.497027 -2.502973 -1.567725  0.073394 -2.855908 -1.144092  2.776569
 14 V  14  0.487634 -2.429078 -2.455058 -2.604247 -0.863728 -1.733095 -1.771992 -2.499448 -2.714539  1.935057  0.525428 -1.752543  0.545769 -1.208559 -1.771992 -1.182514  0.591250 -2.831362 -1.266013  2.839600
 15 A  15  1.329016 -1.609964 -0.548944 -1.235951 -1.906935 -1.532922 -1.532922  3.659785 -1.922957 -2.906935 -2.906935 -1.532922 -2.219928 -2.609964 -1.609964  0.621163 -1.142886 -2.390036 -2.609964 -1.983978
 16 V  16 -0.732103 -2.855908 -3.000000 -3.144092 -1.000000 -2.588011 -2.732103 -3.732103 -3.000000  3.443920  2.020286 -2.588011  1.144092 -0.267897 -2.732103 -2.000000 -0.732103 -2.855908 -1.000000  2.979714
 17 I  17  0.278505 -2.711817 -2.855908 -2.855908 -0.855908 -2.153769 -2.153769 -2.865586 -2.855908  2.721495  1.009678 -2.153769  0.711817 -0.846231 -2.153769 -1.567725 -0.297861 -3.000000 -1.144092  3.125772
 18 F  18 -1.460155 -3.000000 -3.000000 -3.000000 -1.589896 -2.870259 -2.870259 -3.280364 -1.820208  1.510676  0.690468 -2.870259  0.410104  3.409634 -3.460155 -2.000000 -1.460155 -0.640417  1.359583  0.770157
 19 G  19  0.483027 -1.721215 -0.241514 -1.041743 -2.400687 -1.721215 -1.721215  4.801373 -1.841971 -3.321672 -3.321672 -1.721215 -2.521443 -2.642200 -1.721215  0.120757 -1.600458 -1.962728 -2.642200 -2.400687
 20 L  20  0.277164 -1.708770 -1.944037 -2.458380 -0.000213 -1.230607 -1.831872 -2.198899 -2.216581  0.724060  0.940511 -1.374699  1.041100 -0.888031 -1.889041 -0.411923 -0.320902 -2.161692 -1.266101  0.817621
 21 L  21 -0.710776 -1.979455 -2.690231 -3.401007 -0.920986 -1.696519 -2.480021 -3.401007 -2.690231  1.979455  2.907862 -1.769245  1.849940 -0.210210 -2.480021 -1.769245 -0.710776 -1.979455 -0.920986  1.551614
 22 L  22 -0.771729 -1.991229 -2.762957 -3.534686 -0.920986 -1.841971 -2.613700 -3.534686 -2.762957  1.991229  3.236171 -1.841971  1.692714 -0.149257 -2.613700 -1.841971 -0.771729 -1.991229 -0.920986  1.368757
 23 G  23  0.057716 -1.925391 -0.613890 -1.306003 -2.309530 -1.925391 -1.925391  3.605142 -1.844032 -2.524769 -2.682975 -1.925391 -2.069964 -1.759538 -2.002434 -0.239565 -1.617416 -1.762673 -2.069769 -1.916074
 24 A  24  1.294444 -1.835700 -2.335692 -2.408418 -0.493720 -1.756597 -1.829323 -1.895778 -2.335692  1.323061  0.626524 -1.756597  0.139181 -0.933634 -1.829323 -0.560175 -0.414617 -2.690231 -1.348251  1.414812
 25 A  25  1.653325 -1.369283 -1.549162 -1.900037 -0.885198 -1.104434 -1.392617  0.446154 -1.962728 -0.770125 -0.867547 -1.248526 -0.228489 -1.639815 -1.392617  0.063749 -0.557658 -2.267991 -1.783906  0.006769
 26 L  26 -0.920986 -1.962728 -2.762957 -3.563186 -0.920986 -1.962728 -2.762957 -3.683943 -2.762957  2.083485  3.442429 -1.962728  1.721215  0.000000 -2.762957 -1.841971 -0.920986 -1.962728 -0.920986  1.162499
 27 L  27 -0.555760 -2.183780 -2.186591 -2.621676 -0.920986 -1.962646 -2.253640 -3.030534 -2.474774  2.160363  1.770549 -1.962646  0.923796 -0.365226 -2.397731 -0.977422 -0.555760 -2.471964 -1.065077  1.537554
 28 L  28 -0.645213 -2.120240 -2.633216 -3.146193  0.453813 -1.792700 -2.579509 -3.146193 -2.500981  1.345519  1.846133 -1.922440  1.468883 -0.089275 -2.501535 -1.568139 -0.789304 -1.711676 -0.800606  1.093965
 29 G  29  0.678821 -1.642077 -0.762060 -1.483151 -1.921760 -1.642077 -1.762834  3.118979 -1.962728 -2.359718 -2.118205 -1.642077 -1.759384 -2.200792 -1.762834 -0.041619 -1.321425 -2.041866 -2.321549 -1.680246
 30 I  30 -0.850855 -2.622649 -2.692803 -2.692803 -1.275562 -2.478558 -2.478558 -2.834505 -1.843342  1.490160  0.637957 -2.478558  0.355947  2.263983 -2.903288 -1.631510 -1.131471 -1.064035  0.707782  0.997665
 31 L  31 -0.932542 -1.961517 -2.489125 -3.146474 -1.123452 -1.496774 -2.298214 -3.146474 -1.824710  1.354116  1.883420 -1.770606  1.548661  0.634668 -2.500681 -1.697880 -0.932542 -1.151650  0.407844  1.088784
 32 V  32 -0.865009 -2.488115 -2.565158 -2.762957 -1.171483 -1.983842 -2.258684 -3.049929 -1.822649  2.023594  0.913746 -2.181641  0.857902  0.834240 -2.509181 -1.764929 -0.865009 -1.486125  0.564031  1.913356
 33 F  33 -1.986063 -2.696839 -2.840931 -2.907049 -1.841971 -2.486630 -2.696839 -2.618865 -0.866723 -0.498393 -0.354301 -2.696839 -0.210210  4.607102 -3.617825 -1.986063 -1.841971  2.428020  2.883337 -1.209169
 34 R  34 -0.723186  3.615932  0.000000 -1.446373 -2.169559  0.723186  0.000000 -1.446373  0.000000 -2.169559 -1.446373  1.446373 -0.723186 -2.169559 -1.446373 -0.723186 -0.723186 -2.169559 -1.446373 -2.169559
 35 S  35 -0.256589  0.426395  0.161253 -0.390742 -1.926157  0.208762  0.379954  0.028866 -0.722057 -2.152398 -1.813659  1.286259 -1.090473 -2.008306 -0.933396  0.578893 -0.544772 -2.025467 -1.590464 -1.656582
 36 R  36 -0.723186  3.226710  0.000000 -1.316632 -2.169559  0.723186  0.129741 -1.446373 -0.129741 -2.169559 -1.446373  1.835595 -0.723186 -2.169559 -1.316632 -0.593446 -0.723186 -2.169559 -1.446373 -2.039818
 37 R  37 -0.476338  2.381690  0.000000 -0.952676 -1.429014  0.476338  0.000000 -0.952676  0.000000 -1.429014 -0.952676  0.952676 -0.476338 -1.429014 -0.952676 -0.476338 -0.476338 -1.429014 -0.952676 -1.429014
 38 A  38  0.556416 -0.296761  0.037107 -0.173103 -0.210210 -0.086551 -0.086551  0.000000 -0.383313 -0.506971 -0.506971 -0.086551 -0.296761 -0.593522 -0.296761  0.927390  0.210210 -0.890283 -0.593522 -0.420419
