   85         A         R         N         D         C         Q         E         G         H         I         L         K         M         F         P         S         T         W         Y         V         X    
  1 S   1 0.1963912 0.0000000 0.0000000 0.0000000 0.0000000 0.0000000 0.0000000 0.0000000 0.0000000 0.0000000 0.0000000 0.0000000 0.0000000 0.0000000 0.0000000 0.3910131 0.0000000 0.0000000 0.0000000 0.0000000 0.4125957
  2 S   2 0.1493161 0.0000000 0.0000000 0.0000000 0.0000000 0.0000000 0.0000000 0.0000000 0.0000000 0.0000000 0.0000000 0.0000000 0.0000000 0.0000000 0.0000000 0.5874043 0.1389893 0.0000000 0.0000000 0.0000000 0.1242904
  3 L   3 0.0000000 0.1389893 0.0000000 0.0000000 0.0000000 0.0000000 0.0000000 0.0000000 0.0787885 0.0000000 0.0811671 0.2310574 0.0000000 0.0000000 0.0000000 0.1493161 0.1963912 0.0000000 0.0000000 0.0000000 0.1242904
  4 D   4 0.0000000 0.0000000 0.0000000 0.2611695 0.0000000 0.0000000 0.0000000 0.0000000 0.0000000 0.0000000 0.0000000 0.5193627 0.0000000 0.0000000 0.0000000 0.0000000 0.0000000 0.0000000 0.0951774 0.0000000 0.1242904
  5 K   5 0.0000000 0.0000000 0.0787885 0.2310574 0.0000000 0.0000000 0.0000000 0.0000000 0.0000000 0.0000000 0.0000000 0.2775584 0.0000000 0.0000000 0.0000000 0.2883053 0.0000000 0.0000000 0.0000000 0.0000000 0.1242904
  6 Y   6 0.0000000 0.0000000 0.0000000 0.0000000 0.0000000 0.1963912 0.2883053 0.0000000 0.0000000 0.0000000 0.0000000 0.0000000 0.0000000 0.0000000 0.0000000 0.0000000 0.0000000 0.0000000 0.3910131 0.0000000 0.1242904
  7 L   7 0.0000000 0.0000000 0.0000000 0.0000000 0.0000000 0.0000000 0.0000000 0.0000000 0.0000000 0.4274486 0.1599556 0.0000000 0.0000000 0.0000000 0.0000000 0.0000000 0.2883053 0.0000000 0.0000000 0.0000000 0.1242904
  8 T   8 0.0000000 0.0000000 0.0000000 0.0000000 0.0000000 0.0000000 0.0000000 0.0000000 0.0000000 0.2310574 0.0000000 0.0000000 0.0000000 0.0000000 0.0000000 0.0000000 0.7689426 0.0000000 0.0000000 0.0000000 0.0000000
  9 E   9 0.3353805 0.0000000 0.0000000 0.0000000 0.0000000 0.3098459 0.0811671 0.0000000 0.0000000 0.0000000 0.0000000 0.0000000 0.0000000 0.0000000 0.0000000 0.2736064 0.0000000 0.0000000 0.0000000 0.0000000 0.0000000
 10 S  10 0.0000000 0.0000000 0.3206816 0.0000000 0.0000000 0.0000000 0.0000000 0.0000000 0.2883053 0.0000000 0.0000000 0.0000000 0.0000000 0.0000000 0.0000000 0.3910131 0.0000000 0.0000000 0.0000000 0.0000000 0.0000000
 11 Q  11 0.0000000 0.0000000 0.0000000 0.0000000 0.0000000 0.0811671 0.5517390 0.0000000 0.0000000 0.0000000 0.0000000 0.0787885 0.0000000 0.0000000 0.0000000 0.0000000 0.2883053 0.0000000 0.0000000 0.0000000 0.0000000
 12 F  12 0.0000000 0.0000000 0.0000000 0.0000000 0.0000000 0.0000000 0.0000000 0.0000000 0.0000000 0.0000000 0.0000000 0.0000000 0.0000000 0.2318114 0.0000000 0.0000000 0.0000000 0.0000000 0.7681886 0.0000000 0.0000000
 13 H  13 0.0000000 0.0000000 0.0000000 0.0000000 0.0000000 0.4125957 0.0000000 0.0000000 0.3910131 0.0000000 0.0000000 0.0000000 0.0000000 0.0000000 0.0000000 0.0000000 0.0000000 0.0000000 0.1963912 0.0000000 0.0000000
 14 D  14 0.0000000 0.0000000 0.1242904 0.5874043 0.0000000 0.0000000 0.0000000 0.0000000 0.2883053 0.0000000 0.0000000 0.0000000 0.0000000 0.0000000 0.0000000 0.0000000 0.0000000 0.0000000 0.0000000 0.0000000 0.0000000
 15 K  15 0.0000000 0.0000000 0.0000000 0.0000000 0.0000000 0.4846965 0.1242904 0.0000000 0.0000000 0.0000000 0.0000000 0.3910131 0.0000000 0.0000000 0.0000000 0.0000000 0.0000000 0.0000000 0.0000000 0.0000000 0.0000000
 16 R  16 0.2883053 0.2318114 0.0000000 0.0000000 0.0000000 0.0804132 0.0000000 0.0000000 0.0000000 0.0000000 0.0000000 0.3994701 0.0000000 0.0000000 0.0000000 0.0000000 0.0000000 0.0000000 0.0000000 0.0000000 0.0000000
 17 I  17 0.0000000 0.0000000 0.0000000 0.0000000 0.0000000 0.0000000 0.0000000 0.0000000 0.0000000 0.3910131 0.6089869 0.0000000 0.0000000 0.0000000 0.0000000 0.0000000 0.0000000 0.0000000 0.0000000 0.0000000 0.0000000
 18 A  18 0.7116947 0.0000000 0.0000000 0.0000000 0.0000000 0.0000000 0.0000000 0.0000000 0.0000000 0.0000000 0.0000000 0.0000000 0.0000000 0.0000000 0.0000000 0.0000000 0.0000000 0.0000000 0.0000000 0.2883053 0.0000000
 19 E  19 0.0000000 0.0000000 0.1242904 0.3687185 0.0000000 0.0000000 0.3105999 0.0000000 0.0000000 0.0000000 0.0000000 0.1963912 0.0000000 0.0000000 0.0000000 0.0000000 0.0000000 0.0000000 0.0000000 0.0000000 0.0000000
 20 E  20 0.0000000 0.0000000 0.0000000 0.0000000 0.0000000 0.2883053 0.7116947 0.0000000 0.0000000 0.0000000 0.0000000 0.0000000 0.0000000 0.0000000 0.0000000 0.0000000 0.0000000 0.0000000 0.0000000 0.0000000 0.0000000
 21 L  21 0.0000000 0.0000000 0.0000000 0.0000000 0.0000000 0.0000000 0.0000000 0.0000000 0.0000000 0.0000000 1.0000000 0.0000000 0.0000000 0.0000000 0.0000000 0.0000000 0.0000000 0.0000000 0.0000000 0.0000000 0.0000000
 22 R  22 0.0000000 0.2343557 0.0000000 0.0000000 0.0000000 0.0000000 0.0000000 0.0000000 0.2883053 0.0000000 0.0000000 0.4773389 0.0000000 0.0000000 0.0000000 0.0000000 0.0000000 0.0000000 0.0000000 0.0000000 0.0000000
 23 T  23 0.0000000 0.0000000 0.0000000 0.1012138 0.0000000 0.0000000 0.1493161 0.0951774 0.0000000 0.0000000 0.0000000 0.0000000 0.1389893 0.0000000 0.0000000 0.3613609 0.1539426 0.0000000 0.0000000 0.0000000 0.0000000
 24 L  24 0.0000000 0.0000000 0.0000000 0.0000000 0.0000000 0.0000000 0.0000000 0.0000000 0.0000000 0.0000000 1.0000000 0.0000000 0.0000000 0.0000000 0.0000000 0.0000000 0.0000000 0.0000000 0.0000000 0.0000000 0.0000000
 25 L  25 0.0000000 0.0000000 0.0000000 0.0000000 0.0000000 0.0000000 0.0000000 0.0000000 0.0000000 0.2883053 0.7116947 0.0000000 0.0000000 0.0000000 0.0000000 0.0000000 0.0000000 0.0000000 0.0000000 0.0000000 0.0000000
 26 N  26 0.1493161 0.0787885 0.3355696 0.2973366 0.0000000 0.0000000 0.0000000 0.0000000 0.0000000 0.0000000 0.0000000 0.0000000 0.0000000 0.0000000 0.0000000 0.0000000 0.1389893 0.0000000 0.0000000 0.0000000 0.0000000
 27 K  27 0.0000000 0.0000000 0.2883053 0.0000000 0.0000000 0.1566573 0.3206816 0.0000000 0.0000000 0.0000000 0.0000000 0.2343557 0.0000000 0.0000000 0.0000000 0.0000000 0.0000000 0.0000000 0.0000000 0.0000000 0.0000000
 28 S  28 0.0000000 0.0000000 0.0000000 0.0000000 0.0000000 0.0000000 0.0000000 0.0000000 0.0000000 0.0000000 0.3206816 0.0000000 0.0000000 0.0000000 0.0000000 0.3910131 0.2883053 0.0000000 0.0000000 0.0000000 0.0000000
 29 N  29 0.0000000 0.0000000 0.6338259 0.2883053 0.0000000 0.0000000 0.0000000 0.0000000 0.0000000 0.0000000 0.0000000 0.0000000 0.0000000 0.0000000 0.0000000 0.0000000 0.0000000 0.0000000 0.0778688 0.0000000 0.0000000
 30 V  30 0.0000000 0.0000000 0.0000000 0.0000000 0.0000000 0.0000000 0.0000000 0.0000000 0.0000000 0.1389893 0.1493161 0.0000000 0.0000000 0.0000000 0.0000000 0.0000000 0.0000000 0.0000000 0.0000000 0.7116947 0.0000000
 31 Y  31 0.0000000 0.0000000 0.6868557 0.0000000 0.0000000 0.0000000 0.0000000 0.0000000 0.0000000 0.0000000 0.0000000 0.0000000 0.0000000 0.0000000 0.0000000 0.0000000 0.0000000 0.0000000 0.3131443 0.0000000 0.0000000
 32 A  32 0.1539426 0.0000000 0.0000000 0.2370705 0.0000000 0.0000000 0.1242904 0.0000000 0.0000000 0.0000000 0.0000000 0.2883053 0.0000000 0.0000000 0.0000000 0.0000000 0.0000000 0.0000000 0.0000000 0.1963912 0.0000000
 33 L  33 0.0000000 0.0000000 0.0000000 0.0000000 0.0000000 0.0000000 0.0000000 0.0000000 0.0000000 0.0000000 1.0000000 0.0000000 0.0000000 0.0000000 0.0000000 0.0000000 0.0000000 0.0000000 0.0000000 0.0000000 0.0000000
 34 A  34 0.8506839 0.0000000 0.0000000 0.0000000 0.0000000 0.0000000 0.0000000 0.0000000 0.0000000 0.0000000 0.0000000 0.0000000 0.0000000 0.0000000 0.0000000 0.1493161 0.0000000 0.0000000 0.0000000 0.0000000 0.0000000
 35 A  35 0.3910131 0.0000000 0.0000000 0.0000000 0.0000000 0.0000000 0.0000000 0.0000000 0.1389893 0.0000000 0.0000000 0.0000000 0.0000000 0.0000000 0.0000000 0.0000000 0.3206816 0.0000000 0.1493161 0.0000000 0.0000000
 36 G  36 0.0000000 0.0000000 0.0000000 0.0000000 0.0000000 0.0000000 0.0000000 0.6104809 0.0000000 0.0000000 0.2883053 0.0000000 0.0000000 0.0000000 0.0000000 0.1012138 0.0000000 0.0000000 0.0000000 0.0000000 0.0000000
 37 S  37 0.0000000 0.0000000 0.1493161 0.0000000 0.0000000 0.0000000 0.0000000 0.0000000 0.1389893 0.0000000 0.0000000 0.0000000 0.0000000 0.0000000 0.0000000 0.7116947 0.0000000 0.0000000 0.0000000 0.0000000 0.0000000
 38 L  38 0.0000000 0.0000000 0.0000000 0.0000000 0.0000000 0.0000000 0.0000000 0.0000000 0.0000000 0.0000000 1.0000000 0.0000000 0.0000000 0.0000000 0.0000000 0.0000000 0.0000000 0.0000000 0.0000000 0.0000000 0.0000000
 39 N  39 0.0000000 0.0000000 0.5153035 0.4846965 0.0000000 0.0000000 0.0000000 0.0000000 0.0000000 0.0000000 0.0000000 0.0000000 0.0000000 0.0000000 0.0000000 0.0000000 0.0000000 0.0000000 0.0000000 0.0000000 0.0000000
 40 P  40 0.2883053 0.1592017 0.0000000 0.0000000 0.0000000 0.0000000 0.0000000 0.0000000 0.0000000 0.0000000 0.0000000 0.0000000 0.0000000 0.0000000 0.4282026 0.0000000 0.1242904 0.0000000 0.0000000 0.0000000 0.0000000
 41 Y  41 0.0000000 0.0000000 0.0000000 0.0000000 0.0000000 0.0000000 0.0000000 0.0000000 0.0000000 0.0000000 0.0000000 0.0000000 0.0000000 0.1493161 0.0000000 0.0000000 0.0000000 0.0000000 0.8506839 0.0000000 0.0000000
 42 Y  42 0.0000000 0.0000000 0.0000000 0.0000000 0.0000000 0.2883053 0.0000000 0.0000000 0.0000000 0.0000000 0.0000000 0.0000000 0.0000000 0.0000000 0.0000000 0.0000000 0.0000000 0.0000000 0.7116947 0.0000000 0.0000000
 43 K  43 0.0000000 0.0000000 0.0000000 0.0000000 0.0000000 0.0000000 0.0000000 0.0000000 0.0000000 0.0000000 0.0000000 1.0000000 0.0000000 0.0000000 0.0000000 0.0000000 0.0000000 0.0000000 0.0000000 0.0000000 0.0000000
 44 R  44 0.0000000 0.9195868 0.0000000 0.0000000 0.0000000 0.0804132 0.0000000 0.0000000 0.0000000 0.0000000 0.0000000 0.0000000 0.0000000 0.0000000 0.0000000 0.0000000 0.0000000 0.0000000 0.0000000 0.0000000 0.0000000
 45 T  45 0.0000000 0.0000000 0.1963912 0.2883053 0.0000000 0.0000000 0.0000000 0.0000000 0.0000000 0.0000000 0.0000000 0.0000000 0.0778688 0.0000000 0.0000000 0.0000000 0.4374346 0.0000000 0.0000000 0.0000000 0.0000000
 46 I  46 0.0000000 0.0000000 0.0000000 0.0000000 0.0000000 0.0000000 0.0000000 0.0000000 0.0000000 0.8036088 0.0000000 0.0000000 0.0000000 0.0000000 0.0000000 0.0000000 0.0000000 0.0000000 0.0000000 0.1963912 0.0000000
 47 M  47 0.0000000 0.0000000 0.0000000 0.0000000 0.0000000 0.1012138 0.0000000 0.0000000 0.0000000 0.0000000 0.2444935 0.1242904 0.5300023 0.0000000 0.0000000 0.0000000 0.0000000 0.0000000 0.0000000 0.0000000 0.0000000
 48 M  48 0.2883053 0.0000000 0.0000000 0.0000000 0.0000000 0.0000000 0.0000000 0.0000000 0.0000000 0.1242904 0.0000000 0.0000000 0.5874043 0.0000000 0.0000000 0.0000000 0.0000000 0.0000000 0.0000000 0.0000000 0.0000000
 49 N  49 0.2883053 0.0000000 0.3910131 0.0000000 0.0000000 0.0000000 0.0000000 0.0000000 0.0000000 0.0000000 0.0000000 0.0000000 0.0000000 0.0000000 0.0000000 0.1242904 0.0000000 0.0000000 0.1963912 0.0000000 0.0000000
 50 E  50 0.0000000 0.0000000 0.0000000 0.0000000 0.0000000 0.0778688 0.3131443 0.3206816 0.2883053 0.0000000 0.0000000 0.0000000 0.0000000 0.0000000 0.0000000 0.0000000 0.0000000 0.0000000 0.0000000 0.0000000 0.0000000
 51 Y  51 0.0000000 0.0000000 0.0000000 0.0000000 0.0000000 0.1242904 0.0000000 0.0000000 0.0804132 0.0000000 0.0000000 0.0000000 0.0000000 0.1963912 0.0000000 0.0000000 0.0000000 0.0000000 0.5989052 0.0000000 0.0000000
 52 R  52 0.0000000 0.3910131 0.0000000 0.0000000 0.0000000 0.0000000 0.0000000 0.0000000 0.0000000 0.2883053 0.0000000 0.3206816 0.0000000 0.0000000 0.0000000 0.0000000 0.0000000 0.0000000 0.0000000 0.0000000 0.0000000
 53 A  53 1.0000000 0.0000000 0.0000000 0.0000000 0.0000000 0.0000000 0.0000000 0.0000000 0.0000000 0.0000000 0.0000000 0.0000000 0.0000000 0.0000000 0.0000000 0.0000000 0.0000000 0.0000000 0.0000000 0.0000000 0.0000000
 54 K  54 0.0000000 0.0000000 0.0000000 0.0000000 0.0000000 0.0000000 0.0000000 0.0000000 0.0000000 0.0000000 0.0000000 0.8757096 0.1242904 0.0000000 0.0000000 0.0000000 0.0000000 0.0000000 0.0000000 0.0000000 0.0000000
 55 A  55 0.3910131 0.0000000 0.0000000 0.0000000 0.0000000 0.0000000 0.0000000 0.0000000 0.0000000 0.0000000 0.0000000 0.0000000 0.1963912 0.0000000 0.0000000 0.2883053 0.0000000 0.0000000 0.1242904 0.0000000 0.0000000
 56 A  56 0.8987862 0.0000000 0.0000000 0.0000000 0.0000000 0.0000000 0.0000000 0.0000000 0.0000000 0.0000000 0.0000000 0.0000000 0.0000000 0.0000000 0.0000000 0.0000000 0.0000000 0.0000000 0.0000000 0.1012138 0.0000000
 57 L  57 0.0000000 0.0000000 0.0000000 0.0000000 0.0000000 0.0000000 0.0000000 0.0000000 0.0000000 0.2883053 0.6104809 0.0000000 0.0000000 0.0000000 0.0000000 0.0000000 0.0000000 0.0000000 0.0000000 0.1012138 0.0000000
 58 K  58 0.0000000 0.4414939 0.0000000 0.0000000 0.0000000 0.0000000 0.0000000 0.0000000 0.0000000 0.0000000 0.0000000 0.5585061 0.0000000 0.0000000 0.0000000 0.0000000 0.0000000 0.0000000 0.0000000 0.0000000 0.0000000
 59 K  59 0.0000000 0.0000000 0.0000000 0.0000000 0.0000000 0.0000000 0.0000000 0.0000000 0.0000000 0.0000000 0.0000000 0.1599556 0.0000000 0.0000000 0.0000000 0.5517390 0.2883053 0.0000000 0.0000000 0.0000000 0.0000000
 60 N  60 0.0000000 0.0000000 0.3910131 0.0000000 0.0000000 0.0000000 0.0000000 0.0000000 0.0000000 0.0000000 0.0000000 0.6089869 0.0000000 0.0000000 0.0000000 0.0000000 0.0000000 0.0000000 0.0000000 0.0000000 0.0000000
 61 D  61 0.0000000 0.0000000 0.7157540 0.2842460 0.0000000 0.0000000 0.0000000 0.0000000 0.0000000 0.0000000 0.0000000 0.0000000 0.0000000 0.0000000 0.0000000 0.0000000 0.0000000 0.0000000 0.0000000 0.0000000 0.0000000
 62 F  62 0.0000000 0.0000000 0.0000000 0.0000000 0.0000000 0.0000000 0.0000000 0.0000000 0.0000000 0.0000000 0.2883053 0.0000000 0.0000000 0.5153035 0.0000000 0.0000000 0.0000000 0.0000000 0.1963912 0.0000000 0.0000000
 63 V  63 0.1506443 0.0000000 0.0000000 0.3687185 0.0000000 0.0000000 0.0000000 0.0000000 0.0000000 0.0000000 0.0000000 0.2030789 0.0000000 0.0000000 0.0000000 0.1963912 0.0000000 0.0000000 0.0000000 0.0811671 0.0000000
 64 S  64 0.0000000 0.0000000 0.0000000 0.0000000 0.0000000 0.2883053 0.0000000 0.0000000 0.0000000 0.0000000 0.0000000 0.5517390 0.0000000 0.0000000 0.0000000 0.1599556 0.0000000 0.0000000 0.0000000 0.0000000 0.0000000
 65 M  65 0.0000000 0.0000000 0.0000000 0.0000000 0.0000000 0.0000000 0.0000000 0.0000000 0.0000000 0.0000000 0.0000000 0.0000000 1.0000000 0.0000000 0.0000000 0.0000000 0.0000000 0.0000000 0.0000000 0.0000000 0.0000000
 66 A  66 0.3910131 0.0000000 0.0000000 0.0000000 0.0000000 0.0000000 0.0000000 0.0000000 0.0000000 0.0000000 0.0000000 0.0000000 0.0000000 0.0000000 0.0000000 0.3206816 0.2883053 0.0000000 0.0000000 0.0000000 0.0000000
 67 D  67 0.0000000 0.0000000 0.0000000 0.1539426 0.0000000 0.0000000 0.3613609 0.0000000 0.0000000 0.1963912 0.0000000 0.2883053 0.0000000 0.0000000 0.0000000 0.0000000 0.0000000 0.0000000 0.0000000 0.0000000 0.0000000
 68 A  68 1.0000000 0.0000000 0.0000000 0.0000000 0.0000000 0.0000000 0.0000000 0.0000000 0.0000000 0.0000000 0.0000000 0.0000000 0.0000000 0.0000000 0.0000000 0.0000000 0.0000000 0.0000000 0.0000000 0.0000000 0.0000000
 69 K  69 0.0000000 0.0000000 0.0000000 0.0000000 0.0000000 0.0000000 0.0000000 0.0000000 0.0000000 0.0000000 0.0000000 1.0000000 0.0000000 0.0000000 0.0000000 0.0000000 0.0000000 0.0000000 0.0000000 0.0000000 0.0000000
 70 V  70 0.0000000 0.0000000 0.0000000 0.0000000 0.0000000 0.1493161 0.1963912 0.0000000 0.0000000 0.0000000 0.0000000 0.0000000 0.0000000 0.0000000 0.0000000 0.0000000 0.0000000 0.0000000 0.2632796 0.3910131 0.0000000
 71 A  71 0.3131443 0.2883053 0.0000000 0.0000000 0.0000000 0.1242904 0.1963912 0.0778688 0.0000000 0.0000000 0.0000000 0.0000000 0.0000000 0.0000000 0.0000000 0.0000000 0.0000000 0.0000000 0.0000000 0.0000000 0.0000000
 72 L  72 0.0000000 0.0000000 0.0000000 0.0000000 0.0000000 0.0000000 0.0000000 0.0000000 0.0000000 0.0000000 1.0000000 0.0000000 0.0000000 0.0000000 0.0000000 0.0000000 0.0000000 0.0000000 0.0000000 0.0000000 0.0000000
 73 E  73 0.0000000 0.0000000 0.0000000 0.0000000 0.0000000 0.1242904 0.8757096 0.0000000 0.0000000 0.0000000 0.0000000 0.0000000 0.0000000 0.0000000 0.0000000 0.0000000 0.0000000 0.0000000 0.0000000 0.0000000 0.0000000
 74 K  74 0.0000000 0.0000000 0.4920378 0.0000000 0.0000000 0.0000000 0.0000000 0.0000000 0.0000000 0.0000000 0.0000000 0.3586461 0.0000000 0.0000000 0.0000000 0.1493161 0.0000000 0.0000000 0.0000000 0.0000000 0.0000000
 75 I  75 0.0000000 0.0000000 0.0000000 0.0000000 0.0000000 0.0000000 0.0000000 0.0000000 0.0000000 0.9048226 0.0000000 0.0000000 0.0000000 0.0951774 0.0000000 0.0000000 0.0000000 0.0000000 0.0000000 0.0000000 0.0000000
 76 Y  76 0.0000000 0.0000000 0.0000000 0.0000000 0.0000000 0.0000000 0.0000000 0.0000000 0.0000000 0.0000000 0.0000000 0.0000000 0.0000000 0.0000000 0.0000000 0.0000000 0.0000000 0.0000000 1.0000000 0.0000000 0.0000000
 77 K  77 0.0000000 0.1963912 0.2736064 0.0000000 0.0000000 0.0000000 0.0000000 0.0000000 0.0000000 0.0000000 0.0000000 0.3910131 0.0000000 0.0000000 0.0000000 0.1389893 0.0000000 0.0000000 0.0000000 0.0000000 0.0000000
 78 E  78 0.0000000 0.0000000 0.0000000 0.0000000 0.0000000 0.0000000 0.7116947 0.0000000 0.0000000 0.0000000 0.0000000 0.0000000 0.0000000 0.0000000 0.0000000 0.2883053 0.0000000 0.0000000 0.0000000 0.0000000 0.0000000
 79 I  79 0.0000000 0.0000000 0.0000000 0.0000000 0.0000000 0.0000000 0.0000000 0.0000000 0.0000000 0.8610107 0.1389893 0.0000000 0.0000000 0.0000000 0.0000000 0.0000000 0.0000000 0.0000000 0.0000000 0.0000000 0.0000000
 80 D  80 0.0000000 0.0000000 0.0727754 0.5585061 0.0000000 0.0000000 0.0000000 0.0000000 0.0000000 0.0000000 0.0000000 0.0000000 0.0000000 0.0000000 0.0000000 0.1493161 0.1389893 0.0000000 0.0804132 0.0000000 0.0000000
 81 E  81 0.0000000 0.0000000 0.1493161 0.0000000 0.0000000 0.0000000 0.7116947 0.0000000 0.0000000 0.0000000 0.0000000 0.0000000 0.0000000 0.0000000 0.0000000 0.1389893 0.0000000 0.0000000 0.0000000 0.0000000 0.0000000
 82 I  82 0.3206816 0.0000000 0.1389893 0.0000000 0.0000000 0.0000000 0.0000000 0.0000000 0.0000000 0.3910131 0.0000000 0.0000000 0.0000000 0.0000000 0.1493161 0.0000000 0.0000000 0.0000000 0.0000000 0.0000000 0.0000000
 83 I  83 0.0000000 0.0000000 0.0000000 0.0000000 0.0000000 0.0000000 0.0000000 0.0000000 0.0000000 0.5300023 0.4699977 0.0000000 0.0000000 0.0000000 0.0000000 0.0000000 0.0000000 0.0000000 0.0000000 0.0000000 0.0000000
 84 N  84 0.0000000 0.0000000 0.3910131 0.0000000 0.0000000 0.0000000 0.0000000 0.0000000 0.2883053 0.0000000 0.0000000 0.0000000 0.0000000 0.0000000 0.0000000 0.0000000 0.0000000 0.0000000 0.0000000 0.0000000 0.3206816
 85 R  85 0.0000000 0.3910131 0.0000000 0.0000000 0.0000000 0.0000000 0.0000000 0.0000000 0.0000000 0.0000000 0.0000000 0.0000000 0.0000000 0.0000000 0.0000000 0.0000000 0.0000000 0.0000000 0.0000000 0.0000000 0.6089869
