   85         A         R         N         D         C         Q         E         G         H         I         L         K         M         F         P         S         T         W         Y         V    
  1 S   1  1.182731 -0.612215  0.041700 -0.380344 -0.422043 -0.190172 -0.190172  0.000000 -0.802387 -1.034259 -1.034259 -0.190172 -0.612215 -1.224430 -0.612215  1.878345  0.422043 -1.836646 -1.224430 -0.844087
  2 S   2  1.207089 -0.899050  0.314778 -0.435553 -0.750331 -0.286835 -0.286835 -0.276232 -1.185885 -1.511265 -1.511265 -0.286835 -0.899050 -1.798100 -0.899050  2.735696  1.302796 -2.559034 -1.798100 -1.224430
  3 L   3 -0.484363  0.516840 -0.178181 -1.288268 -1.752822 -0.102754 -0.374144 -1.767210 -0.561359 -1.501720 -0.881208  0.825833 -0.572151 -1.812596 -1.376635  0.307461  0.466496 -2.300783 -1.373140 -1.228973
  4 D   4 -1.295417  0.212632  0.118727  1.042599 -2.604603  0.410136  0.925230 -1.586826 -0.621410 -2.512056 -2.313194  2.024501 -1.506690 -2.141870 -1.084143 -0.185093 -0.991597 -2.538237 -1.269000 -2.009373
  5 K   5 -0.614150 -0.071641  0.940212  1.044566 -2.123480  0.323445  0.755142 -0.862739 -0.753207 -2.410315 -2.302718  1.401379 -1.403668 -2.410315 -0.971972  1.220261 -0.252459 -2.985920 -2.013948 -2.086870
  6 Y   6 -1.321093 -0.653915 -0.844087 -0.692461 -2.561941  1.102485  0.970430 -2.220143  0.844087 -1.853063 -1.662891 -0.367080 -0.995713 -0.164889 -1.743137 -0.844087 -1.321093 -0.396761  2.190463 -1.376056
  7 L   7 -0.612215 -1.917285 -1.836646 -2.329676 -0.899050 -1.917285 -2.123480 -3.022530 -2.410315  1.749636  1.349986 -1.917285  0.531576 -0.573669 -2.123480 -0.937596  0.821958 -2.204120 -1.185885  1.424255
  8 T   8 -0.215848 -1.431697 -0.647545 -1.431697 -1.000000 -1.431697 -1.431697 -2.431697 -2.215848  0.079241 -0.352455 -1.431697 -0.568303 -1.568303 -1.431697  0.352455  3.704910 -2.215848 -1.784152  0.647545
  9 E   9  1.140777 -0.289187 -0.406908 -0.390029 -1.649072  1.382108  0.915620 -0.844087 -0.906245 -2.093755 -1.804986  0.093755 -0.844504 -2.422043 -1.000000  1.326962 -0.172375 -2.711230 -1.711230 -1.343424
 10 S  10 -0.733870 -0.422043  2.455609  0.004287 -2.155913  0.000000  0.000000 -0.573669  2.163756 -2.577957 -2.577957 -0.286835 -1.577957 -2.004287 -1.577957  1.692461 -0.151626 -3.004287 -0.852661 -2.577957
 11 Q  11 -0.713165 -0.007718  0.000000  0.654184 -2.933301  1.466395  2.587485 -2.000000 -0.646591 -2.426331 -2.220135  0.718017 -1.373697 -2.713165 -1.000000  0.286835  0.721008 -2.579892 -1.866726 -1.426331
 12 F  12 -2.000000 -2.273104 -2.273104 -3.000000 -2.000000 -1.546207 -2.273104 -3.000000  1.180689 -0.726896 -0.726896 -2.273104 -0.726896  3.819311 -3.273104 -2.000000 -2.000000  1.726896  5.907585 -1.000000
 13 H  13 -1.612215  0.007441  0.041700 -0.992559 -2.809828  1.748752  0.395226 -2.190172  3.756691 -2.619656 -2.231872 -0.414602 -1.034259 -1.014882 -1.802387 -0.802387 -1.612215 -1.239313  1.787505 -2.231872
 14 D  14 -2.000000 -1.224430  1.504750  3.487407 -3.000000  0.000000  1.224430 -1.185885  1.783413 -3.000000 -3.612215 -0.899050 -2.612215 -2.426331 -1.387785 -0.185885 -1.185885 -3.426331 -1.464876 -3.000000
 15 K  15 -1.000000  1.321093  0.000000 -0.220143 -3.100950  3.008976  1.880807 -2.000000 -0.422043 -3.000000 -2.100950  2.688174 -0.623944 -3.000000 -1.000000  0.000000 -1.000000 -2.522993 -1.522993 -2.000000
 16 R  16  0.434174  1.882789 -0.573669 -1.483920 -2.139496  0.730403  0.229245 -1.426331 -0.937713 -2.426331 -1.713165  2.155608 -0.923982 -2.713165 -1.273104  0.013731 -0.713165 -2.923982 -1.923982 -1.699434
 17 I  17 -1.000000 -2.422043 -3.000000 -3.577957 -1.000000 -2.422043 -3.000000 -4.000000 -3.000000  2.844087  3.155913 -2.422043  1.577957  0.000000 -3.000000 -2.000000 -1.000000 -2.422043 -1.000000  1.844087
 18 A  18  2.852661 -1.573669 -2.286835 -2.286835 -0.286835 -1.286835 -1.286835 -0.860504 -2.286835  0.147339 -0.426331 -1.286835 -0.426331 -1.713165 -1.286835  0.139496  0.000000 -3.000000 -1.713165  1.147339
 19 E  19 -1.463803 -0.345362  0.968553  2.779946 -3.346025  0.882222  2.646004 -1.435247 -0.452075 -3.000000 -3.172681  0.934031 -2.172681 -3.000000 -1.100950  0.100950 -0.899050 -3.463803 -2.362853 -2.463803
 20 E  20 -1.000000  0.286835  0.000000  1.426331 -3.713165  2.860504  4.139496 -2.000000  0.000000 -3.000000 -2.713165  1.000000 -1.426331 -3.000000 -1.000000  0.000000 -1.000000 -2.713165 -1.713165 -2.000000
 21 L  21 -1.000000 -2.000000 -3.000000 -4.000000 -1.000000 -2.000000 -3.000000 -4.000000 -3.000000  2.000000  4.000000 -2.000000  2.000000  0.000000 -3.000000 -2.000000 -1.000000 -2.000000 -1.000000  1.000000
 22 R  22 -1.286835  2.252373  0.286835 -1.275347 -3.000000  0.713165  0.437818 -2.000000  1.856860 -3.000000 -2.286835  2.452950 -1.286835 -2.426331 -1.562182 -0.562182 -1.286835 -2.713165 -0.852661 -2.562182
 23 T  23 -0.158421 -1.041453  0.145057  0.176963 -1.826499 -0.086986  0.278188 -0.652789 -1.281274 -1.817759 -1.777268 -0.471445 -0.700365 -2.062658 -1.230663  1.355870  0.750757 -2.529517 -2.052056 -1.377165
 24 L  24 -1.000000 -2.000000 -3.000000 -4.000000 -1.000000 -2.000000 -3.000000 -4.000000 -3.000000  2.000000  4.000000 -2.000000  2.000000  0.000000 -3.000000 -2.000000 -1.000000 -2.000000 -1.000000  1.000000
 25 L  25 -1.000000 -2.286835 -3.000000 -3.713165 -1.000000 -2.286835 -3.000000 -4.000000 -3.000000  2.573669  3.426331 -2.286835  1.713165  0.000000 -3.000000 -2.000000 -1.000000 -2.286835 -1.000000  1.573669
 26 N  26 -0.758535 -0.456769  2.207669  1.395204 -2.277612 -0.213913  0.247708 -0.689347 -0.467968 -2.426331 -2.620680 -0.408263 -1.907515 -2.713165 -1.445894  0.586886  0.350388 -3.502127 -2.267271 -2.139496
 27 K  27 -1.286835  0.697391  1.721008  0.593731 -3.291122  1.591071  2.024349 -1.426331  0.011487 -3.000000 -2.577957  1.814555 -1.431261 -3.000000 -1.286835  0.286835 -0.713165 -3.140139 -1.853304 -2.286835
 28 S  28  0.130922 -1.291122 -0.451322 -1.451322 -1.000000 -0.869078 -1.160200 -1.738157 -1.869078 -0.548678  0.033566 -0.869078 -0.126634 -1.417756 -1.582244  1.392765  1.565095 -2.422043 -1.708878 -0.552965
 29 N  29 -2.000000 -0.721218  3.975630  2.139076 -2.926225 -0.073775  0.426120 -0.508158  0.500105 -2.852451 -3.139286 -0.434384 -2.213060 -2.557353 -1.786940  0.491842 -0.434384 -3.557353 -1.622864 -2.852451
 30 V  30 -0.286835 -2.851282 -3.000000 -3.148718 -1.000000 -2.138116 -2.286835 -3.286835 -3.000000  2.989398  1.584272 -2.138116  1.148718 -0.713165 -2.286835 -2.000000 -0.286835 -2.851282 -1.000000  3.415728
 31 Y  31 -2.000000 -0.696538  3.213849 -0.393076 -2.651731 -0.348269 -0.696538 -1.044807  1.348269 -2.303462 -2.303462 -0.696538 -1.651731 -0.910387 -2.348269 -0.044807 -0.696538 -1.910387  1.134420 -2.303462
 32 A  32 -0.035897 -0.641604 -0.746459  0.282177 -2.122619 -0.090938  0.657341 -1.568799 -1.478723 -1.460311 -1.776534  0.732737 -1.166035 -2.420327 -1.190172 -0.181014 -0.610499 -3.222714 -2.032542 -0.683025
 33 L  33 -1.000000 -2.000000 -3.000000 -4.000000 -1.000000 -2.000000 -3.000000 -4.000000 -3.000000  2.000000  4.000000 -2.000000  2.000000  0.000000 -3.000000 -2.000000 -1.000000 -2.000000 -1.000000  1.000000
 34 A  34  3.553845 -1.000000 -1.553845 -1.702563 -0.148718 -0.851282 -0.851282  0.000000 -1.851282 -1.148718 -1.148718 -0.851282 -1.000000 -2.000000 -1.000000  1.446155  0.148718 -3.000000 -2.000000 -0.297437
 35 A  35  1.114504 -1.010602 -1.003408 -1.719480 -1.002908 -0.861884 -1.010602 -1.304632 -0.023964 -1.276232 -1.276232 -1.148718 -1.138116 -1.118291 -1.435553  0.277612  0.881940 -1.827169 -0.109069 -0.563067
 36 G  36 -0.189210 -1.902375 -0.762879 -1.762879 -2.231080 -1.804750 -2.091585  2.545902 -2.189210 -2.083741 -1.510072 -1.804750 -1.370576 -2.041871 -2.189210 -0.183169 -1.420290 -2.097625 -2.328705 -1.755036
 37 S  37  0.139496 -0.713165  1.743592  0.010602 -1.573669  0.000000  0.000000 -0.276232  0.540483 -2.286835 -2.286835 -0.138116 -1.286835 -2.010602 -1.286835  2.863263  0.436933 -3.010602 -1.447535 -2.286835
 38 L  38 -1.000000 -2.000000 -3.000000 -4.000000 -1.000000 -2.000000 -3.000000 -4.000000 -3.000000  2.000000  4.000000 -2.000000  2.000000  0.000000 -3.000000 -2.000000 -1.000000 -2.000000 -1.000000  1.000000
 39 N  39 -2.000000 -0.954013  3.614967  3.385033 -3.000000  0.000000  0.954013 -0.477007  0.045987 -3.000000 -3.477007 -0.477007 -2.477007 -3.000000 -1.522993  0.522993 -0.477007 -4.000000 -2.477007 -3.000000
 40 P  40  0.535124 -0.569637 -1.500220 -1.435775 -1.937596 -0.702120 -0.851060 -1.426331 -1.702120 -2.224430 -2.075491 -0.553181 -1.463275 -3.075491  2.557264 -0.224430 -0.107465 -3.362325 -2.463275 -1.373370
 41 Y  41 -2.000000 -2.148718 -2.148718 -3.000000 -2.000000 -1.297437 -2.148718 -3.000000  1.553845 -0.851282 -0.851282 -2.148718 -0.851282  3.446155 -3.148718 -2.000000 -2.000000  1.851282  6.405126 -1.000000
 42 Y  42 -1.713165 -1.139496 -1.426331 -2.139496 -2.286835  0.721008 -0.852661 -2.713165  1.426331 -1.573669 -1.286835 -1.139496 -0.713165  1.278992 -2.426331 -1.426331 -1.713165  0.852661  4.705322 -1.286835
 43 K  43 -1.000000  2.000000  0.000000 -1.000000 -3.000000  1.000000  1.000000 -2.000000 -1.000000 -3.000000 -2.000000  5.000000 -1.000000 -3.000000 -1.000000  0.000000 -1.000000 -3.000000 -2.000000 -2.000000
 44 R  44 -1.000000  4.695927  0.000000 -1.847964 -3.000000  1.304073  0.152036 -2.000000  0.000000 -3.000000 -2.000000  1.923982 -0.923982 -3.000000 -1.923982 -0.923982 -1.000000 -2.923982 -1.923982 -2.923982
 45 T  45 -1.027788 -1.096663  1.280317  1.240638 -1.954013 -0.449219 -0.023099 -1.406596 -1.142650 -1.806464 -2.019524 -0.809828 -1.321194 -2.329458 -1.263946  0.565616  1.885486 -2.880239 -2.213060 -1.357245
 46 I  46 -0.809828 -3.000000 -3.000000 -3.000000 -1.000000 -2.809828 -2.809828 -3.809828 -3.000000  3.809828  1.809828 -2.809828  1.000000 -0.190172 -2.809828 -2.000000 -0.809828 -3.000000 -1.000000  3.190172
 47 M  47 -1.000000 -0.743165 -1.844115 -2.746490 -1.397150  0.106545 -1.547915 -3.042690 -1.945065  0.446965  1.688230 -0.440315  3.182379 -0.595725 -2.042690 -1.042690 -1.000000 -1.540790 -1.100950  0.404275
 48 M  48  0.434174 -1.201900 -2.100950 -2.713165 -0.713165 -0.589685 -1.814115 -2.240446 -2.100950  0.729181  1.139496 -1.201900  2.875191 -0.573669 -1.814115 -0.527281 -0.713165 -1.775570 -1.286835  0.915065
 49 N  49  0.023859 -0.768128  1.679197 -0.722141 -1.747424 -0.477007 -0.667178 -0.570515  0.127768 -1.945037 -1.945037 -0.667178 -1.422043 -1.471184 -1.802387  0.732335 -0.279394 -2.471184 -0.288454 -1.658202
 50 E  50 -0.995713 -0.508469  0.286835  0.118581 -3.348269  0.483167  1.306650  0.328975  1.712434 -3.291122 -3.217347 -0.447035 -2.143573 -2.426331 -1.577957 -0.286835 -1.577957 -2.348269 -1.070008 -2.577957
 51 Y  51 -1.899050 -1.735285 -1.760217 -2.545113 -2.176968 -0.698625 -1.634335 -2.823032  1.683694 -1.163765 -1.062815 -1.811303 -0.784896  2.660742 -2.912254 -1.722082 -1.899050  1.101955  5.051621 -1.252986
 52 R  52 -1.000000  1.831957 -0.860504 -1.995713 -2.426331 -0.147339 -0.569382 -2.573669 -1.151626 -0.992157 -0.852661  1.439192 -0.426331 -2.139496 -1.995713 -0.995713 -1.000000 -3.000000 -1.713165 -0.987870
 53 A  53  4.000000 -1.000000 -2.000000 -2.000000  0.000000 -1.000000 -1.000000  0.000000 -2.000000 -1.000000 -1.000000 -1.000000 -1.000000 -2.000000 -1.000000  1.000000  0.000000 -3.000000 -2.000000  0.000000
 54 K  54 -1.000000  1.697150 -0.201900 -1.201900 -2.798100  0.899050  0.697150 -2.100950 -1.100950 -2.596200 -1.596200  4.394300 -0.394300 -2.697150 -1.100950 -0.100950 -1.000000 -2.798100 -1.899050 -1.697150
 55 A  55  1.582937 -1.100950 -1.139496 -1.717452 -0.678907 -0.522993 -1.004287 -0.873366 -1.309365 -0.906491 -0.716319 -0.814115  0.141031 -1.114906 -1.392072  1.177310 -0.105237 -2.114906 -0.901278 -0.484448
 56 A  56  3.609500 -1.195250 -2.097625 -2.097625 -0.097625 -1.097625 -1.097625 -0.292875 -2.097625 -0.609500 -0.804750 -1.097625 -0.804750 -1.902375 -1.097625  0.707125  0.000000 -3.000000 -1.902375  0.390500
 57 L  57 -0.902375 -2.384460 -3.000000 -3.615540 -1.000000 -2.286835 -2.902375 -3.902375 -3.000000  2.671295  3.133455 -2.286835  1.615540 -0.097625 -2.902375 -2.000000 -0.902375 -2.384460 -1.000000  1.866545
 58 K  58 -1.000000  3.286725  0.000000 -1.428908 -3.000000  1.000000  0.571092 -2.000000 -0.571092 -3.000000 -2.000000  3.713275 -1.000000 -3.000000 -1.428908 -0.428908 -1.000000 -3.000000 -2.000000 -2.428908
 59 K  59  0.300775 -0.381415  0.506970 -0.493030 -1.412390 -0.080640 -0.080640 -0.986060 -1.286835 -1.919360 -1.713165  0.744141 -1.000000 -2.206195 -1.000000  2.314715  1.734949 -2.713165 -2.000000 -1.426331
 60 N  60 -1.422043  1.155913  2.532261 -0.155913 -3.000000  0.577957  0.577957 -1.155913 -0.155913 -3.000000 -2.422043  2.889783 -1.422043 -3.000000 -1.422043  0.422043 -0.577957 -3.422043 -2.000000 -2.422043
 61 D  61 -2.000000 -0.614290  4.464274  2.535726 -3.000000  0.000000  0.614290 -0.307145  0.385710 -3.000000 -3.307145 -0.307145 -2.307145 -3.000000 -1.692855  0.692855 -0.307145 -4.000000 -2.307145 -3.000000
 62 F  62 -1.713165 -2.522993 -2.809828 -3.286835 -1.713165 -2.332822 -2.809828 -3.286835 -1.003154  0.383498  0.957167 -2.522993  0.383498  3.708476 -3.522993 -2.000000 -1.713165  0.329668  2.613348 -0.426331
 63 V  63 -0.150085 -1.107785 -0.126456  1.323765 -1.933619 -0.232506  0.493200 -1.110417 -1.406377 -1.730527 -2.186055  0.100128 -1.459159 -2.403451 -1.133274  0.633970 -0.346553 -3.362853 -2.229579 -1.283551
 64 S  64 -0.587610  1.094580  0.206195 -0.506970 -2.587610  1.941144  1.080640 -1.587610 -0.713165 -2.793805 -2.000000  2.821685 -0.713165 -2.793805 -1.000000  0.824781 -0.587610 -2.713165 -1.713165 -2.000000
 65 M  65 -1.000000 -1.000000 -2.000000 -3.000000 -1.000000  0.000000 -2.000000 -3.000000 -2.000000  1.000000  2.000000 -1.000000  5.000000  0.000000 -2.000000 -1.000000 -1.000000 -1.000000 -1.000000  1.000000
 66 A  66  1.979296 -1.000000 -0.552965 -1.130922 -0.577957 -0.708878 -0.708878 -0.573669 -1.708878 -1.291122 -1.291122 -0.708878 -1.000000 -2.000000 -1.000000  1.873366  1.725296 -2.713165 -2.000000 -0.582244
 67 D  67 -1.199329 -0.395504 -0.371186  0.985953 -2.943321  0.363648  1.733299 -2.181014 -1.056679 -1.668797 -1.961635  0.987993 -1.341979 -2.429485 -1.380344 -0.380344 -1.000000 -3.199329 -2.009157 -1.248470
 68 A  68  4.000000 -1.000000 -2.000000 -2.000000  0.000000 -1.000000 -1.000000  0.000000 -2.000000 -1.000000 -1.000000 -1.000000 -1.000000 -2.000000 -1.000000  1.000000  0.000000 -3.000000 -2.000000  0.000000
 69 K  69 -1.000000  2.000000  0.000000 -1.000000 -3.000000  1.000000  1.000000 -2.000000 -1.000000 -3.000000 -2.000000  5.000000 -1.000000 -3.000000 -1.000000  0.000000 -1.000000 -3.000000 -2.000000 -2.000000
 70 V  70 -0.817023 -1.595544 -1.744263 -1.602986 -2.107019  0.040783 -0.073923 -2.661110 -0.787998  0.010393 -0.684975 -0.983329 -0.197366 -0.721515 -1.900176 -1.322219 -0.817023 -1.655950  0.722359  0.771327
 71 A  71  0.815119  1.039306 -0.696538 -0.963638 -2.145365  0.676111  0.656941 -0.713266 -0.844087 -2.377237 -1.989452  0.368973 -1.236771 -2.651731 -1.360609  0.061434 -0.725506 -2.825275 -1.972824 -1.664071
 72 L  72 -1.000000 -2.000000 -3.000000 -4.000000 -1.000000 -2.000000 -3.000000 -4.000000 -3.000000  2.000000  4.000000 -2.000000  2.000000  0.000000 -3.000000 -2.000000 -1.000000 -2.000000 -1.000000  1.000000
 73 E  73 -1.000000  0.100950  0.000000  1.798100 -3.899050  2.302850  4.697150 -2.000000  0.000000 -3.000000 -2.899050  1.000000 -1.798100 -3.000000 -1.000000  0.000000 -1.000000 -2.899050 -1.899050 -2.000000
 74 K  74 -1.177547  0.603876  2.998623  0.098687 -2.702563  0.376297  0.376297 -0.752595 -0.050032 -2.851282 -2.474984  1.881487 -1.474984 -2.851282 -1.474984  1.069858 -0.227579 -3.474984 -2.000000 -2.474984
 75 I  75 -1.092547 -3.000000 -3.000000 -3.000000 -1.092547 -3.000000 -3.000000 -3.907453 -2.814907  3.629813  1.814907 -3.000000  0.907453  0.555280 -3.092547 -2.000000 -1.092547 -2.629813 -0.629813  2.629813
 76 Y  76 -2.000000 -2.000000 -2.000000 -3.000000 -2.000000 -1.000000 -2.000000 -3.000000  2.000000 -1.000000 -1.000000 -2.000000 -1.000000  3.000000 -3.000000 -2.000000 -2.000000  2.000000  7.000000 -1.000000
 77 K  77 -0.973436  1.656830  1.636127 -0.552718 -2.723768  0.612215  0.422043 -1.224430 -0.310491 -2.861884 -2.249669  2.490561 -1.249669 -2.861884 -1.439840  0.611962 -0.474099 -3.249669 -2.000000 -2.439840
 78 E  78 -0.426331 -0.286835  0.286835  1.426331 -3.139496  1.426331  3.565826 -1.426331 -0.286835 -2.713165 -2.713165  0.713165 -1.713165 -2.713165 -1.000000  1.147339 -0.426331 -3.000000 -2.000000 -2.000000
 79 I  79 -1.000000 -2.861884 -3.000000 -3.138116 -1.000000 -2.861884 -3.000000 -4.000000 -3.000000  3.723768  2.276232 -2.861884  1.138116  0.000000 -3.000000 -2.000000 -1.000000 -2.861884 -1.000000  2.723768
 80 D  80 -1.277612 -1.581054  0.964107  3.126434 -2.350312 -0.214134  0.852030 -1.075379 -0.777951 -2.423013 -2.994104 -0.861244 -2.208239 -2.257056 -1.218092  0.647009  0.116172 -3.118940 -1.886928 -2.284896
 81 E  81 -0.872486 -0.138116  1.030427  1.575049 -3.436933  1.426331  3.565826 -1.426331  0.010602 -2.861884 -2.861884  0.713165 -1.861884 -2.861884 -1.148718  0.701183 -0.575049 -3.148718 -2.000000 -2.148718
 82 I  82  0.317493 -1.854689 -1.317113 -1.858976 -1.282548 -1.705971 -1.705971 -1.985611 -2.007695  0.536548 -0.307539 -1.705971 -0.442748 -1.591466 -0.792455 -0.563567 -0.570762 -3.286835 -1.726675  0.554345
 83 I  83 -1.000000 -2.560160 -3.000000 -3.439840 -1.000000 -2.560160 -3.000000 -4.000000 -3.000000  3.120319  2.879681 -2.560160  1.439840  0.000000 -3.000000 -2.000000 -1.000000 -2.560160 -1.000000  2.120319
 84 N  84 -1.417756  0.000000  2.819095  0.135209 -2.126634  0.000000  0.000000 -0.573669  2.716721 -2.126634 -2.126634 -0.286835 -1.417756 -1.552965 -1.417756  0.135209 -0.573669 -2.261843 -0.270417 -2.126634
 85 R  85 -0.422043  2.110217  0.000000 -0.844087 -1.266130  0.422043  0.000000 -0.844087  0.000000 -1.266130 -0.844087  0.844087 -0.422043 -1.266130 -0.844087 -0.422043 -0.422043 -1.266130 -0.844087 -1.266130
