  148         A         R         N         D         C         Q         E         G         H         I         L         K         M         F         P         S         T         W         Y         V    
  1 G   1  0.159696 -0.178782 -0.038179 -0.124970 -0.204816 -0.151004 -0.151004  0.354073 -0.211762 -0.324586 -0.324586 -0.151004 -0.237795 -0.298553 -0.178782  0.144095 -0.090245 -0.300299 -0.298553 -0.232594
  2 N   2 -0.569087  0.000000  1.707262  0.284544 -0.853631  0.000000  0.000000  0.000000  0.284544 -0.853631 -0.853631  0.000000 -0.569087 -0.853631 -0.569087  0.284544  0.000000 -1.138175 -0.569087 -0.853631
  3 G   3  0.000000 -0.796635  0.000000 -0.398317 -1.194952 -0.796635 -0.796635  2.389904 -0.796635 -1.593269 -1.593269 -0.796635 -1.194952 -1.194952 -0.796635  0.000000 -0.796635 -0.796635 -1.194952 -1.194952
  4 K   4 -0.325817  0.623770  0.396901 -0.337132 -1.276379  0.310352  0.310352 -0.686662 -0.367044 -1.339271 -0.995940  1.683676 -0.550538 -1.372250 -0.550538  0.224788 -0.313418 -1.507300 -0.956761 -0.962961
  5 Y   5 -1.029966 -1.135921 -1.172593 -1.636630 -1.029966 -0.708556 -1.172593 -1.636630  0.675430 -0.354020 -0.280676 -1.135921 -0.354020  1.697788 -1.669240 -1.066638 -1.029966  0.850667  3.162727 -0.459975
  6 F   6 -0.569628 -1.230082 -1.477215 -1.793629 -0.657546 -1.019422 -1.389297 -1.867672 -1.090197  0.931446  1.048329 -1.142165  0.747324  0.449594 -1.513523 -1.013178 -0.569628 -0.733177  0.240716  0.696705
  7 S   7 -0.081827 -0.830442 -0.028150  0.176528 -0.874089 -0.229105  0.023705 -0.604431 -0.567924 -0.670899 -0.919975 -0.382775 -0.553547 -0.711298 -0.784930  0.807404  0.004770 -1.425914 -0.662595 -0.636331
  8 K   8 -0.604433  1.301870  0.029913 -0.294298 -1.792843  0.613890  0.744547 -1.119128 -0.368223 -1.723561 -1.278149  2.004949 -0.703628 -1.723561 -0.711536 -0.137015 -0.574520 -1.753474 -1.178953 -1.315969
  9 V   9 -0.056437 -1.328065 -1.110503 -1.324741 -0.275392 -1.021153 -1.084045 -1.529457 -1.473020  0.869354  0.274573 -1.021153  0.185157 -0.659972 -1.123414 -0.367505  0.473531 -1.548693 -0.785692  1.093240
 10 G  10 -0.092054  0.040713  0.489247 -0.240758 -1.335231 -0.093735 -0.140045  0.438185 -0.416581 -1.465780 -1.400365 -0.156470 -0.928318 -1.477741 -0.899136  0.143916 -0.425995 -1.578397 -1.188342 -1.178408
 11 S  11 -0.710272 -0.290270  1.116206  0.688979 -1.392306  0.403782  0.363676 -0.607982 -0.026577 -1.261069 -1.325218 -0.146999 -0.798394 -1.399552 -0.789302  0.295290  0.012242 -1.721406 -0.980848 -1.117423
 12 A  12 -0.071759 -0.916872 -0.794069 -1.228854 -0.727262 -0.756090 -0.990150 -1.380753 -0.934580  0.127684  0.269773 -0.890231  0.312196 -0.434120 -1.241733 -0.350055  0.022549 -1.352154 -0.659417  0.151080
 13 G  13 -0.246798 -0.495500  0.027534  0.230307 -1.126156  0.156260  0.311658 -0.035252 -0.698166 -1.558528 -1.542551  0.009473 -0.951604 -1.578332 -0.848612  0.479862 -0.441468 -1.682743 -1.315594 -1.248406
 14 L  14 -0.353028 -1.296747 -1.387011 -1.633313 -0.720113 -1.116750 -1.258419 -1.819499 -1.475963  0.755109  0.758067 -1.170725  0.348694 -0.163616 -1.510003 -0.662477 -0.089071 -1.013645 -0.538531  0.580603
 15 K  15 -0.387374 -0.312938 -0.616718 -0.796806 -0.542324 -0.226275 -0.439311 -1.255870 -0.952581 -0.534385 -0.524921 -0.138268 -0.336381 -1.211920 -1.203976 -0.406782 -0.577244 -1.675717 -1.040670 -0.447785
 16 Q  16 -0.604247  0.148084  0.121725 -0.161582 -1.884639  0.780794  0.601191 -0.445497 -0.231211 -1.771331 -1.467438  0.402212 -0.778707 -1.590676 -0.618681 -0.117709 -0.689955 -1.552613 -1.008286 -1.341054
 17 L  17 -0.583982 -1.438964 -1.520772 -1.988832 -0.764833 -1.340691 -1.632851 -2.208092 -1.448924  1.260533  1.374946 -1.364753  0.695320  0.001675 -1.793000 -0.968559 -0.549352 -1.493979 -0.487443  0.811369
 18 T  18  0.299683 -0.759526 -0.195579 -0.076281 -1.016519 -0.237338  0.080872 -0.561261 -0.682901 -0.960990 -0.993301 -0.412585 -0.708248 -1.292764 -0.842787  0.725947  0.159056 -1.844561 -1.184591 -0.712817
 19 N  19 -0.369802 -0.522592  0.407850  0.390955 -1.316279 -0.211007  0.048256 -0.824479 -0.742990 -1.055639 -1.135882  0.097593 -0.793351 -1.475314 -0.922735  0.352946 -0.103413 -2.116323 -1.337243 -0.901862
 20 K  20 -0.429395  1.362798 -0.022258 -0.697899 -1.768209  0.477688  0.445568 -1.184686 -0.105091 -1.683681 -1.209948  1.230191 -0.673669 -1.703235 -1.015534  0.015700 -0.504515 -1.916699 -1.147542 -1.461280
 21 L  21 -0.615500 -1.221026 -1.670749 -2.250065 -0.747486 -1.150069 -1.679810 -2.390623 -1.665107  1.027965  1.772485 -1.123470  0.983261 -0.104524 -1.764607 -1.068795 -0.323038 -1.253143 -0.451866  0.650775
 22 D  22 -0.101096 -1.130229 -0.317267 -0.333595 -1.587471 -0.887571 -0.768326  1.246883 -1.270294 -1.715809 -1.791827 -0.839573 -1.340445 -1.786060 -0.507634 -0.026773 -0.489664 -1.733815 -1.710927 -1.191679
 23 I  23 -0.448694 -1.737032 -1.888098 -2.083573 -0.502456 -1.704052 -1.893523 -2.247974 -1.936223  1.853264  1.353337 -1.704052  0.646177 -0.196840 -1.875465 -1.175857 -0.625993 -1.774532 -0.756650  1.378275
 24 N  24 -0.540202 -0.476485 -0.128615 -0.492007 -1.384977 -0.145654 -0.230326 -1.091410 -0.840673 -1.220939 -0.875308 -0.078037 -0.609245 -1.636838 -0.000126 -0.162749 -0.481595 -2.025939 -1.331644 -1.020180
 25 E  25 -0.741519 -0.759371 -0.228148  0.495927 -2.062503 -0.111470  0.425228 -1.070183 -0.878638 -1.877486 -1.848588 -0.032415 -1.293780 -2.224236  1.148547 -0.254280 -0.644258 -2.507721 -1.778663 -1.441046
 26 C  26 -0.435115 -1.817690 -1.957273 -2.234594  2.744093 -1.694917 -2.280244 -2.281714 -1.424595 -0.366431 -0.267095 -1.639002 -0.388009 -0.274974 -2.202904 -0.891994 -0.882702 -1.015790  0.008579 -0.455655
 27 A  27  0.481499 -0.463056  0.031045 -0.520993 -1.334345 -0.206762 -0.174500 -0.173474 -0.932631 -1.601594 -1.460128 -0.003837 -1.026324 -1.766193 -1.015496  0.650363  0.134724 -2.100800 -1.433124 -1.069010
 28 T  28 -0.360657 -0.636901  1.364869 -0.264350 -1.202654 -0.398212 -0.439413 -0.694759 -0.580279 -0.988792 -1.037968 -0.398212 -0.701294 -1.482706 -1.140544  1.015654  0.873472 -2.187517 -1.313607 -0.887602
 29 V  29 -0.330231 -1.356321 -1.590023 -1.942715 -0.828372 -0.999999 -1.448701 -2.124611 -1.726467  0.849350  0.992375 -1.188944  0.788237 -0.426992 -1.327753 -0.787921 -0.119026 -1.593250 -0.796632  0.789800
 30 D  30 -0.596831 -0.555741  0.008083  0.905137 -2.221313  0.400461  1.511308 -1.239211 -0.550768 -1.746260 -1.617911  0.152445 -1.158830 -1.937895 -1.081433  0.249627 -0.579344 -2.454433 -1.598864 -1.435033
 31 E  31 -0.562890  0.019676 -0.043419  1.067764 -2.747014  1.129064  2.372656 -1.507691 -0.327816 -2.303625 -2.171684  0.599650 -1.419170 -2.440426 -1.051354 -0.018100 -0.792198 -2.699435 -1.734082 -1.684020
 32 L  32 -1.098464 -1.713808 -2.321504 -2.963120 -1.279051 -1.602996 -2.247773 -3.189463 -1.770409  1.071935  2.050740 -1.641669  1.044297  0.762497 -2.669793 -1.606819 -1.098464 -1.397098 -0.146022  0.358819
 33 V  33  0.120238 -0.724823 -1.229365 -1.124549 -0.434349 -0.494449 -0.574961 -1.866784 -1.567006 -0.568293 -0.831527 -0.486144 -0.565867 -1.768729 -1.525805 -0.364886 -0.219446 -2.489271 -1.557056 -0.184065
 34 D  34 -0.509795 -0.066996 -0.521924 -0.526055 -1.779038 -0.034253  0.054058 -1.701348 -0.777138 -1.402270 -1.447507  0.355278 -0.930499 -1.643672 -1.400636 -0.330775 -0.337853 -2.198793 -0.857136 -0.926637
 35 E  35  1.350630 -0.446242 -0.876959 -0.882538 -1.214992 -0.078562  0.208304 -0.833505 -1.153317 -1.425628 -1.353222  0.234994 -0.947681 -1.854955 -1.002537  0.694068 -0.116028 -2.463996 -1.416641 -0.682514
 36 I  36 -0.437697 -1.856309 -2.105968 -2.377160 -1.051293 -1.470511 -1.922260 -2.492181 -2.086908  1.538785  1.137611 -1.791139  0.688413 -0.329045 -2.176822 -1.224157 -0.706999 -2.035877 -0.770527  1.237125
 37 N  37 -0.478935 -0.070835  0.582839 -0.686769 -1.617767 -0.103474 -0.237808 -1.218921 -0.797675 -1.230377 -0.996103  0.335645 -0.533955 -1.746996 -1.138337  0.589576  0.211811 -2.393318 -1.470774 -1.056094
 38 K  38 -0.624153  0.151103 -0.336227 -0.652919 -2.088946  0.559096  0.719783 -1.577391 -0.291271 -1.647699 -1.365965  0.858580 -0.753983 -2.009154 -1.273560 -0.282422 -0.679801 -2.330617 -1.244397 -1.078760
 39 S  39 -0.640502 -1.392928  0.573906  0.671114 -0.992231 -0.739053 -0.445079 -0.532009 -1.180405 -1.751975 -1.899489 -0.960319 -1.412835 -2.094990 -1.218045  0.620282 -0.066813 -2.754791 -2.031227 -1.658787
 40 G  40 -0.110704 -0.677183 -0.576648  0.022603 -1.574067 -0.468982 -0.001925 -1.237890 -1.357469 -1.142163 -1.432134 -0.242366 -1.063707 -2.001095 -1.322888 -0.186674 -0.287741 -2.751655 -1.837174 -0.730698
 41 T  41 -0.685556 -0.611774 -0.257861  0.140593 -2.002963 -0.009197  0.442129 -1.747714 -0.926333 -1.311859 -1.249869  0.233431 -0.871272 -1.944005 -1.237630 -0.088313  0.051497 -2.567342 -1.588311 -0.869666
 42 V  42 -0.777165 -2.173698 -2.539859 -3.005729 -1.105074 -1.998055 -2.428435 -3.040036 -2.099788  1.424699  1.789850 -2.027968  0.916753  1.009371 -2.689537 -1.509314 -0.923854 -1.415573  0.033805  0.867795
 43 K  43 -0.798999 -0.094491 -0.884734 -1.649531 -1.837630 -0.306404 -0.570911 -2.024272 -1.089105 -1.017626 -0.518964  0.217132 -0.077975 -1.381581 -1.810862 -0.363947 -0.541795 -1.310644 -1.106523 -0.917375
 44 R  44 -0.844136  0.736895 -0.067488 -0.582833 -2.541317  0.567182  0.875762 -1.812789  0.187702 -2.215770 -1.908497  0.969441 -1.187340 -2.037289 -1.049345 -0.244912 -0.310210 -2.255986 -0.903133 -1.639069
 45 K  45 -0.677108  1.434768 -0.291496 -0.780276 -2.581585  0.687942  0.752384 -1.746111 -0.780785 -2.349944 -1.803063  2.176912 -0.982133 -2.624058 -0.644656 -0.188309 -0.767094 -2.797859 -1.845849 -1.740750
 46 I  46 -0.777210 -2.000661 -2.361297 -2.706849 -1.054274 -1.699115 -2.110350 -3.236407 -2.395565  2.046857  1.970272 -1.886351  1.043316 -0.243619 -2.386898 -1.538709 -0.599762 -2.153624 -0.870719  1.542636
 47 K  47 -0.841400  0.597921 -0.595667 -1.436442 -1.846319  0.206169 -0.185838 -2.184200 -1.177273 -1.170059 -0.470351  1.331712  0.013952 -1.807147 -1.504599 -0.487977 -0.533489 -2.296227 -1.466987 -0.882902
 48 N  48 -0.474032  0.020502  0.766001 -0.191555 -2.030010  0.189378  0.617670 -1.267413 -0.230609 -1.808857 -1.561187  0.108336 -1.056144 -2.030520 -1.299376  0.663362  0.417319 -2.537112 -1.523139 -1.492968
 49 Q  49 -0.507532  0.465050 -0.576298 -1.157227 -2.077755  0.473031  0.084367 -1.684283 -1.032310 -1.513229 -0.963857  0.507755 -0.482690 -1.859293 -1.483648 -0.197678 -0.151642 -2.246510 -1.437199 -1.107057
 50 S  50  0.318343 -0.867799  0.708480  0.038646 -1.426541 -0.268401 -0.109913 -0.176776 -0.978823 -1.730682 -1.729776 -0.259203 -1.080946 -1.956808 -1.224826  1.963028  0.171959 -2.803026 -1.881861 -1.633311
 51 A  51  0.270317 -1.141333 -1.223320 -1.213077 -1.078357 -0.578517 -0.875537 -1.659089 -1.636689 -0.183130 -0.074889 -0.782437  0.142013 -1.077139 -1.510644 -0.023129 -0.253081 -2.212738 -1.290452 -0.047334
 52 F  52 -1.430147 -2.251266 -2.361360 -2.524635 -1.439768 -2.050269 -2.259609 -2.482715 -0.893027  0.258517  0.220848 -2.195580  0.088644  3.225777 -2.894530 -1.655759 -1.384082  0.749073  2.085754 -0.289647
 53 D  53 -1.244719 -0.636054  0.528931  2.540232 -2.527929  0.377983  1.754058 -1.172159 -0.518220 -2.249656 -2.540294  0.102941 -1.799951 -2.063025 -0.980423 -0.029497 -0.628170 -2.675031 -1.822148 -1.976345
 54 L  54 -1.032237 -1.775365 -2.313043 -2.899713 -1.299226 -1.418101 -1.990273 -3.326742 -1.739362  1.336741  2.004457 -1.706115  1.418279  0.085233 -2.534877 -1.607412 -1.032237 -1.663104 -0.251164  0.826092
 55 S  55  1.590073 -1.516610 -1.594278 -1.903389 -0.588255 -1.086558 -1.205457 -1.107026 -1.867915 -0.051682 -0.320227 -1.130569 -0.284464 -1.297200 -1.456995  0.539878  0.005313 -2.383509 -1.287289  0.413160
 56 R  56 -0.210244  0.219326 -1.279493 -2.063753  0.931310 -0.729473 -1.394762 -2.085235 -1.492898 -1.333702 -0.895573 -0.064715 -0.336698 -1.720277 -1.944459 -0.473389 -0.552286 -2.190134 -1.561058 -1.137641
 57 E  57 -1.172342 -0.576734 -0.449122  1.012916 -2.845840  0.631623  2.300067 -1.928075 -0.209756 -2.129608 -2.231769  0.058280 -1.530622 -1.334323 -1.458666 -0.448865 -1.069659 -2.071307 -0.743605 -1.660199
 58 C  58 -0.427925 -2.258377 -2.103085 -2.125680  2.523602 -1.830163 -2.354302 -2.247015 -1.415012 -0.758219 -0.883431 -2.064407 -0.800034 -0.471653 -2.004218 -0.930854 -0.990486 -1.230766  0.161115 -0.658919
 59 L  59 -0.436361 -1.730114 -1.590394 -2.406922 -1.308732 -1.541707 -2.038789 -1.713456 -1.984165  0.276396  0.775521 -1.667078  0.512924 -0.166900 -2.324663 -0.809223 -0.605827 -1.781603 -0.907074  0.054405
 60 G  60 -0.345744 -0.903607 -0.382682 -0.827235 -2.483394 -0.464146 -0.632359  1.340377 -1.366930 -2.519615 -2.165352 -0.771035 -1.497569 -2.166583 -1.493941 -0.155353 -1.263106 -2.157396 -1.973326 -1.969102
 61 Y  61 -1.386148 -1.015755 -1.560542 -2.174749 -1.603695 -0.456197 -1.197612 -2.723645  0.416300 -0.762334 -0.494343 -1.207546 -0.466266  0.557132 -2.408596 -1.458257 -1.399206 -0.308810  2.575588 -0.782170
 62 P  62 -0.938919 -1.118846 -0.753763  0.497201 -2.739200  0.132223  0.498950 -1.313338 -1.200465 -2.692733 -2.703633 -0.245604 -1.729332 -3.116490  2.743233 -0.345141 -0.873693 -3.166688 -2.342411 -1.962208
 63 E  63 -0.797324  0.773753 -0.376941 -1.024396 -2.436212  0.645961  0.323293 -1.907963 -0.345966 -1.999035 -1.665879  1.346079 -0.835078 -2.198900 -0.807025 -0.187336 -0.654692 -2.510777 -1.176135 -1.472837
 64 A  64 -0.114673  0.023231 -0.487488 -0.327817 -2.131060  0.495410  0.925771 -1.608230 -0.282847 -1.649341 -1.522896  0.292437 -0.980313 -2.049090 -1.274399 -0.018756 -0.524043 -2.567364 -1.397204 -1.167023
 65 D  65 -1.034965 -0.334201  0.587520  2.013309 -2.559663  0.326079  1.344605 -0.866283 -0.773849 -2.559776 -2.682480  0.650555 -1.836492 -2.561231 -1.008323  0.322320 -0.482190 -2.966694 -2.186066 -2.158997
 66 F  66 -0.736280 -2.100178 -2.260598 -2.572568 -1.435484 -1.928591 -2.063627 -2.543334 -1.266880  0.352583  0.242808 -1.845919  0.101952  1.870364 -2.639688 -1.316826 -0.731224 -0.867529  0.811469  0.213888
 67 I  67 -0.594534 -1.905112 -1.511856 -1.943898 -1.351454 -1.559829 -1.602402 -2.157309 -1.854147  1.028188  0.501670 -1.675753  0.236387 -0.948812 -2.064922 -0.933387 -0.153876 -2.422187 -1.200681  1.004141
 68 T  68 -0.483151  0.615298  0.031319 -0.766668 -2.113644  0.502320  0.431166 -1.729263 -0.974375 -1.902522 -1.336828  1.329294 -0.789184 -2.278832 -1.194232  0.285033  0.491165 -2.483705 -1.719823 -1.299777
 69 L  69 -0.702884 -1.537526 -2.258438 -3.007893 -1.197555 -1.395468 -2.099168 -2.976793 -2.258233  1.028578  2.097341 -1.238986  1.042574 -0.355540 -2.381509 -1.429981 -0.726210 -1.870263 -0.751906  0.651254
 70 V  70 -0.540269 -2.456591 -2.564696 -2.710270 -1.045460 -1.916319 -2.132850 -3.121666 -2.545521  2.475686  1.329889 -2.059825  0.880868 -0.300180 -2.286739 -1.673125 -0.356908 -2.415852 -0.779080  2.486867
 71 N  71 -1.322703  0.137533  3.098824  0.257487 -2.601683  0.335291  0.136294 -0.404195  0.072461 -2.490871 -2.334631  0.729256 -1.414699 -2.609610 -1.582659  0.640855 -0.348512 -3.200966 -1.797704 -2.234532
 72 N  72 -0.584351 -0.597658  1.879541  0.506236 -2.317264  0.003127  0.624396 -0.195538 -0.302862 -2.348981 -2.375678 -0.212862 -1.600751 -2.177096 -1.424046  1.035435  0.079028 -2.835425 -1.780122 -2.002169
 73 M  73 -0.614366 -1.068014 -1.843048 -2.493636 -0.747337 -0.448048 -1.708305 -2.577820 -1.896441  0.672576  1.202450 -1.035732  2.704705 -0.564814 -1.473130 -0.944589 -0.625306 -1.499962 -1.086941  0.757960
 74 R  74 -0.671859  0.264862  0.347456  0.284935 -2.133086  0.247630  0.396485 -0.698541 -0.591695 -2.085137 -1.932807  0.663320 -1.141582 -2.161824 -1.146637  0.117989 -0.462101 -2.435278 -1.711683 -1.706803
 75 F  75 -1.399461 -2.484045 -2.292173 -2.537709 -1.654651 -2.325793 -2.410651 -2.228027 -1.272797  0.233923  0.033259 -2.367152  0.008280  3.164832 -3.082396 -1.632063 -1.405810  0.144667  1.469230 -0.260949
 76 K  76 -1.184162 -0.374563  0.302242  0.755276 -2.477384  0.629510  0.788828 -1.650634 -0.181064 -1.946208 -1.850619  0.191275 -1.102155 -2.003842 -1.383243 -0.187071 -0.704372 -2.655836 -1.386179 -1.641909
 77 I  77 -0.608999 -2.091896 -2.297694 -2.473151 -1.113658 -1.950987 -1.974866 -3.182214 -2.472188  2.227679  1.371957 -1.807148  0.670746 -0.555210 -2.314593 -1.397882 -0.408064 -2.570742 -1.108939  1.872747
 78 E  78 -0.737346 -0.282788  0.332205  1.024554 -2.390945  0.466204  1.393724 -1.391277 -0.451155 -2.104473 -2.145379  0.435322 -1.261864 -2.257310 -1.126956  0.607654 -0.178689 -2.787713 -1.815280 -1.724968
 79 N  79 -1.174609 -0.659494  2.606832  0.678021 -2.560649 -0.079335 -0.033669  0.518501 -0.034640 -2.657435 -2.716548 -0.488672 -1.828345 -2.396964 -1.629886  0.465730 -0.587657 -2.829561 -1.638585 -2.375334
 80 C  80 -0.207984 -0.528272  0.352432 -1.202738 -0.813036 -0.892678 -1.205151  0.025041 -1.083944 -1.962752 -1.674246 -0.672356 -1.262037 -2.071282 -1.820296  0.131683 -0.391723 -2.388032 -1.711242 -1.656629
 81 K  81 -0.474421  0.306680 -0.006084 -0.850892 -2.130734  0.207904  0.310684 -1.716667 -0.975781 -1.437857 -1.233654  0.981566 -0.718970 -2.173783 -1.372347 -0.042909 -0.109298 -2.716129 -1.648533 -0.906297
 82 V  82 -0.244164 -2.188344 -2.373367 -2.495337 -1.052881 -1.764889 -1.885027 -2.753084 -2.485682  1.846968  0.929245 -1.645238  0.578294 -0.925876 -1.390595 -1.410010 -0.223198 -2.610194 -1.156689  2.087701
 83 V  83 -0.358840 -0.757673 -1.307351 -1.263323 -1.826813 -0.366719  0.100647 -2.219800 -1.560012 -0.098085 -0.289454  0.304974 -0.162918 -1.571664 -1.484821 -0.679073 -0.581989 -2.551092 -1.363072  0.375072
 84 N  84 -1.012096 -0.338546  1.055648  0.644769 -2.347010  0.440579  0.869823 -1.007589 -0.240141 -2.336768 -2.178879  0.202579 -1.338409 -2.081904 -1.385459  0.535099 -0.453706 -1.888769 -1.454026 -2.095829
 85 F  85 -1.455644 -1.988566 -2.139171 -2.438497 -1.705698 -1.854038 -2.100058 -2.570539 -0.766854 -0.152923  0.181438 -1.842437  0.089883  3.273386 -2.986312 -1.374337 -1.455644  0.025132  1.700783 -0.792293
 86 N  86 -1.119204 -0.079784  1.154102  1.528718 -2.717223  0.736356  1.932172 -1.167057 -0.242825 -2.396527 -2.389566  0.861721 -1.528737 -2.434537 -1.029610  0.241981 -0.522104 -2.803903 -1.831001 -1.923146
 87 I  87 -0.671028 -1.227497 -1.601213 -2.514947 -1.137699 -1.402290 -1.898980 -2.619205 -1.747066  1.002682  1.455742 -1.367534  0.688190 -0.304949 -2.243213 -1.262387 -0.716725 -1.904207 -0.624395  0.574796
 88 E  88 -0.331462 -0.383737 -0.001439  0.296754 -2.227404  0.583429  1.304840 -0.799477 -0.526243 -1.899211 -1.708269  0.133957 -1.151649 -1.939948 -1.123652  0.086159 -0.692446 -2.195091 -1.348769 -1.380730
 89 N  89 -0.232987 -0.660713  1.975824  0.441750 -1.644518 -0.218376 -0.086798 -0.097009 -0.415258 -2.014583 -2.080373 -0.284166 -1.369152 -2.152869 -0.880827  1.495960  0.413372 -2.843306 -1.808221 -1.822904
 90 T  90  0.354488 -1.045117 -0.970300 -1.244923 -1.154185 -0.785581 -0.569133 -1.564438 -1.474130 -0.095073 -0.313335 -0.621175 -0.327074 -1.179524 -1.458080  0.075240 -0.071082 -2.342295 -1.290382  0.088680
 91 N  91  0.175284 -0.700272  1.495364 -0.204012 -1.470661 -0.390346 -0.390346  0.145530 -0.592895 -1.821091 -1.865954 -0.390346 -1.234695 -2.066161 -0.827165  1.329926  0.259354 -2.704805 -1.740060 -1.516555
 92 C  92  0.140956 -1.944071 -1.890995 -2.013062  3.105365 -1.695441 -2.115123 -2.076689 -2.101722 -0.271230 -0.288402 -1.722138 -0.371228 -1.386524 -1.750598 -0.361365 -0.495799 -2.008949 -1.475989 -0.240524
 93 L  93 -0.820603 -1.324277 -1.956099 -2.357132 -1.256412 -1.140755 -1.490980 -2.805079 -1.912439  0.723029  1.741557 -1.049558  0.791302 -0.546360 -1.502219 -1.297057 -0.820603 -1.808556 -0.867198  0.312465
 94 N  94 -0.746209 -0.404098  0.997145  0.954978 -1.657555 -0.003950  0.320142 -0.529305 -0.478818 -1.555026 -1.668965 -0.015327 -0.955644 -1.711745 -0.960547  0.414819 -0.178054 -2.222796 -1.499227 -1.398685
 95 N  95 -0.833448 -0.589114  1.578077  0.429852 -1.704403 -0.312862 -0.222776  0.073639 -0.386242 -1.603141 -1.513709 -0.332509 -0.996547 -1.671042 -1.222414  0.366635 -0.369067 -2.188691 -1.461121 -1.545186
 96 P  96 -0.646407 -1.349849 -1.219868 -0.254592 -2.144654 -0.544954 -0.219747 -1.447389 -1.326789 -1.922910 -2.048124 -0.671177 -1.405328 -2.649266  3.602892 -0.593802 -0.714548 -2.840756 -2.059931 -1.303175
 97 S  97 -0.136786 -0.318902  0.829281 -0.417078 -1.352315 -0.296108 -0.241386 -0.880754 -0.751364 -1.315333 -1.306690 -0.070963 -0.920682 -1.820166 -0.706482  0.593959  1.114426 -2.216418 -1.489102 -0.837201
 98 I  98  0.382007 -1.980789 -2.050281 -2.044485 -0.706792 -1.598167 -1.612980 -2.102606 -2.188515  1.629676  0.660325 -1.620598  0.368028 -0.792701 -1.726960 -0.828402 -0.277484 -2.459985 -1.094439  1.789493
 99 E  99 -0.443550  0.006505  0.023218  0.844594 -2.539157  0.922783  2.347260 -1.301187 -0.380394 -2.199940 -2.111582  0.851128 -1.343676 -2.064050 -0.948693  0.506834 -0.545855 -2.423920 -1.562882 -1.636041
100 T 100 -0.113563 -1.070331 -0.622344 -0.513793 -0.764446 -0.479064 -0.604302 -0.806234 -1.474285 -1.031516 -1.244964 -0.549176 -0.730868 -1.769153 -1.291055  0.115878  0.018382 -2.210411 -1.624047 -0.584769
101 I 101 -0.665964 -2.271954 -2.267840 -2.163346 -0.961418 -2.026507 -2.001014 -2.962432 -2.368221  2.583268  1.225248 -1.947873  0.677909 -0.395834 -2.165899 -1.535811 -0.630088 -2.486846 -0.932790  2.248634
102 Y 102 -1.196861 -1.452194 -1.377761 -2.091864 -1.599729 -0.920613 -1.481946 -1.643694  0.533909 -0.836110 -0.751113 -1.250841 -0.690475  1.426307 -2.180549 -1.142431 -1.338127  0.525578  3.322757 -0.793524
103 R 103  0.279405 -0.767645  0.089842 -0.332284 -1.589947 -0.281672 -0.060839  0.804899 -1.024923 -1.923307 -1.847507 -0.429491 -1.036965 -1.846238 -1.094184  1.170222 -0.118015 -2.011386 -1.760661 -1.491847
104 N 104 -1.057753  0.030074  2.705376  0.340870 -2.205798  0.119949  0.329132 -0.395537  0.345959 -2.217706 -2.113186  0.435320 -1.388081 -2.195683 -1.291657  0.693650  0.114503 -2.693147 -1.486255 -1.946129
105 F 105 -0.944285 -2.050774 -1.898406 -2.262038 -1.354037 -1.934076 -2.086291 -2.062899 -1.313013  0.234533  0.375079 -1.934076  0.156465  2.290650 -2.649821 -1.030894 -1.070784 -0.546678  0.780885 -0.298373
106 N 106 -0.954539 -0.136250  1.636233 -0.234005 -1.661732 -0.272528 -0.313988 -0.909879  0.557280 -1.809228 -1.821276 -0.168561 -1.186170 -1.696083 -1.284662  0.166744 -0.284493 -2.490750 -1.046125 -1.673524
107 Q 107 -0.752569  0.013954  0.629754 -0.248297 -1.890204  1.227420  0.477507 -1.258727 -0.415605 -1.876986 -1.555013  0.416665 -0.635004 -2.212345 -0.569606  0.204413 -0.445539 -2.332572 -1.338300 -1.406128
108 F 108 -1.327364 -1.968660 -2.081912 -2.174868 -1.470554 -1.603603 -1.938722 -2.470279 -0.929814  0.227089  0.333238 -1.917601  0.315939  2.721068 -2.672060 -1.437760 -1.304933 -0.040329  1.543345 -0.299501
109 V 109 -0.379965 -2.048246 -2.154755 -2.086342 -1.068096 -1.447576 -1.291702 -2.622181 -2.154755  1.971858  0.961391 -1.535037  0.649839 -0.688131 -1.816468 -1.436504 -0.379965 -2.310629 -0.893174  2.192563
110 S 110 -0.035674 -0.583392 -0.049624 -0.410513 -1.458652 -0.111936  0.221523 -1.126149 -0.711154 -1.184153 -1.276909 -0.159281 -0.838307 -1.444975 -0.879039  0.791664  0.383982 -2.024654 -1.005025 -0.856976
111 I 111 -0.457573 -1.757443 -2.258982 -2.660838 -0.967271 -1.577193 -1.909767 -2.793244 -2.274870  1.671193  1.658712 -1.300064  0.938922 -0.357998 -2.075029 -1.435054 -0.579175 -2.057868 -0.825305  1.537212
112 F 112 -1.530338 -1.926049 -2.121666 -2.301612 -1.725956 -1.941721 -2.023858 -2.436093 -0.659345 -0.228874 -0.204410 -1.632622 -0.143273  3.647737 -2.917404 -1.469202 -1.530338  0.376622  2.190042 -0.783530
113 N 113 -1.174695 -0.484249  3.030907  0.227015 -1.355971 -0.337343 -0.284372 -0.571430  0.080109 -1.739189 -1.877754 -0.378544 -1.276973 -2.086951 -1.654166  0.613177 -0.116612 -2.923660 -1.550674 -1.767270
114 V 114 -0.230203 -1.885876 -1.855500 -2.108179 -0.499286 -1.726550 -1.864992 -2.289788 -1.918320  1.117525  0.658484 -1.726550  0.280594  0.093113 -2.001280 -0.761459 -0.065343 -1.720023 -0.591785  0.943187
115 V 115 -0.855303 -1.907662 -2.344052 -2.780442 -0.928139 -1.834826 -2.271215 -2.905778 -2.050475  1.592633  2.069068 -1.834826  1.070952  0.807893 -2.418004 -1.562701 -0.855303 -1.320509 -0.194197  0.956955
116 T 116  0.218297 -1.106404 -0.478091 -0.713487 -1.048756 -0.433704 -0.206664 -1.223841 -1.276052 -0.281081 -0.669590 -0.570504 -0.236264 -1.301091 -1.106416  0.867057  0.586365 -2.170710 -1.313438  0.013008
117 D 117 -0.810395 -0.937283  0.715189  1.725637 -1.315667 -0.084495  0.781982 -1.019338 -0.620791 -1.981204 -2.254279 -0.398689 -1.640462 -2.145675 -1.064972  0.367962  0.013054 -2.647271 -1.858175 -1.714945
118 V 118  0.217613 -1.392367 -1.937970 -2.130172 -0.924352 -1.317162 -1.393822 -2.069320 -1.949997  1.199587  0.395791 -0.993772  0.289990 -0.795064 -1.653534 -0.999117 -0.363741 -2.285024 -0.956348  1.524164
119 K 119 -0.509167  0.168981 -0.899291 -1.356506 -1.642088  0.005639 -0.208002 -1.799259 -1.097607 -0.703283 -0.386136  1.017240 -0.105386 -1.202296 -1.271659 -0.599535 -0.617805 -1.884706 -0.962681 -0.315486
120 K 120 -0.652252  0.746943 -0.001359 -0.154765 -2.055535  1.085986  0.900403 -1.411677 -0.446993 -1.768083 -1.261235  0.870885 -0.603245 -1.926561 -1.070445  0.035041 -0.569475 -2.082057 -1.315556 -1.468461
121 R 121 -0.023960  0.128626  0.090236 -0.715098 -1.413850  0.083024 -0.196033 -0.719709 -0.709126 -1.321384 -1.158234  0.139539 -0.548973 -1.690509 -0.718139  0.509425 -0.226067 -2.133153 -1.371340 -1.091591
122 L 122 -0.631411 -1.539552 -1.801411 -1.988259 -0.854323 -1.342318 -1.669212 -2.412130 -1.822842  1.406944  1.307200 -1.450956  0.650417 -0.399352 -1.196432 -1.167131 -0.577833 -1.770310 -0.810720  0.998445
123 F 123 -0.614797  0.150817 -0.288393 -0.324991 -1.767150  0.285575  0.399031 -1.120921 -0.413522 -1.558559 -1.362649  0.254663 -0.786410 -1.351311  0.325084 -0.227273 -0.558613 -1.666432 -0.987713 -1.257308
124 E 124 -0.471527 -0.163397 -0.000200  0.584842 -1.089257  0.216568  0.805089 -0.928979 -0.542655 -1.263358 -1.255006  0.530540 -0.850627 -1.409832 -0.595381  0.101204 -0.041704 -1.562147 -1.136337 -0.908514
125 N 125 -0.684976 -0.358111  1.426848  0.924243 -1.351410  0.048125  0.372909 -0.313009  0.510155 -1.432863 -1.559161 -0.171528 -1.046368 -1.294276 -0.769709  0.540393 -0.183431 -1.783007 -0.874711 -1.408800
126 A 126 -0.134557 -0.148901  0.442159 -0.136664 -0.911423 -0.025804  0.140029 -0.363548 -0.307210 -0.804631 -0.666240  0.088603 -0.484277 -0.962083 -0.625346  0.214667 -0.028979 -1.229483 -0.780772 -0.631231
127 S 127 -0.235755 -0.455565 -0.319702 -0.259511 -0.877552  0.068275 -0.001376 -0.563791 -0.432327 -0.635533 -0.648653 -0.254920 -0.332019 -0.574785 -0.050760  0.090233 -0.273006 -0.925727 -0.499503 -0.518388
128 G 128  0.272071 -0.641545 -0.236143 -0.542875 -0.745273 -0.600343 -0.646603  1.130584 -0.757087 -0.936247 -0.843728 -0.600343 -0.675776 -0.878779 -0.687804  0.141567 -0.443600 -0.862512 -0.925039 -0.693954
129 N 129 -0.319252 -0.232962  0.386423 -0.481915 -0.679777 -0.238182 -0.396723 -0.527629 -0.027619 -0.444857 -0.284966 -0.288839 -0.269371 -0.355253 -0.779725 -0.113962 -0.227823 -0.750295  0.008104 -0.469229
130 G 130 -0.027440 -0.667265 -0.331469 -0.568465 -0.652240 -0.578007 -0.624072  0.637672 -0.713331 -0.422444 -0.471578 -0.578007 -0.372778 -0.624800 -0.642698 -0.158894 -0.372050 -0.704517 -0.670865 -0.225571
131 S 131  0.104720 -0.303921 -0.165925 -0.321211 -0.528549  0.099472 -0.149677 -0.129384 -0.346725 -0.581503 -0.492245 -0.201684 -0.158443 -0.334212 -0.510072  0.343866 -0.148388 -0.627383 -0.350352 -0.476642
132 G 132 -0.052837 -0.535052 -0.270324 -0.493252 -0.734310 -0.418160 -0.488792  0.394959 -0.149216 -0.834446 -0.834446 -0.507418 -0.638696 -0.488081 -0.238919 -0.148129 -0.445206 -0.504863 -0.097252 -0.611622
133 G 133 -0.229635 -0.477950 -0.423415 -0.651609 -0.669560 -0.518049 -0.588682  0.047947 -0.553713 -0.435314 -0.247789 -0.333010 -0.231493 -0.060660 -0.756645 -0.250271 -0.459578 -0.454273 -0.292880 -0.418914
134 G 134 -0.162763 -0.260551  0.046065  0.016276 -0.779981 -0.239053 -0.146922  0.395313 -0.495666 -0.900183 -0.875615 -0.002587 -0.638716 -0.849263 -0.426383  0.069282 -0.010689 -0.775127 -0.778631 -0.640066
135 L 135 -0.122488 -0.618481 -0.508728 -0.703004 -0.309818 -0.547848 -0.625426 -0.864612 -0.742124  0.429994  0.354066 -0.547848  0.154000 -0.233396 -0.696059 -0.057644  0.107839 -0.805812 -0.426517  0.282939
136 N 136 -0.365509 -0.208041  0.727678 -0.059636 -0.698371  0.022480 -0.115716 -0.369260 -0.105896 -0.398219 -0.490718 -0.161782 -0.273399 -0.675348 -0.596594  0.194686 -0.069088 -1.031601 -0.504289 -0.421436
137 D 137 -0.103710 -0.549004  0.051855  0.971391 -0.717557 -0.162763  0.223477  0.083272 -0.426517 -0.834255 -1.027376 -0.355884 -0.788190 -0.858823 -0.355884  0.070633 -0.285251 -1.076510 -0.858823 -0.717557
138 I 138 -0.240536 -0.858823 -0.929455 -1.000088 -0.309818 -0.789540 -0.860173 -1.169991 -0.929455  1.028726  0.691620 -0.789540  0.380451 -0.069282 -0.860173 -0.619637 -0.240536 -0.858823 -0.309818  0.857472
139 F 139 -0.225789 -0.348082 -0.232734 -0.206817 -0.553035 -0.206817  0.005082 -0.604695 -0.308274 -0.327246 -0.327246 -0.277449 -0.256613  0.022875 -0.496293 -0.039808  0.350950 -0.365015 -0.139227 -0.218844
140 E 140  0.089605 -0.070633 -0.141265  0.244586 -0.771703  0.315219  0.893996 -0.385852 -0.141265 -0.649410 -0.649410  0.122293 -0.456484 -0.720043 -0.263559  0.070633 -0.192926 -0.790676 -0.527117 -0.385852
141 A 141  0.311663 -0.009646 -0.084523 -0.224439 -0.278480 -0.008296 -0.008296 -0.138565 -0.295071 -0.426691 -0.357408  0.268834 -0.217493 -0.504269 -0.217493  0.360109  0.001350 -0.652479 -0.434986 -0.279830
142 Q 142 -0.217493  0.494622  0.000000 -0.138565 -0.652479  0.810336  0.296422 -0.434986  0.000000 -0.652479 -0.434986  0.286775 -0.069282 -0.652479 -0.286775 -0.069282 -0.217493 -0.504269 -0.286775 -0.504269
143 K 143 -0.217493  0.642833  0.000000 -0.286775 -0.652479  0.217493  0.148211 -0.434986 -0.148211 -0.652479 -0.434986  0.879619 -0.217493 -0.652479 -0.286775 -0.069282 -0.217493 -0.652479 -0.434986 -0.504269
144 I 144 -0.146860 -0.652479 -0.652479 -0.652479 -0.217493 -0.581847 -0.581847 -0.799340 -0.652479  0.799340  0.364354 -0.581847  0.217493 -0.070633 -0.581847 -0.434986 -0.146860 -0.652479 -0.217493  0.723112
145 E 145 -0.006945 -0.070633  0.070633  0.155156 -0.380945  0.155156  0.387891 -0.155156 -0.070633 -0.374000 -0.374000  0.077578 -0.225789 -0.374000 -0.148211  0.282531 -0.006945 -0.444632 -0.296422 -0.296422
146 W 146 -0.374000 -0.374000 -0.451578 -0.522211 -0.296422 -0.225789 -0.374000 -0.367054 -0.013891 -0.303367 -0.225789 -0.374000 -0.148211  0.289476 -0.522211 -0.374000 -0.296422  0.994625  0.649585 -0.303367
147 H 147 -0.296422 -0.141265 -0.063687 -0.289476 -0.374000 -0.070633 -0.141265 -0.367054  0.761890 -0.303367 -0.303367 -0.218844 -0.225789  0.134320 -0.367054 -0.218844 -0.296422 -0.013891  0.649585 -0.303367
148 E 148 -0.148211  0.000000  0.000000  0.296422 -0.592843  0.296422  0.741054 -0.296422  0.000000 -0.444632 -0.444632  0.148211 -0.296422 -0.444632 -0.148211  0.000000 -0.148211 -0.444632 -0.296422 -0.296422
