
Last position-specific scoring matrix computed, weighted observed percentages rounded down, information per position, and relative weight of gapless real matches to pseudocounts
           A  R  N  D  C  Q  E  G  H  I  L  K  M  F  P  S  T  W  Y  V   A   R   N   D   C   Q   E   G   H   I   L   K   M   F   P   S   T   W   Y   V
    1 Y   -2 -2 -3 -4 -3 -2 -3 -4  2 -2 -1 -2 -1  3 -4 -2 -2  2  7 -2    0   0   0   0   0   0   0   0   4   0   0   0   0   9   0   0   0   0  87   0  1.15 0.09
    2 P   -2 -3 -3 -2 -4 -2 -2 -3 -3 -4 -4 -2 -3 -5  8 -1 -2 -5 -4 -3    0   0   0   0   0   0   0   0   0   0   0   0   0   0  97   3   0   0   0   0  2.31 0.16
    3 S    1 -2 -1 -2 -2 -1 -2 -2 -2  1  0 -1 -1 -2  4  1  1 -3 -2  0   13   0   2   0   0   0   0   0   0  14  13   0   0   0  28  20   7   0   0   4  0.37 0.05
    4 K   -1  1 -1 -1 -4  3  2 -2 -1 -3 -3  5 -2 -4 -2 -1 -1 -3 -2 -3    0   0   0   0   0  14  18   0   0   0   0  69   0   0   0   0   0   0   0   0  0.68 0.10
    5 P   -2 -3 -3 -2 -4 -2 -2 -3 -3 -4 -4 -2 -3 -5  8 -2 -2 -5 -4 -3    0   0   0   0   0   0   0   0   0   0   0   0   0   0 100   0   0   0   0   0  2.40 0.17
    6 D    0 -1  0  3 -3  1  4 -2 -1 -1 -2  0  0 -3 -2  0  1 -3 -2  0    6   0   1  17   0   5  42   0   0   0   0   3   4   0   0   0   9   0   0  12  0.35 0.06
    7 N    1 -2  3 -1 -2 -1 -1 -1  1 -2 -2 -1 -2  0  1  1  0 -1  4 -2   17   0  21   0   0   0   0   0   2   2   0   0   0   0   6  17   4   0  31   0  0.31 0.07
    8 P   -2 -3 -3 -2 -4 -2 -2 -3 -3 -4 -4 -2 -3 -5  8 -2 -2 -5 -4 -3    0   0   0   0   0   0   0   0   0   0   0   0   0   0 100   0   0   0   0   0  2.40 0.17
    9 G    0  1 -1 -2 -3 -2 -2  6 -2 -4 -4 -1 -3 -4 -1  0 -2 -3 -3 -3    4  10   0   0   0   0   0  79   0   0   0   0   0   0   2   5   0   0   0   0  0.93 0.10
   10 E   -1 -1  0  5 -4  1  3 -1 -1 -4 -4  0 -3 -4  1  0 -1 -4 -3 -3    2   0   2  45   0   2  33   4   0   0   0   0   0   0   6   8   0   0   0   0  0.64 0.08
   11 D   -1 -2  3  5 -4 -1  0  1  0 -4 -4 -1 -3 -3 -2 -1 -1 -4  0 -3    2   0  18  62   0   0   0  10   3   0   0   0   0   0   0   0   0   0   4   0  0.74 0.09
   12 A    5 -2 -2 -2 -1 -1  0  0 -2 -2 -2 -1 -2 -3 -2  0 -1 -3 -2  0   89   0   0   0   0   0   4   3   0   0   0   0   0   0   0   0   0   0   0   4  0.60 0.11
   13 P    0 -2 -1 -1 -2 -1 -1 -1 -2 -2 -2 -1 -2 -1  5  2  2 -3 -2 -2    3   0   0   0   0   0   0   4   0   0   0   0   0   5  33  32  24   0   0   0  0.62 0.08
   14 A    1 -3 -3 -2 -2 -2 -2 -2 -3 -1  0 -2 -1 -3  6 -1 -1 -4 -3  1   19   0   0   0   0   0   0   0   0   0  10   0   0   0  56   0   0   0   0  15  1.00 0.09
   15 E   -1 -1 -1  2 -4  2  6 -3 -1 -4 -4  0 -3 -4 -2 -1 -2 -4 -3 -3    3   0   0   4   0   3  89   0   0   0   0   0   0   0   0   0   0   0   0   0  0.98 0.13
   16 D   -1 -1  0  4 -4  3  4 -2 -1 -4 -3  0 -2 -4 -2 -1 -1 -4 -3 -3    5   0   0  34   0  21  40   0   0   0   0   0   0   0   0   0   0   0   0   0  0.68 0.09
   17 L   -2 -3 -4 -4 -2 -2 -3 -3 -3  1  4 -3  5  0 -3 -3 -2  4 -1  0    0   0   0   0   0   0   0   2   0   2  58   0  28   0   0   0   0   8   0   2  0.54 0.09
   18 A    4 -2 -1 -2 -1 -1 -1 -1 -2  0 -1 -1 -1 -2 -2  2  0 -3 -2  0   66   0   3   0   0   0   0   0   0   7   3   0   0   0   0  17   0   0   0   4  0.38 0.08
   19 R   -1  4 -1 -1 -4  3  1 -2  1 -3 -3  3 -2 -3 -2  0 -1 -3 -2 -3    0  34   0   0   0  24   5   0   4   0   0  30   0   0   0   3   0   0   0   0  0.57 0.08
   20 Y   -3 -3 -3 -4  1 -2 -3 -4  1 -2 -2 -3 -2  4 -4 -3 -2  1  8 -2    0   0   0   0   5   0   0   0   0   0   0   0   0  14   0   0   0   0  81   0  1.23 0.15
   21 Y    0 -2 -2 -3 -3  0 -1 -3  3 -1 -1 -1  1  2 -3 -1 -2  1  6 -1   13   0   0   0   0   3   4   0   9   0   3   2   6   6   0   0   0   0  54   2  0.55 0.09
   22 S    3 -2  1  1 -1 -1 -1 -1 -2 -2 -2 -1 -1 -3 -1  2  2 -3 -2 -1   41   0   7   7   0   0   0   0   0   0   3   0   0   0   0  22  20   0   0   0  0.31 0.06
   23 A    3 -1  0  2 -2  0  1 -1 -1 -2 -2  0 -2 -2 -1  1  0 -3  0 -1   45   0   4  13   0   4  11   0   0   0   0   3   0   0   0  15   0   0   5   0  0.28 0.06
   24 L   -2 -3 -4 -4 -2 -2 -3 -4 -3  1  4 -3  2  0  0 -3 -1 -2 -2  2    0   0   0   0   0   0   0   0   0   3  73   0   5   0   5   0   0   0   0  14  0.50 0.08
   25 R   -2  6 -1 -2  1  2  0 -3 -1 -4 -3  1 -2 -4 -3 -1 -2 -3 -2 -3    0  82   0   0   4  14   0   0   0   0   0   0   0   0   0   0   0   0   0   0  0.96 0.13
   26 H   -2  2  0 -2 -4  3  0 -3  8 -4 -3  0 -2 -2 -3 -1 -2 -3  0 -4    0  14   3   0   0  16   0   0  63   0   0   4   0   0   0   0   0   0   0   0  0.93 0.13
   27 Y   -2 -3 -3 -4 -3 -2 -3 -4  1 -2 -2 -3 -2  2 -4 -1 -2  1  8 -2    0   0   0   0   0   0   0   0   0   0   0   0   0   0   0   4   0   0  96   0  1.44 0.17
   28 I   -2 -3 -4 -4 -2 -3 -4 -4 -4  4  3 -3  1  0 -3 -3 -1 -3 -2  2    0   0   0   0   0   0   0   0   0  59  33   0   0   0   0   0   0   0   0   8  0.54 0.08
   29 N   -2 -1  7  1 -4 -1 -1 -1  0 -4 -4 -1 -3 -4 -3  0 -1 -5 -3 -4    0   0 100   0   0   0   0   0   0   0   0   0   0   0   0   0   0   0   0   0  1.28 0.16
   30 L   -2 -3 -3 -4 -2 -2 -3 -4 -3  1  4 -3  3  0 -3 -2  0 -2 -2  2    0   0   0   0   0   0   0   0   0   0  65   0  14   0   0   0   4   0   0  18  0.47 0.08
   31 I   -1 -3 -4 -4 -1 -3 -3 -4 -4  4  2 -3  1 -1 -3 -2 -1 -3 -2  3    3   0   0   0   0   0   0   0   0  38  18   0   0   0   0   0   0   0   0  41  0.44 0.07
   32 T   -1 -2 -1 -2 -2 -1 -2 -2 -2 -2 -2 -1 -1 -3 -2  1  6 -3 -2 -1    0   0   0   0   0   0   0   0   0   0   0   0   0   0   0   0  97   0   0   0  0.87 0.15
   33 R   -2  7 -1 -2 -4  0 -1 -3 -1 -4 -3  1 -2 -4 -3 -2 -2 -4 -3 -3    0 100   0   0   0   0   0   0   0   0   0   0   0   0   0   0   0   0   0   0  1.25 0.15
   34 Q   -2  0 -1 -1 -4  6  1 -3  2 -4 -3  0 -2 -4  4 -1 -2 -3 -2 -3    0   0   0   0   0  64   0   0   7   0   0   0   0   0  29   0   0   0   0   0  0.95 0.13
   35 R   -2  7 -1 -2 -4  0 -1 -3 -1 -4 -3  1 -2 -3 -3 -2 -2  3 -2 -3    0  94   0   0   0   0   0   0   0   0   0   0   0   0   0   0   0   6   0   0  1.13 0.13
   36 Y   -3 -3 -3 -4 -3 -2 -3 -4  1 -2 -1 -3 -2  3 -4 -3 -2  5  8 -2    0   0   0   0   0   0   0   0   0   0   3   0   0   7   0   0   0   7  84   0  1.25 0.13
   37 G    0 -3 -1 -2 -3 -2 -3  6 -3 -4 -4 -2 -3 -4 -3 -1 -2 -3 -4 -4    0   0   0   0   0   0   0 100   0   0   0   0   0   0   0   0   0   0   0   0  1.30 0.09

                      K         Lambda
Standard Ungapped    0.1374     0.3154
Standard Gapped      0.0410     0.2670
PSI Ungapped         0.1592     0.3166
PSI Gapped           0.0487     0.2670
