  108         A         R         N         D         C         Q         E         G         H         I         L         K         M         F         P         S         T         W         Y         V    
  1 G   1  0.000000 -0.148522  0.000000 -0.074261 -0.222783 -0.148522 -0.148522  0.445565 -0.148522 -0.297044 -0.297044 -0.148522 -0.222783 -0.222783 -0.148522  0.000000 -0.148522 -0.148522 -0.222783 -0.222783
  2 G   2  0.234495 -0.759398 -0.105947 -0.461043 -1.050220 -0.751865 -0.751865  2.085373 -0.816139 -1.462057 -1.462057 -0.751865 -1.106961 -1.171235 -0.759398  0.086875 -0.687591 -0.887947 -1.171235 -1.057754
  3 A   3  1.202579 -0.533274 -0.842039 -0.898444 -0.130780 -0.489961 -0.532944 -0.263089 -0.874660 -0.180107 -0.212378 -0.506251 -0.245393 -0.712641 -0.519298  0.190164 -0.020155 -1.186967 -0.739472  0.135459
  4 M   4 -0.371171 -0.986114 -1.094793 -1.313975 -0.532724 -0.823022 -1.035689 -1.482479 -0.945631  0.876329  0.690153 -0.890534  0.489580  0.028940 -1.159769 -0.713267 -0.389601 -0.885983 -0.066885  0.709208
  5 S   5 -0.597860 -0.827995 -0.720558 -1.142648 -0.777127 -0.451655 -0.794305 -1.185934  0.324025 -0.339589 -0.281946 -0.750912 -0.294742  0.732467 -1.183118 -0.472247 -0.530064  0.219821  1.890472 -0.356348
  6 E   6 -0.491496 -0.708396 -0.829315 -0.775524 -0.795182 -0.451990 -0.524379 -1.403645 -0.988157  0.135559  0.690177 -0.582728  0.262918 -0.453377 -0.973231 -0.575910 -0.426836 -1.115328 -0.659087 -0.079897
  7 E   7 -0.102534 -0.045952 -0.019694  0.040056 -0.601677  0.263629  0.326752 -0.388712 -0.202221 -0.608554 -0.545049  0.151484 -0.289615 -0.664908 -0.237134  0.189296 -0.085360 -0.748783 -0.486664 -0.456059
  8 E   8 -1.143777 -1.117537  0.487185  3.117955 -1.937026  0.069242  1.196898 -0.761066 -0.670002 -1.847532 -2.324580 -0.518569 -1.698040 -1.873810 -0.745434  0.018343 -0.540815 -2.436773 -1.817011 -1.770614
  9 Q   9  0.137058 -0.377163 -0.062101 -0.514168 -1.524526  0.277875 -0.113662  0.345978 -0.583548 -1.835993 -1.634110 -0.187266 -0.952311 -1.650961 -1.033965  0.478966 -0.511572 -1.698733 -1.158563 -1.366546
 10 G  10  0.093355 -1.168694  0.104984 -0.448857 -1.952214 -1.024987 -0.927683  2.782614 -1.235708 -2.478944 -2.499597 -1.053271 -1.851337 -2.104497 -1.208631  0.163920 -1.013732 -1.788757 -1.996145 -1.844025
 11 S  11 -0.803147 -1.373114 -1.640903 -2.074528 -1.088128 -1.193425 -1.585252 -2.232717 -1.156296  0.353927  0.598191 -1.258055  0.455691  0.697164 -1.998918 -1.012836 -0.813278 -0.850569  0.353714  0.061520
 12 G  12 -0.494638 -0.372129  0.212237  1.168475 -2.257247  0.603013  1.712887 -0.904486 -0.496189 -2.018253 -2.088407  0.215587 -1.414275 -2.134306 -0.782180  0.178835 -0.432872 -2.394217 -1.660547 -1.489134
 13 T  13  0.433844 -0.818930 -0.855527 -1.156449 -0.993089 -0.620025 -0.626746 -1.175805 -1.305099 -0.622096 -0.721138 -0.547247 -0.521727 -1.291739 -0.813641  0.104251  0.331512 -2.021489 -1.229793 -0.169942
 14 T  14  1.074612 -1.381521 -1.573909 -1.680677 -0.199202 -1.100842 -1.133252 -1.270558 -1.786762  0.240126 -0.254772 -1.098602 -0.226818 -1.266499 -1.106096 -0.196252  0.288447 -2.189362 -1.267934  0.844545
 15 T  15 -0.577896  1.134775 -0.261390 -1.001150 -1.933102  0.444229  0.176617 -1.506119 -0.357536 -1.702062 -1.207213  0.900888 -0.586928 -1.766402 -1.256174 -0.248956 -0.473946 -1.988077 -1.155576 -1.415323
 16 G  16 -0.296240  0.283282  0.087116 -0.155425 -1.902332  0.388767  0.459694 -0.906714 -0.521742 -1.955576 -1.743622  0.530424 -1.060572 -2.099288 -0.746547  0.201853 -0.389778 -2.328402 -1.521683 -1.516574
 17 C  17 -0.943969 -1.833380 -1.855531 -2.131851 -1.173055 -1.576788 -1.789924 -2.214800 -1.215368  0.190625  0.182280 -1.688908  0.118885  1.335255 -2.176363 -1.129512 -0.817040 -0.377398  0.518492 -0.077972
 18 G  18 -0.486640 -1.911528 -1.994638 -2.225059 -0.986209 -1.610246 -1.790656 -2.424950 -1.893975  1.509866  0.850701 -1.603695  0.575887 -0.140744 -1.794736 -1.197798 -0.513704 -1.892039 -0.523948  1.420063
 19 L  19 -0.515981 -0.888754 -1.055555 -1.218015 -1.411311 -0.550227 -0.624268 -1.913227 -1.078761 -0.259253  0.065652 -0.744961 -0.028016 -1.002270 -1.558240 -0.642502 -0.468562 -1.945307 -0.975370 -0.242470
 20 P  20 -0.606940  0.347916 -0.335929 -0.473060 -2.187805  0.216914  0.255548 -1.282036 -0.727375 -2.159555 -1.894487  0.525991 -1.155089 -2.442197  0.646729 -0.199093 -0.489368 -2.566090 -1.777429 -1.650809
 21 S  21 -0.692620 -0.604925 -1.059081 -1.809698 -1.461024 -0.672604 -1.045414 -2.081286 -0.577606 -0.329760  0.048406 -0.693211  0.016739 -0.554378 -1.803734 -0.756441 -0.663172 -1.464937 -0.278399 -0.423543
 22 I  22 -0.939027 -1.999936 -2.382097 -2.685698 -1.103766 -1.746460 -2.165112 -2.713438 -1.917690  1.073910  1.130889 -1.893561  0.697445  0.514623 -2.404546 -1.553159 -0.855601 -0.349521 -0.047553  0.686670
 23 E  23 -0.542327 -0.476508 -0.177585  0.341967 -2.235068  0.321634  0.896814 -1.101940 -0.674551 -1.945501 -1.881507  0.108412 -1.211077 -1.806984 -0.793850 -0.010702 -0.569167 -2.276099 -1.402770 -1.466452
 24 Q  24 -0.592225 -0.240747  0.049235  0.329836 -2.264510  0.337928  0.758363 -1.201318 -0.708293 -2.154312 -2.043175  0.439471 -1.288689 -2.373258 -0.114339  0.208103 -0.354802 -2.694095 -1.805059 -1.639197
 25 M  25 -0.332470 -0.827437 -1.176592 -1.533373 -1.416253 -0.744995 -0.910549 -1.979780 -1.368517 -0.051380 -0.051064 -0.612718  0.025679 -1.098796 -1.651621 -0.579400 -0.416349 -2.198836 -1.086650  0.040674
 26 L  26 -0.464677 -1.273824 -1.303081 -1.403994 -1.335314 -0.883691 -0.998729 -2.131062 -1.638789  0.181547  0.144791 -0.939958  0.195729 -1.048075 -1.433499 -0.627155 -0.541796 -2.217811 -1.203432  0.158639
 27 A  27  0.007740 -0.759507 -0.484143 -0.241375 -1.738122 -0.198908  0.088228 -1.202668 -1.143391 -1.525158 -1.461294 -0.287404 -0.935927 -2.010366 -0.261755  0.273569 -0.133494 -2.606692 -1.749901 -1.080245
 28 A  28 -0.407434 -0.784586  0.180802 -0.245289 -1.923661 -0.310920 -0.111552 -0.539233 -0.766713 -1.640868 -1.612710 -0.456391 -1.094917 -1.713961 -1.386552  0.130145 -0.445814 -2.344299 -1.388563 -1.307043
 29 N  29 -0.373448 -0.619638 -0.011051 -0.195173 -1.905544 -0.210344  0.008169 -0.799420 -0.965692 -1.712258 -1.689368 -0.310338 -1.140700 -2.109327 -0.782142  0.137566 -0.289488 -2.577525 -1.757332 -1.311129
 30 P  30 -0.303253 -0.740383 -0.523502 -0.719342 -1.811420 -0.193608 -0.215498 -1.384493 -0.652598 -1.498349 -1.379037 -0.340062 -0.881651 -1.823259 -0.468881 -0.032756 -0.381797 -2.374834 -1.292335 -1.103060
 31 G  31 -0.567314 -0.861356 -0.456067 -0.791566 -2.125950 -0.448572 -0.440780 -0.467567 -0.966330 -1.629727 -1.528485 -0.650387 -1.007264 -1.546892 -1.256304 -0.300136 -0.753663 -2.160732 -1.354891 -1.268968
 32 K  32 -0.832412  0.735444 -0.582053 -1.386718 -2.094838  0.238884 -0.115313 -1.929635 -0.894350 -1.507767 -0.908410  1.671027 -0.261416 -1.779884 -1.477942 -0.483997 -0.822671 -2.270980 -1.249330 -1.099345
 33 T  33 -1.664929 -1.303929  2.075874  3.645005 -2.683293 -0.087179  1.089640 -0.785901 -0.391390 -2.714892 -3.299606 -0.693742 -2.407365 -2.733598 -1.215893  0.443405 -0.223256 -3.632981 -2.437789 -2.635151
 34 P  34 -0.812561 -1.867163 -1.876171 -1.846199 -2.132549 -1.080900 -1.363758 -1.983264 -0.518292 -1.894926 -1.851069 -1.446634 -1.335889 -0.594263  1.027106 -0.979348 -1.189747 -0.875892  0.807109 -1.455156
 35 I  35 -0.816432  0.423785 -0.900316 -1.607234 -2.308508 -0.076020 -0.120337 -2.426615 -1.605725 -0.992608 -0.866827  2.544512 -0.294972 -2.170412 -1.440699 -0.565664 -0.712281 -2.904193 -1.675399 -0.312376
 36 S  36  0.298413 -1.089255  0.143168 -0.752063 -0.844575 -0.697625 -0.805111 -0.754950 -1.657286 -1.551802 -1.530779 -0.758558 -1.064244 -2.068315 -1.166609  1.630008  2.565933 -2.314085 -2.025322 -0.914520
 37 L  37 -0.262833 -0.212070 -1.075864 -1.643322 -1.792045 -0.139152 -0.582167 -1.808564 -1.369205 -0.935654 -0.522281 -0.299113 -0.208288 -1.667014 -1.829120 -0.375705 -0.491996 -2.222819 -1.409178 -0.716483
 38 L  38 -0.966375 -2.056240 -2.969105 -3.881971 -0.986504 -2.011104 -2.928542 -3.892135 -2.925760  1.991169  3.708319 -2.013122  1.882512  0.081809 -2.947660 -1.976177 -0.968929 -1.966995 -0.906238  1.091602
 39 Q  39 -1.087024  0.444769  0.156106 -0.411077 -2.713555  3.386531  1.088291 -1.943764 -0.059631 -2.327276 -1.514579  0.444786 -0.004851 -2.466673 -1.344340 -0.161632 -0.917896 -2.112395 -0.949408 -1.667612
 40 E  40 -0.965611 -0.051394  0.008151  1.846792 -3.809766  1.866000  4.525942 -1.908976 -0.064031 -2.872703 -2.882164  0.891109 -1.901052 -2.917056 -1.027132 -0.001558 -0.959649 -2.961159 -1.956438 -1.935128
 41 Y  41 -1.485272 -2.057113 -2.549844 -3.180927 -1.417472 -1.608745 -2.371931 -3.074249 -1.065284  0.178037  0.670291 -2.031431  0.362829  1.003224 -2.973153 -1.887925 -1.372075  0.828616  1.545575 -0.190250
 42 G  42  0.683068 -1.714865 -1.884647 -2.329037  0.009459 -1.363339 -1.800617 -1.725256 -2.256496  0.123723  0.247867 -1.516527  0.060399 -1.306016 -1.871261 -0.302805 -0.006940 -2.375832 -1.487832  0.412658
 43 T  43 -0.372837  0.491856 -0.323265 -0.638408 -2.322648  2.856817  0.908401 -1.777622 -0.237132 -2.162065 -1.507296  0.382610 -0.135384 -2.458815 -1.199104  0.011844 -0.622923 -2.189861 -1.102678 -1.401669
 44 R  44 -0.200232  1.131419 -0.277295 -1.085108 -2.357853  0.455776  0.280305 -1.065427 -0.662078 -2.439947 -1.910424  1.623727 -1.074516 -2.341722 -1.395241  0.145017 -0.755724 -2.620894 -1.620740 -1.854032
 45 I  45 -1.090088  0.667541  0.527349 -0.807323 -2.460999  0.339993 -0.013089 -1.669101  0.227880 -2.039800 -1.569676  0.438783 -0.883132 -1.929710 -1.780114 -0.281608 -0.701400 -2.574145 -1.131576 -1.871388
 46 G  46 -0.651864 -0.197208  0.144238 -0.891963 -2.685824 -0.348950 -0.514706  1.107934 -0.849992 -3.002479 -2.600185  0.220959 -1.686328 -2.445296 -1.740081 -0.039306 -1.246958 -2.058031 -1.897841 -2.392315
 47 K  47 -0.756726 -1.033418 -1.362778 -1.741777 -1.866581 -0.722084 -0.965208 -2.319954 -1.585390 -0.594271 -0.283797 -0.592203 -0.077539 -1.350934 -0.996548 -0.798526 -0.725231 -2.363744 -1.301893 -0.444466
 48 T  48 -0.309025 -1.144366 -1.142546 -1.361556 -1.737304 -0.568068 -0.674817 -2.005095 -1.655271 -0.803662 -0.556240 -0.761419 -0.388779 -1.859357 -0.609422 -0.305676  0.132662 -2.634449 -1.673434 -0.406386
 49 P  49 -0.707296 -2.168270 -2.235230 -1.718970 -1.865258 -1.439512 -1.532671 -2.407765 -2.082593 -1.038107 -1.406602 -1.462087 -0.993359 -2.662264  3.301646 -1.211057 -0.870541 -3.426321 -2.165093 -0.458111
 50 V  50 -0.563734 -0.459006 -0.381285 -0.248257 -2.259665  0.264238  0.786823 -1.866465 -0.889514 -1.327390 -1.498559 -0.029709 -0.868061 -2.155528 -1.368101 -0.032037 -0.046180 -2.763771 -1.646084 -0.788565
 51 Y  51 -1.933030 -2.111523 -2.117297 -2.948414 -1.975424 -1.261109 -2.101874 -2.951515  1.505710 -0.855485 -0.865485 -2.101874 -0.860837  3.251991 -2.995421 -1.955353 -1.956126  1.740585  6.229781 -0.975035
 52 D  52 -0.745482  0.426811 -0.199583 -0.302619 -2.561394  0.587893  1.071460 -1.931283 -0.599098 -1.825339 -1.721936  0.719807 -1.010461 -2.309968 -1.420826 -0.235242 -0.335885 -2.743516 -1.597431 -1.259061
 53 L  53 -0.651626 -2.102528 -2.411287 -2.695159 -1.100392 -1.601056 -1.922488 -3.197596 -2.518951  1.646428  1.699959 -1.743528  1.027903 -0.651545 -2.193873 -1.548472 -0.530437 -2.398043 -1.088429  1.519499
 54 L  54 -0.438518 -2.183632 -2.270647 -2.524050 -1.044881 -1.751503 -1.862933 -3.045796 -2.503892  1.815208  1.125260 -1.772799  0.654314 -0.836082 -2.216702 -1.320194 -0.039602 -2.604134 -1.157927  1.886402
 55 K  55 -0.349247 -0.262693  0.404518  0.612914 -2.385034  0.421939  0.967066 -0.641347 -0.691242 -2.534989 -2.449257  0.371906 -1.556951 -2.547289 -1.178769  0.760144 -0.341821 -2.922723 -2.026659 -2.015322
 56 A  56 -0.620566  0.044426 -0.375663  0.154844 -2.653669  0.998622  1.733909 -1.904299 -0.660912 -1.828388 -1.833010  0.337763 -1.016404 -2.330608 -1.339651 -0.100868 -0.450722 -2.703946 -1.636765 -1.218208
 57 E  57 -0.325000 -0.270592  0.100487 -0.093562 -2.061631  0.360135  0.793334 -1.340601 -0.743495 -1.985708 -1.868440  0.293865 -1.128962 -2.161943 -1.252778  0.898203  0.272619 -2.644300 -1.670039 -1.516603
 58 G  58 -0.059440 -1.868022 -0.017663 -0.940070 -2.905894 -1.844696 -1.845563  5.374786 -1.939251 -3.773956 -3.763453 -1.821358 -2.811029 -2.913410 -1.921285 -0.007120 -1.804807 -2.034773 -2.892177 -2.823266
 59 Q  59 -0.768405 -1.431514 -1.425749 -0.717830 -2.772250 -0.427904 -0.350123 -1.765252 -1.588484 -2.585579 -2.494616 -0.639476 -1.591046 -3.326281  4.061734 -0.679693 -0.885600 -3.496193 -2.507060 -1.744137
 60 A  60  0.098931 -1.355234 -0.490665  1.146575 -2.061332 -0.319290  0.502378 -0.965947 -1.197589 -2.186137 -2.523472 -0.737228 -1.832415 -2.670398  0.320291  0.320622 -0.523347 -3.386308 -2.337822 -1.653215
 61 H  61 -1.865747 -0.079069  1.006666 -0.988330 -2.901962 -0.078845 -0.135916 -1.745229  6.751446 -2.868126 -2.849435 -0.953634 -1.908692 -1.098263 -1.896295 -0.889367 -1.800458 -1.991674  1.612481 -2.827114
 62 Q  62 -0.441157 -0.481606  0.620587  0.885523 -2.095150  0.298278  0.748549 -1.094866 -0.580755 -2.224279 -2.265431 -0.125044 -1.401677 -2.480740 -1.218777  0.320199 -0.548260 -3.123303 -1.965061 -1.829278
 63 P  63 -0.890118  1.021711 -0.490166 -0.979206 -2.754322  0.863144  0.325592 -1.887801 -0.952342 -2.789637 -2.143892  1.959002 -1.089573 -3.074846  0.851612 -0.359022 -0.894969 -3.016746 -2.022756 -2.017586
 64 N  64 -0.641103 -0.251994 -0.530938 -1.094479 -1.875842 -0.068403 -0.038974 -2.191196 -1.123405 -0.907470 -0.885015 -0.101223 -0.425548 -1.844465 -1.600325 -0.258645  0.431311 -2.452945 -1.472035 -0.464902
 65 F  65 -1.949402 -2.904133 -2.903362 -2.958594 -1.894887 -2.848902 -2.911757 -2.963658 -0.863459 -0.037262 -0.044337 -2.902221 -0.038328  5.662002 -3.878785 -1.955211 -1.955884  0.984916  3.090951 -0.963658
 66 T  66 -0.549270 -0.807415 -0.782424 -1.213521 -1.771551 -0.406207 -0.350962 -2.237662 -1.255713 -0.773749 -0.915116 -0.473693 -0.550601 -1.545433 -1.575741 -0.189257  1.143964 -2.033439 -1.181703 -0.162837
 67 F  67 -0.016413 -2.292828 -2.356792 -2.637735 -0.572545 -1.720275 -2.033629 -2.609574 -2.107496  1.340899  0.439950 -1.895190  0.605745 -0.277552 -2.173395 -1.080396 -0.216516 -2.049816 -0.352425  1.671244
 68 R  68 -0.219032  0.125843 -0.273693 -0.382849 -2.114113  0.737415  1.003927 -1.511058 -0.775163 -2.050352 -1.812998  0.309820 -1.056739 -2.395953 -1.355474  0.211974 -0.242692 -2.683925 -1.729629 -1.432617
 69 V  69  0.279653 -2.693548 -2.881855 -2.982674  1.243580 -2.124077 -2.436627 -2.799482 -2.860710  1.614179  0.638738 -2.129465  0.438916 -1.166606 -2.231597 -1.466849 -0.330697 -2.651376 -1.263831  2.167289
 70 T  70 -0.512073 -0.406847 -0.787294 -1.443364 -1.762165 -0.325944 -0.589469 -2.040567 -1.091211 -1.027745 -0.868905 -0.014612 -0.448810 -1.306306 -1.769929 -0.041234 -0.003455 -2.080623 -0.934339 -0.745611
 71 V  71 -0.393001 -2.628983 -2.846114 -3.072856 -0.704241 -2.173232 -2.445108 -3.220776 -2.790236  2.430990  1.557144 -2.217139  0.993739 -0.470267 -2.477987 -1.758649 -0.576600 -2.492302 -0.931711  2.417451
 72 G  72 -0.664886 -1.021157  0.971081  0.573683 -2.736633 -0.410366  0.042320  1.203653 -0.869189 -3.024479 -3.055716 -0.597308 -2.133707 -2.779827 -1.303359  0.354733 -0.950539 -2.885966 -2.354908 -2.473406
 73 D  73 -0.805149 -1.011191  0.816944  1.016590 -2.910527 -0.395310  0.303405  1.322500 -1.066157 -3.138127 -3.219951 -0.439777 -2.285199 -2.870007 -1.469888  0.248899 -0.981533 -2.910343 -2.534457 -2.543077
 74 T  74 -0.905606 -0.370630 -1.250186 -1.712473 -2.074272 -0.191747 -0.488736 -2.572809 -1.011676 -0.560935 -0.408209 -0.097123 -0.120745 -1.105416 -1.994472 -0.951952 -0.826132 -2.223910 -0.774544 -0.374327
 75 S  75 -0.697533 -1.146459 -1.198911 -1.569270 -1.807199 -0.634128 -0.686351 -2.315760 -1.219058 -0.542157 -0.629976 -0.775350 -0.359274 -0.943739 -1.669868 -0.513971 -0.080723 -1.721185 -0.485177 -0.249964
 76 C  76  0.305251 -1.765562 -1.241917 -1.534505 -1.484437 -1.491118 -1.446956  0.723283 -1.622559 -1.849218 -1.916581 -1.615422 -1.460411 -1.105549 -1.628979 -0.187734 -0.892558 -1.820415 -1.292896 -1.310847
 77 T  77 -0.558329 -0.472053 -0.576322 -0.765029 -2.150881  0.003257  0.222851 -1.991776 -0.955432 -1.281404 -1.369560 -0.185148 -0.790504 -2.006278 -0.967518 -0.052986  0.212455 -2.614838 -1.479238 -0.779242
 78 G  78  0.810464 -1.800326 -0.478337 -1.241011 -2.260333 -1.759734 -1.767538  4.445544 -2.008309 -3.207336 -3.235561 -1.771249 -2.463050 -2.736285 -1.792605  0.188462 -1.519627 -2.230015 -2.733528 -2.227545
 79 Q  79 -0.371171 -0.694537 -0.620553 -0.788943 -1.839929 -0.004154  0.204867 -1.915369 -1.202283 -1.153435 -1.250989 -0.145229 -0.691987 -1.829057 -1.475325  0.195839  0.480881 -2.287863 -1.382128 -0.592260
 80 G  80  0.551364 -1.824761 -0.254537 -1.065764 -2.550971 -1.784861 -1.763439  4.953532 -1.962335 -3.527581 -3.532011 -1.802823 -2.675196 -2.841384 -1.830026  0.189115 -1.646393 -2.169208 -2.831523 -2.547681
 81 P  81 -0.578763  0.737028  0.165235 -1.068102 -2.355273  0.004243 -0.248969 -1.119042 -0.411068 -2.515028 -2.099781  0.906058 -1.278556 -2.442491 -0.706294  0.238560 -0.284103 -2.774722 -1.649251 -2.046886
 82 S  82  0.413846 -0.819997  1.283174 -0.160364 -1.218754 -0.211999 -0.244977 -0.332267 -0.973770 -1.944220 -1.916447 -0.171275 -1.092332 -2.120210 -1.154676  2.871004  1.453523 -2.879318 -1.995422 -1.740139
 83 K  83 -0.898534  2.132356 -0.184533 -1.284621 -2.752126  0.739266  0.551018 -2.023343 -0.945180 -2.569281 -1.717973  3.841038 -0.859336 -2.773086 -1.257986 -0.236582 -0.918226 -2.925938 -1.915252 -1.852179
 84 K  84 -0.926961  2.415750 -0.015186 -1.130395 -2.901743  1.134748  0.798131 -1.909511 -0.733969 -2.913920 -1.952676  4.017125 -0.929340 -2.916200 -1.177365 -0.168547 -0.969227 -2.882678 -1.903388 -2.131517
 85 A  85 -0.480890 -0.330924 -0.613098 -0.133752 -2.460626  0.662734  1.291924 -1.913197 -0.901588 -1.529377 -1.394571  0.348732 -0.806216 -2.160346 -1.395300 -0.188256 -0.657359 -2.721214 -1.626037 -0.978842
 86 A  86  3.551905 -1.030471 -1.711699 -1.807317 -0.167896 -0.957923 -0.957923  0.151155 -1.902935 -1.091299 -1.112298 -0.957923 -1.019361 -1.974873 -1.022652  1.110381  0.000270 -2.904857 -1.977554 -0.182807
 87 K  87 -0.934247  0.686510 -0.001690  0.865581 -3.493981  1.838925  3.383981 -1.917040 -0.222571 -2.910693 -2.554797  1.988494 -1.511375 -2.902727 -1.009794  0.000153 -0.957397 -2.846623 -1.850481 -1.968726
 88 H  88 -0.978076  1.023551  0.057401 -0.423504 -2.775296  3.275487  1.296637 -1.924918  0.541893 -2.685463 -1.886468  0.928409 -0.301676 -2.586873 -1.211508 -0.108866 -0.905673 -2.142517 -0.904976 -1.957867
 89 K  89 -0.534345 -0.059545  0.386303 -0.223242 -2.246011  0.494173  0.520660 -1.487053 -0.255621 -1.831843 -1.580816  0.182175 -0.814308 -2.181268 -1.494949  0.048620 -0.604814 -2.807214 -1.519129 -1.457278
 90 A  90  3.733048 -1.012134 -1.899661 -1.922276  0.051662 -0.990225 -1.000556 -0.027632 -1.944891 -0.969841 -0.985401 -0.990225 -0.965813 -1.938589 -1.004354  0.963382  0.008019 -2.892548 -1.938589 -0.023846
 91 A  91  3.833539 -0.970455 -1.908268 -1.921755 -0.013487 -0.964787 -0.964787 -0.015638 -1.935242 -0.976123 -0.976123 -0.964787 -0.970455 -1.940910 -0.970455  0.987458  0.044764 -2.903545 -1.940910 -0.011335
 92 E  92 -0.537484  0.724970 -0.275537 -0.499201 -2.513379  1.026947  1.046097 -1.663417 -0.456977 -2.294449 -1.790377  1.244470 -0.936062 -2.281129 -1.334485 -0.040436 -0.713494 -2.466867 -1.358848 -1.691618
 93 V  93 -0.300218 -0.040443 -0.143948 -0.691589 -2.020896  0.250980  0.240726 -1.599089 -0.831016 -1.571945 -1.258336  0.504782 -0.698207 -2.069875 -1.492348 -0.044758 -0.576091 -2.736113 -1.572687 -1.147623
 94 A  94  2.087267 -1.285191 -2.018328 -2.281925 -0.351048 -1.076262 -1.431753 -1.086026 -2.074458 -0.102878  0.007189 -1.212864  0.249666 -1.253802 -1.452425  0.136411 -0.141013 -2.424777 -1.536743  0.472023
 95 L  95 -1.111947 -2.092579 -2.818327 -3.558232 -0.981446 -1.881904 -2.734154 -3.521736 -2.400942  1.482383  2.594272 -2.051514  1.446372  0.311202 -2.871355 -1.908067 -1.044249 -0.870860 -0.185130  0.792901
 96 K  96 -0.600313  0.319673 -0.076700  0.166676 -2.559212  0.880448  1.443583 -1.628179 -0.558026 -2.118933 -1.860146  0.816613 -1.100858 -2.379250 -1.263612  0.018677 -0.571703 -2.713528 -1.709176 -1.573269
 97 H  97 -0.437531  0.257375 -0.558416 -1.051906 -2.059756  0.360293  0.200000 -1.798733 -0.819127 -1.428831 -1.113601  0.756415 -0.574223 -1.843210 -1.459830 -0.270224 -0.545097 -2.336747 -1.201528 -0.969342
 98 L  98 -0.862142 -1.847035 -2.508054 -3.197477 -0.885614 -1.784544 -2.504699 -3.356332 -2.471345  1.915377  2.886640 -1.836538  1.617135  0.034913 -2.525982 -1.655077 -0.809830 -1.773304 -0.796029  1.149686
 99 K  99 -0.611081  0.387030 -0.169009 -0.531891 -1.839535  0.489731  0.442936 -1.254732 -0.369782 -1.565999 -1.246742  0.842696 -0.634598 -1.677578 -1.119278 -0.139614 -0.575811 -1.953797 -1.133580 -1.194585
100 G 100 -0.215148  0.025091  0.410033 -0.133004 -1.670640  0.064035  0.215611 -0.032195 -0.455194 -1.758383 -1.617823  0.418297 -1.053360 -1.717417 -0.941561  0.218659 -0.504773 -1.895388 -1.289072 -1.350541
101 G 101 -0.421469 -0.124456  0.156159  0.178809 -1.500083  0.266770  0.655082 -0.714328 -0.410404 -1.239387 -1.102197  0.228365 -0.699511 -1.397938 -0.814235  0.090872 -0.303358 -1.651629 -1.097495 -0.967248
102 S 102 -0.068217 -0.447285  0.054259 -0.233401 -0.973818 -0.196304 -0.183894 -0.205964 -0.373902 -1.038434 -1.009783 -0.268732 -0.685410 -1.126953  0.073622  0.208128 -0.132369 -1.340824 -0.864036 -0.792659
103 M 103 -0.082609 -0.434367 -0.446863 -0.517765 -0.592582 -0.270802 -0.312256 -0.656944 -0.575231 -0.251543 -0.219067 -0.246242 -0.138339 -0.655210  0.102054 -0.138084 -0.139665 -0.957376 -0.577706 -0.125919
104 L 104 -0.180463 -0.416865 -0.437408 -0.488482 -0.534718 -0.271396 -0.336598 -0.695513 -0.533083 -0.141309 -0.063705 -0.287870 -0.059333 -0.446128 -0.048940 -0.239712 -0.155869 -0.767622 -0.447500 -0.094858
105 E 105 -0.152146  0.036317 -0.064477 -0.042275 -0.607818  0.210836  0.281319 -0.444360 -0.164226 -0.514207 -0.419222  0.266899 -0.240228 -0.561879 -0.233750  0.036528 -0.068360 -0.631192 -0.383892 -0.359339
106 P 106 -0.192575 -0.257913 -0.173753  0.093890 -0.526279 -0.042062  0.063794 -0.327748 -0.268795 -0.505274 -0.522664 -0.086446 -0.354091 -0.621782  0.633220 -0.086411 -0.088164 -0.645784 -0.482376 -0.355983
107 A 107  0.153508 -0.087424 -0.051071  0.016550 -0.254518  0.074942  0.121050 -0.083679 -0.136582 -0.311889 -0.306060 -0.034214 -0.196299 -0.357480 -0.158873  0.149140 -0.037968 -0.431025 -0.286049 -0.210176
108 L 108 -0.044701 -0.141268 -0.172775 -0.204282 -0.059643 -0.120171 -0.157832 -0.217476 -0.172775  0.154462  0.155049 -0.126326  0.109613 -0.014942 -0.157832 -0.113132 -0.044701 -0.141268 -0.059643  0.130858
