
Last position-specific scoring matrix computed, weighted observed percentages rounded down, information per position, and relative weight of gapless real matches to pseudocounts
           A  R  N  D  C  Q  E  G  H  I  L  K  M  F  P  S  T  W  Y  V   A   R   N   D   C   Q   E   G   H   I   L   K   M   F   P   S   T   W   Y   V
    1 E   -5 -5 -2  8 -7 -4 -1 -5 -5 -7 -7 -4 -7 -7 -5 -4 -5 -8 -7 -7    0   0   0  98   0   0   2   0   0   0   0   0   0   0   0   0   0   0   0   0  2.68 0.76
    2 F   -4 -6 -3 -7 -6 -6 -6 -3  2 -4 -1 -6 -3  9 -5 -6 -5 -3  0 -3    1   0   1   0   0   0   0   2   5   0   3   0   0  84   1   0   0   0   1   1  2.26 0.69
    3 G   -2 -5 -2 -4 -5 -5 -5  7 -5 -6 -6 -4 -5 -6 -5 -2 -2 -5 -6 -6    2   0   1   0   0   0   0  90   0   0   0   0   0   0   0   2   3   0   0   0  2.07 0.64
    4 E   -1 -2  1  4 -5  0  3 -3 -3 -5 -4  2 -4 -5  2  1  0 -5 -4 -4    5   0   5  22   0   3  24   0   0   0   1  12   0   0  11  12   4   0   0   0  0.60 0.31
    5 E    0 -1  3  2 -2  0  3 -1  1 -5 -5  2 -3 -5 -3  2  0 -5 -2 -4    6   1  19  11   1   1  20   4   3   0   0  12   0   0   0  18   4   0   1   0  0.47 0.27
    6 M   -6 -6 -6 -7 -6 -6 -6 -7  4 -4 -2 -6  1  9 -7 -6 -6  0  1 -4    0   0   0   0   0   0   0   0  10   0   2   0   3  82   0   0   0   1   2   0  2.40 0.74
    7 V   -1 -2 -1 -1 -2 -1  1 -4 -2  2 -1  0 -2  0 -3 -1  3 -4 -1  2    4   2   2   2   0   2  11   0   0  14   3   5   0   4   0   3  27   0   2  18  0.29 0.24
    8 L   -3 -6 -6 -6  3 -5 -6 -4 -6  4  0 -5 -2 -4 -5 -3 -2 -6 -4  6    0   0   0   0   7   0   0   1   0  21   6   0   0   0   0   2   1   0   0  63  1.31 0.53
    9 T   -1  0  0  0 -2  0  0 -2 -1  1  0 -1  0  1 -3  0  1  0  2  1    4   5   5   5   0   4   7   2   1   8  11   3   2   6   0   6  10   1  10  11  0.05 0.07
   10 D   -5 -5  1  8 -7 -4 -1 -2 -5 -7 -7 -1 -6 -7 -5 -2 -3 -8 -7 -7    0   0   5  84   0   0   2   2   0   0   0   3   0   0   0   2   1   0   0   0  2.13 0.73
   11 S    0  0 -1 -3 -3  1 -1 -1 -3  0 -3  1 -3 -4  4  2  2 -4 -4 -1    9   3   2   0   0   6   3   4   0   6   1  10   0   0  22  15  12   0   0   5  0.38 0.23
   12 N   -2 -3  4  5 -5 -3 -2 -2 -3 -1 -5 -1 -4 -5 -4  0  4 -6 -5 -2    2   0  22  34   0   0   0   3   0   4   0   4   0   0   0   4  25   0   0   2  0.86 0.44
   13 G   -3 -5 -1  0 -6 -4  1  7 -5 -7 -6 -4 -6 -1 -5 -3 -5 -6 -5 -6    0   0   3   5   0   0   8  80   0   0   0   0   0   4   0   0   0   0   0   0  1.72 0.62
   14 E    0  0 -2  0 -6 -1  6 -3 -3 -5 -5  0 -4 -5 -4  0 -2 -5 -1 -3    7   4   1   3   0   1  65   2   0   0   0   4   0   0   0   7   2   0   2   2  1.10 0.52
   15 Q    0 -1  1  2 -4  2  3 -3  1 -2 -3  0 -3 -4  3 -1  0 -5 -4 -1    7   3   7   9   0  12  26   0   3   2   1   6   0   0  13   1   6   0   0   5  0.42 0.26
   16 P   -1 -5 -5 -5  4 -4 -3 -4 -5 -1 -3  0  1 -6  7 -2  1 -6 -3 -2    4   0   0   0   8   0   1   1   0   3   2   5   4   0  59   1   8   0   1   3  1.47 0.61
   17 L   -1  1 -1 -2 -1  0 -1 -2  0  0  2  1  0  0  0  0 -1 -3 -1  1    4   9   2   0   1   4   2   3   3   4  22  12   2   5   4   8   2   0   2  13  0.08 0.11
   18 S   -1  0  0 -1 -1  1  2 -1 -1 -2 -2  0 -1 -4  0  3  2 -4 -3 -1    2   3   4   2   1   6  12   3   1   1   3   5   1   0   4  31  15   0   0   3  0.30 0.23
   19 A    1 -2 -1 -2  3 -2 -2  3  0  0 -1 -1 -2  0 -1  0  0 -2  2  1   11   2   2   1   7   0   1  23   3   7   4   3   0   5   3   4   5   0   8  10  0.16 0.14
   20 M    0 -2 -1 -2 -2 -1 -2 -3 -1  3  2 -2  4  1 -1 -2  0 -3 -2  1    6   1   4   2   0   4   1   1   1  22  16   2  15   7   3   2   5   0   0   8  0.23 0.16
   21 V   -1 -4 -4 -4 -3 -4 -4 -4 -4  6  0 -4  1 -2 -4 -3 -2 -4 -3  4    4   0   0   1   0   0   1   1   0  48   5   1   4   0   0   1   1   0   0  33  0.98 0.37
   22 S    1  0  0  0 -3  1  2 -1 -2 -2 -3  1 -2 -2 -2  2  2 -3 -3  0   16   4   4   3   0   5  13   3   0   0   1   8   0   2   0  20  13   0   0   7  0.23 0.17
   23 M    0  0  1  3 -3  0  0  1  2 -3 -3  1  0 -2 -2  2 -1 -3 -1 -2    8   4   7  19   0   3   6  11   6   0   1   7   3   2   0  20   0   0   2   2  0.27 0.17
   24 V   -1 -4 -5 -5 -3 -4 -4 -5 -5  6  0 -4  2 -2 -4 -4 -3 -4 -3  3    4   0   0   0   0   0   0   1   0  59   6   0   4   0   0   0   0   0   0  22  1.11 0.41
   25 T    0  0  0  0 -2  0  1 -1 -2 -1 -1  0 -2  0 -2  2  2  2 -2  0    6   4   5   5   0   4   9   4   0   4   6   4   0   4   0  19  16   3   0   7  0.13 0.17
   26 K    0  2  1  0 -3  2  0  0  1  0 -1  2 -2 -3  0  0  0 -3  0 -2    6  10   8   4   0  12   5   5   4   8   4  15   0   0   5   4   5   0   3   0  0.14 0.16
   27 D   -1 -3  2  5  0 -2  2  1 -3 -4 -5 -1 -4 -5 -1  1  0 -5 -4 -3    5   0   9  38   2   0  13  11   0   0   0   3   0   0   2   9   5   0   0   2  0.64 0.38
   28 N   -1 -1  3  1  0  0  2  0 -2 -2 -2  1 -2 -2  0  1  0 -3 -1 -2    5   2  17   5   2   2  15   5   0   2   2  11   0   2   4  13   6   0   2   3  0.21 0.17
   29 P   -1 -2  1  1 -3  1  2 -2  0 -2 -3  0 -3 -4  4  0  0 -4 -3 -2    5   1   7   6   0   7  18   3   2   2   1   5   0   1  25   5   7   0   0   3  0.46 0.27
   30 G    2 -4  0 -3 -1 -4 -4  6 -4 -5 -2 -4 -4 -5 -2 -1 -2 -5 -5 -2   14   0   5   1   1   0   0  62   0   0   5   0   0   0   2   3   2   0   0   3  1.10 0.49
   31 V   -3 -3 -3 -3 -1 -1 -1 -5 -4  3  2  0  0 -1 -4 -3  1 -4 -3  4    0   0   1   1   1   3   4   0   0  20  16   6   2   2   0   0  10   0   0  33  0.48 0.30
   32 V   -3 -5 -5 -6 -4 -2 -5 -6 -5  2  1 -5  0 -3 -2 -4 -2 -5 -4  6    0   0   0   0   0   2   0   0   0   9  13   0   2   0   2   0   2   0   0  68  1.29 0.57
   33 T    0 -2 -1 -4 -2 -1 -2 -3  2 -2 -3 -1 -3 -4 -4  2  6 -5  0 -3    6   2   2   0   1   2   2   1   5   2   2   3   1   1   0  13  55   0   3   1  0.94 0.53
   34 C    0 -4 -4 -5  6 -4 -4 -5 -4  1  2 -4  1  2 -4 -3  2 -4 -1  2    8   0   0   0  21   0   0   0   0   8  16   0   3   8   0   1  16   0   2  15  0.66 0.36
   35 L   -1  1 -2 -1 -2 -1 -1 -2  2  1  2 -1  1  0 -3  0 -1 -3  0  1    4  10   1   4   1   2   4   2   6   8  26   2   3   3   0  10   3   0   4   9  0.12 0.13
   36 D   -2 -1  0  4 -4 -2  3  0 -3 -1 -3  0 -3 -1  1 -2  1 -4 -2 -3    2   2   3  29   0   0  24   6   0   5   1   4   0   3   7   1   9   0   2   1  0.52 0.31
   37 E   -1 -1  2  3 -4  0  4  1 -2 -4 -4  0 -4 -2 -1  0 -1 -4 -2 -4    3   3  11  20   0   3  27  12   0   0   1   5   0   2   3   5   4   0   1   0  0.50 0.30
   38 A    1  0  1 -1 -2  2  1 -1  2 -1 -3  1 -1 -2 -1  0  2 -4 -3 -2   10   3   7   3   1  12  10   5   5   4   2  10   1   2   2   5  18   0   0   2  0.20 0.19
   39 R    0  5  0 -2 -4 -1 -2 -1  1 -3 -2  1 -1  1  2 -1 -1 -4 -1 -3    8  36   4   2   0   1   1   4   3   1   4   9   2   6   9   3   3   0   1   1  0.46 0.31
   40 H   -4 -3 -4 -5  0 -2 -2 -6 10 -3 -1 -5 -3 -5 -4 -2 -2 -6  0 -3    1   1   0   0   2   1   2   0  73   1   6   0   1   0   1   4   2   0   2   2  2.37 0.87
   41 G   -1 -2  2  0 -2  0  2  5 -1 -5 -3 -1 -4 -3  1 -1 -2 -5 -1 -4    2   2  10   5   1   3  13  40   1   0   3   4   0   1   7   3   2   0   2   0  0.57 0.33
   42 F   -4 -5 -5 -6  2 -1 -5 -6 -4 -1  3 -5  1  5 -3 -4 -2  2  3 -1    0   0   0   0   4   4   0   0   0   1  36   0   3  31   1   0   2   2  11   4  0.89 0.41
   43 E    0 -1 -1 -1 -2  3  4 -2 -1 -3 -2 -1 -2 -3  0  1  0 -4 -1 -1    6   3   2   2   1  14  35   2   1   1   3   2   1   1   5   8   5   0   3   5  0.39 0.26
   44 T   -3 -1  1  5 -4 -2  1 -2 -3 -1 -2 -1 -3 -1 -1  0  2 -5 -4 -1    0   3   6  39   0   0   9   2   0   3   4   3   0   3   2   5  16   0   0   5  0.55 0.31
   45 G   -3 -4  2 -1 -5 -4 -2  6 -4 -5 -5 -2 -5 -5 -4 -1 -4 -5 -1 -4    0   0   9   3   0   0   2  72   0   0   0   2   0   0   0   5   0   0   2   1  1.42 0.53
   46 D   -1 -3  1  7  0  1  1 -2 -2 -5 -5 -3 -2 -5 -4 -1 -2 -6 -5 -5    5   1   6  63   2   6   6   2   1   0   0   0   1   0   0   4   2   0   0   0  1.24 0.50
   47 F   -2  0 -3 -2 -2 -1 -1 -4  1  1  0  0 -1  2 -2 -1 -1  2  4  2    0   4   0   3   1   2   5   0   4   7  10   7   1   8   1   4   3   3  20  18  0.25 0.19
   48 V   -2 -4 -4 -5 -3 -4 -4 -2 -5  4 -1 -4 -2 -3 -4 -4 -1 -5 -3  6    3   0   0   0   0   0   1   3   0  24   3   0   0   0   0   1   3   0   0  60  1.12 0.46
   49 S   -1  1 -1 -1 -1  0  1 -1 -2  0 -1  2  0  0 -2  0  3 -3  0  0    2   9   1   2   1   4   8   3   0   5   3  14   2   4   0   6  24   0   3   7  0.17 0.16
   50 F   -4 -5 -6 -6  1 -6 -6 -6 -5  3  1 -6 -2  8 -6 -5 -4 -3 -1  0    0   0   0   0   4   0   0   0   0  17  13   0   0  61   0   0   0   0   0   4  1.54 0.57
   51 S    1  1 -1 -1 -2  0  0 -2 -1 -2 -3  1 -3 -4 -3  4  3 -4 -3 -2   10   6   2   2   1   3   4   1   1   2   1   9   0   0   0  39  16   0   0   1  0.48 0.31
   52 E    0 -2  1  1 -5 -1  5  2  2 -5 -5 -2 -4 -5 -4 -1 -2 -5 -4 -5    8   1   5   7   0   0  48  19   5   0   0   1   0   0   0   4   1   0   0   0  0.84 0.42
   53 V   -3 -4 -5 -5  0 -4 -4 -5 -4  3  1 -3  0 -1 -2 -4 -3  3  0  5    0   0   0   0   2   0   0   0   0  17  13   2   2   2   2   0   0   4   3  52  0.84 0.39
   54 Q   -1  0  1  1 -4  4  3 -1  1 -2 -3  1 -3 -4 -3 -1  0 -4 -3 -1    4   3   6   7   0  23  26   4   3   2   2   8   0   0   0   4   5   0   0   5  0.44 0.28
   55 G   -1 -4 -1 -1 -5 -4 -2  7 -4 -6 -6 -4 -5 -5 -4 -1 -1 -5 -5 -5    4   0   3   3   0   0   3  77   0   0   0   0   0   0   0   4   4   0   0   0  1.53 0.57
   56 M   -1 -3 -4 -1 -3  0 -3 -2 -3  0  2 -3  7  0  0 -3 -1 -3  0  0    5   0   0   4   0   5   0   3   0   4  17   0  39   4   4   1   3   0   2   6  0.68 0.38
   57 I   -1 -1 -1  1 -1  0  1 -1 -1  0 -1  0  1 -2  2  0  2 -3  0  0    3   1   2   7   2   3   9   3   1   6   5   5   6   0  12   8  16   0   4   4  0.14 0.13
   58 Q    0 -1  0 -1 -1  2  4  0 -2 -3 -2  0  0  0 -2  1 -1 -3 -1 -2    7   1   3   2   1  10  30   9   0   0   4   4   3   4   1  14   2   0   2   2  0.28 0.22
   59 L   -1 -3 -3 -1 -3  1 -3 -4 -3  1  4 -2  0  1 -4 -1 -2 -3 -2  0    6   0   0   4   0   8   0   0   0   6  53   3   2   6   0   6   0   0   0   5  0.49 0.30
   60 N   -4 -3  7  0 -5  1 -1 -3 -2 -2 -3 -3 -4 -4 -4 -2  0 -5  0 -3    0   0  67   4   0   6   2   0   0   2   3   0   0   0   0   0   6   0   4   2  1.36 0.58
   61 G   -2 -2  3  4 -5 -2  0  4  0 -4 -2 -1 -4 -5 -2 -1 -1 -5 -3 -4    1   1  14  23   0   1   6  34   2   1   4   4   0   0   2   3   3   0   1   0  0.65 0.37
   62 C   -1  0  1 -1  5  0 -1  2 -1 -1 -2 -1 -1 -2 -2  1  2 -3 -1 -1    3   7   6   2  15   5   2  15   1   5   4   3   1   1   1   9  15   0   2   3  0.23 0.18
   63 Q    0  1  0  0 -3  3  3 -1 -1 -4 -3  3 -2 -4  0  0  0 -4 -3 -2    8   6   3   5   1  15  17   5   1   0   1  21   1   0   4   5   5   0   0   3  0.36 0.26
   64 P   -2 -4 -4 -3 -1 -1  0 -3 -4  1 -1 -3 -3 -1  6 -1  1 -4 -2 -1    3   0   0   1   1   2   6   1   0   7   7   1   0   3  45   3  11   0   2   4  0.90 0.44
   65 M   -3  3 -4 -3 -2  1 -3 -5  2 -1 -1 -1  0  6 -5 -3 -1 -1  3 -1    1  19   0   1   1   7   1   0   5   4   4   3   2  33   0   1   3   1  11   4  0.72 0.42
   66 E   -2  1 -1 -3 -5  2  1 -3 -3 -2 -3  5 -3 -5  2 -2  1 -5 -4  0    2   5   2   0   0   7   9   1   0   2   2  40   0   0  12   2   9   0   0   7  0.62 0.41
   67 I   -3 -5 -3 -5 -4 -2 -5 -6 -5  6 -1 -4 -2 -2 -5 -3 -2 -1 -3  5    1   0   1   0   0   2   0   0   0  44   1   1   0   1   0   1   2   1   1  41  1.22 0.57
   68 K   -2  2  0 -2  1  0  1 -4  1 -3 -3  4 -2 -5 -3 -1  3 -5 -4 -3    2   9   3   2   3   3  10   0   3   1   2  30   1   0   0   3  25   0   0   1  0.55 0.38
   69 V   -1 -3  2 -1  0 -3 -1 -4 -4  1 -2 -1 -2 -4 -3 -1  0 -5 -1  5    3   1  12   4   2   0   3   1   0   7   1   5   0   0   1   3   5   0   2  50  0.63 0.42
   70 L   -1  0 -2 -2  0  0 -2 -3 -2  3  2  1  0 -1 -2 -2  1 -3 -1  1    3   4   1   1   2   4   1   1   1  20  22  12   2   1   2   1  10   0   2  11  0.21 0.20
   71 G   -2 -1  3  2 -4 -2 -1  4 -2 -5 -5  1 -4 -5 -2  3  0 -5 -4 -4    0   3  12  11   0   1   3  28   1   0   0   9   0   0   1  23   6   0   0   0  0.59 0.37
   72 P    1 -2 -2  1 -5 -2 -2 -3 -1 -5 -5  1 -5 -6  7  0 -2 -6 -4 -3   11   2   2   8   0   2   2   2   2   0   0   8   0   0  50   7   2   0   1   2  1.16 0.55
   73 Y   -3  0  3 -1  0 -1 -2 -1  4 -4 -3 -3 -2  3 -4  0 -1  0  6 -3    0   5  14   3   2   2   2   4  11   0   1   1   0  15   0   7   4   1  27   1  0.66 0.39
   74 T    0  1 -2 -2  1  0  0 -3 -2 -2 -4  1 -2 -5 -4  4  4 -5 -4 -2    6   6   1   1   3   3   6   1   1   2   0   7   1   0   0  32  29   0   0   2  0.58 0.42
   75 F   -5 -5 -6 -6 -5 -5 -6 -6 -5  0  2 -2  0  8 -6 -5 -5 -3  1  0    0   0   0   0   0   0   0   0   0   4  18   3   2  64   0   0   0   0   2   5  1.66 0.67
   76 S    0  1  2 -2 -1 -1  2 -3 -3 -2 -3  0 -2 -4 -3  3  2 -4 -1 -2    5   9   9   1   1   1  17   0   0   2   1   5   1   0   0  30  12   0   2   1  0.44 0.34
   77 I   -4 -5 -3 -6 -4 -5 -6 -5 -6  7  3 -5  2 -3 -6 -5 -2 -5 -4  0    0   0   2   0   0   0   0   1   0  62  24   0   4   0   0   0   2   0   0   4  1.39 0.61
   78 C   -2 -2 -1 -1  3 -1  2  4 -3  0 -1  0 -3 -4 -2 -2 -3  1 -3  0    0   1   3   2   7   3  14  38   0   5   8   7   0   0   1   1   0   2   1   6  0.45 0.31
   79 D   -2 -1  1  7 -5 -2  0 -1 -2 -3 -4 -3  0 -3 -3 -1 -1 -6 -3 -5    3   3   6  58   0   1   4   4   1   2   2   1   3   1   1   4   4   0   1   0  1.08 0.57
   80 T   -1 -3  0  0 -3 -1 -2 -2 -3  0 -1 -2 -3  0 -4  0  5 -4  0  2    4   0   4   6   0   3   2   3   0   4   5   1   0   3   0   7  41   0   3  13  0.49 0.39
   81 S    0  0  0 -1 -3  0  0  0 -3 -2 -2  0 -1 -4 -2  4  3 -4 -1 -3    6   5   4   3   0   3   6   6   0   2   4   6   1   0   2  31  19   0   3   0  0.35 0.32
   82 N    0 -1  1  1 -3  1  1  2  0 -1 -2  1 -1 -2 -3  1  0 -4 -2 -2    5   2   9   8   0   6  10  18   3   3   3  12   2   1   0  12   4   0   1   2  0.20 0.18
   83 F   -3 -4 -2 -2 -1 -1 -2 -4 -1  0  1 -2  0  6 -4 -2 -1  2  5 -2    2   0   1   2   1   3   2   1   1   6  14   2   2  32   0   2   4   2  19   2  0.67 0.40
   84 S    0 -1  1 -1 -1  0 -1  4  1 -4 -4 -1 -1 -5 -1  3  0 -4 -4 -4    8   3   6   3   2   4   3  33   3   0   0   2   2   0   2  25   4   0   0   0  0.53 0.37
   85 D    1  0  1  2 -1  0  2 -2 -2 -1 -3  1 -2 -2  3  0  1 -4 -3 -2   11   4   5  11   1   4  14   1   1   4   1  10   1   2  16   4   9   0   0   2  0.30 0.24
   86 Y   -2 -3 -5 -2 -6 -2 -5 -6 -1 -3 -3 -3 -4  1 -1 -2 -5  2  9 -2    3   2   0   3   0   2   0   0   1   2   2   1   0   3   4   3   0   2  69   2  1.90 0.87
   87 I   -1 -1 -1 -2 -3  0  1 -2 -2  1  1  1  0 -3 -3  0  2 -4 -3  2    5   2   2   1   0   5   8   2   1   9  14  12   2   0   0   6  12   0   0  18  0.16 0.20
   88 R   -1  3  0 -1  0  0  0  0  2 -4 -2  2 -3 -3 -3  2  0 -4  0 -3    3  17   5   2   2   3   5   7   5   0   3  16   0   0   0  20   7   0   4   0  0.32 0.27
   89 G   -1 -2  1 -4 -2 -1 -2  6  2 -5 -5 -4 -5 -3 -4 -1 -1 -5 -5 -5    4   2   6   0   1   3   3  66   5   0   1   0   0   1   0   3   4   0   0   0  1.24 0.60
   90 G   -1 -5 -4 -4 -5  0 -4  7 -5 -6 -6 -4 -5 -5 -5 -3 -4 -5 -5 -5    3   0   0   0   0   4   1  86   0   0   1   0   0   0   0   1   0   0   0   1  2.00 0.75
   91 I   -2  0 -1 -1 -3 -2 -2 -4 -3  3  1 -2  0  1 -3 -2  1  2  3  1    2   5   2   3   0   1   2   1   0  24  11   2   2   6   0   2  11   3  10  10  0.25 0.21
   92 V    2 -4 -4 -5  3 -4 -4 -3 -4  2  0 -4 -1  4 -4 -3 -3 -1  2  3   18   0   0   0   6   0   0   1   0  12   6   0   1  20   0   0   0   1   8  25  0.60 0.36
   93 S   -2 -1 -1 -3 -1  1  1 -4  2  1 -2  0 -2 -4 -3  0  5 -4  0  0    2   3   3   0   2   8   9   0   6   8   2   5   1   0   0   5  38   0   3   6  0.46 0.36
   94 Q   -4  0 -2 -1 -6  7  3 -5  0 -5 -2  1 -2 -6 -2 -3 -1 -5 -4 -5    0   3   1   2   0  56  17   0   2   0   5   6   1   0   2   0   3   0   0   0  1.28 0.65
   95 V   -3 -4 -5 -4 -4  0 -5 -6 -2  3 -1 -3  0 -4 -5 -3  0 -6 -4  6    0   1   0   1   0   4   0   0   1  16   3   1   2   0   0   1   6   0   0  65  1.17 0.59
   96 K   -4  0 -2 -4 -6  0 -3 -5 -4 -2 -6  8 -5 -6 -5 -4 -4 -6 -5 -5    0   3   1   0   0   2   0   0   0   2   0  88   0   0   0   0   0   0   0   0  2.07 0.84
   97 V   -1  1 -2 -1 -4  3  1 -3 -1 -1 -1  2  4 -3 -1 -2  0 -4 -2  2    3   6   1   2   0  18   7   1   1   1   4  13  15   1   3   2   6   0   1  15  0.30 0.27
   98 P   -3 -3 -3 -5 -3 -1 -4 -4  0 -4 -6 -1 -5 -5  8 -1 -1 -7 -6 -2    2   1   1   0   1   3   1   1   3   1   0   4   0   1  71   5   4   0   0   3  1.88 0.76
   99 K   -2  1 -2 -2 -2  2  0 -3 -2  1  0  5 -2 -1 -4 -1  0 -5 -3  1    1   6   1   1   1   8   4   1   1  11   7  37   0   2   0   4   4   0   0  12  0.42 0.33
  100 K   -2  0  0 -2 -4  1  0 -4 -1  1  0  2  1 -1 -2 -1  4 -4 -2  0    0   4   4   2   0   5   4   0   1   8   7  18   4   2   1   2  28   0   1   8  0.29 0.27
  101 I   -3 -3 -5 -5 -1 -1 -2 -5 -2  4  3 -3  4  2 -5 -4 -1 -4  0  2    0   1   0   0   1   2   2   0   1  24  29   2  12   7   0   0   2   0   3  12  0.59 0.34
  102 S    0  1  2  1 -1  1  0 -1  2 -3 -4  2 -3 -3 -2  3  0 -4 -2 -4    5   6  10   7   1   7   4   4   5   2   1  12   0   1   2  29   4   0   1   0  0.34 0.27
  103 F   -6 -6 -2 -7  1 -6 -7 -7  4 -4 -4 -7 -4  9 -7 -6 -6 -3  4 -5    0   0   2   0   3   0   0   0   9   0   0   0   0  76   0   0   0   0  10   0  2.38 0.87
  104 K   -1  2  0 -1 -5  1  2 -4 -2 -4 -2  5 -2 -5 -2 -2 -2 -5 -3 -3    4  10   3   3   0   6  13   0   1   1   5  47   1   0   1   1   2   0   0   2  0.74 0.43
  105 S   -1 -2 -1  0 -3 -1 -2 -3 -1 -5 -5 -1 -3 -6  4  5  2 -6 -5 -5    3   2   2   6   0   2   2   1   2   0   0   3   1   0  24  43  10   0   0   0  0.88 0.50
  106 L   -4 -5 -6 -7 -5 -2 -6 -7 -5  0  6 -5  1  2 -6 -5 -2  1  2 -2    1   0   0   0   0   2   0   0   0   4  73   0   3   7   0   0   2   2   7   0  1.28 0.58
  107 P    0  2  0  1 -3  1  3 -1 -1 -4 -3  2 -3 -3 -2  1 -1 -5 -4 -3   10  14   3   6   0   6  23   4   1   0   3  15   0   1   1  11   3   0   0   0  0.38 0.27
  108 A    0  1  0  2 -5  2  4 -4 -2 -3 -4  2 -2 -5 -3 -1 -1 -5 -4 -2    8   6   4  12   0   8  36   0   0   1   0  12   1   0   0   4   4   0   0   3  0.58 0.36
  109 S    3 -1 -3 -3 -2  4 -1 -3 -3 -1 -4 -2 -2 -5 -4  4 -1 -5 -4 -1   30   2   0   0   1  19   2   0   0   4   0   1   1   0   0  34   3   0   0   4  0.71 0.46
  110 L   -4 -5 -6 -6 -4 -5 -4 -6 -6  3  5 -5  3  0 -6 -4 -3 -4 -4  0    0   0   0   0   0   0   1   0   0  14  69   0   7   3   0   1   1   0   0   5  1.22 0.52
  111 V    2  0  0  0  0 -1 -1 -2 -2  0  0  3 -1 -3 -3  0  1 -4 -3  0   19   2   3   5   2   1   2   1   0   4  12  30   1   0   0   3  10   0   0   5  0.24 0.21
  112 E   -3 -2 -2  5 -6  3  5 -4 -2 -5 -5  1 -4 -6 -3 -2 -3 -5 -4 -5    0   0   0  36   0  12  42   0   0   0   0  10   0   0   0   0   0   0   0   0  1.15 0.41

                      K         Lambda
Standard Ungapped    0.1346     0.3167
Standard Gapped      0.0410     0.2670
PSI Ungapped         0.1658     0.3173
PSI Gapped           0.0507     0.2670
