  176         A         R         N         D         C         Q         E         G         H         I         L         K         M         F         P         S         T         W         Y         V    
  1 M   1 -0.449902 -0.449902 -0.899803 -1.349705 -0.449902  0.000000 -0.899803 -1.349705 -0.899803  0.449902  0.899803 -0.449902  2.249509  0.000000 -0.899803 -0.449902 -0.449902 -0.449902 -0.449902  0.449902
  2 A   2  0.481391  0.061420 -0.135288 -0.513721 -0.982802  0.029105  0.059784 -0.475185 -0.738231 -1.257937 -1.050866  0.840669 -0.647205 -1.443051 -0.505801  0.665474 -0.066555 -1.746724 -1.178874 -0.830219
  3 I   3 -0.643331  0.834615  0.154547 -0.635811 -1.940382  0.346179  0.286262 -1.371222 -0.706506 -1.792764 -1.354226  1.785663 -0.750533 -2.021748 -0.695970  0.067492 -0.123041 -2.206621 -1.465854 -1.292743
  4 T   4 -0.295042 -2.293990 -2.380828 -2.550675 -0.736712 -2.068632 -2.183755 -2.923002 -2.509048  2.429416  1.327187 -2.074766  0.731027 -0.472734 -2.181449 -1.373486 -0.237550 -2.466688 -1.007993  2.241815
  5 G   5  0.017981 -1.582143 -0.792315 -1.589971 -1.643056 -1.515090 -1.645503  0.771665 -2.013483 -1.324410 -1.300639 -1.452498 -1.124301 -1.910570 -1.751694 -0.155672  0.216513 -2.136365 -1.998332 -0.709705
  6 I   6 -0.746831 -2.722488 -2.955107 -3.187726 -0.995494 -2.462550 -2.706444 -3.688539 -2.941708  3.203201  2.158215 -2.473825  1.248539 -0.208465 -2.713144 -1.966313 -0.746831 -2.695689 -0.961996  2.723008
  7 F   7 -1.206277 -2.572405 -2.883686 -3.228810 -1.374193 -2.443621 -2.784247 -3.268716 -1.964650  1.265021  1.460244 -2.474180  0.748480  2.377791 -3.222504 -1.874317 -1.294734 -0.861759  0.847084  0.562363
  8 F   8 -1.876738 -2.270937 -2.236547 -2.881792 -1.877557 -1.573976 -2.229054 -2.770751  0.734170 -0.860573 -0.809291 -2.227087 -0.705496  3.404381 -3.203593 -1.754522 -1.808165  1.935657  5.000460 -1.132447
  9 G   9  1.079533 -1.690823 -0.528654 -1.255366 -2.106751 -1.674403 -1.674403  4.098623 -1.964082 -3.044445 -3.059654 -1.674403 -2.357421 -2.661904 -1.693121  0.311329 -1.333921 -2.274598 -2.661008 -2.075573
 10 S  10  0.759131 -1.012292  0.706377 -0.255934 -1.010952 -0.243948 -0.250095 -0.434342 -1.214952 -1.759705 -1.756631 -0.247021 -0.978888 -1.942325 -0.953953  3.220104  1.757112 -2.736294 -1.956115 -1.543296
 11 D  11 -0.739164 -0.358666  0.215783  0.821749 -2.356701  1.616702  1.200171 -1.575159 -0.736164 -2.227220 -1.991510  0.074982 -0.807242 -2.467493 -1.113561  0.553758  0.147226 -2.562263 -1.728958 -1.642834
 12 T  12  0.033514 -0.993363  0.121292 -0.929360 -1.211813 -0.873321 -0.917006 -1.270867 -1.787662 -1.270795 -1.205396 -0.875814 -0.986554 -2.012781 -1.146161  1.075223  3.552643 -2.145410 -1.990746 -0.462611
 13 G  13 -0.025118 -1.960304 -0.166681 -1.062329 -2.218216 -1.949756 -1.997500  5.071871 -1.963088 -3.690563 -3.695795 -1.948170 -2.776682 -2.876226 -2.019497 -0.061082 -1.849047 -2.025861 -2.848374 -2.783978
 14 N  14 -1.222351 -0.394427  2.913460 -0.054193 -2.220390 -0.317540 -0.389703 -0.905505  0.048025 -2.129176 -2.124109 -0.175588 -1.451823 -2.212092 -1.728749  0.616149  0.812492 -2.936926 -1.339800 -1.810772
 15 T  15  1.470308 -1.093052 -0.714017 -1.345065 -0.454451 -1.010826 -1.038208 -0.935365 -1.926973 -1.094402 -1.120781 -1.010826 -1.020347 -1.997099 -1.101360  1.072775  2.410380 -2.441762 -1.993259 -0.218824
 16 E  16 -0.787292  0.537485 -0.102909  0.762174 -3.334109  1.803443  3.152199 -1.877055 -0.188336 -2.716295 -2.428899  1.178612 -1.387213 -2.796427 -1.130958 -0.024560 -0.829984 -2.794791 -1.797730 -1.870905
 17 N  17 -0.529792 -0.598035 -0.031686  0.252534 -2.330231 -0.011649  0.443982 -0.748684 -0.903684 -2.100966 -2.017208 -0.151357 -1.152719 -2.120695 -1.498551  0.138207 -0.675090 -2.538469 -1.755145 -1.685264
 18 I  18 -0.157936 -2.408325 -2.720962 -2.957624 -0.925943 -2.001016 -2.274308 -2.980283 -2.488825  1.987170  1.311302 -2.078326  0.831666 -0.113555 -2.410397 -1.528231 -0.567887 -2.279153 -0.608421  1.988896
 19 A  19  3.671583 -1.060416 -1.890029 -1.939411 -0.007933 -1.014662 -1.026886 -0.055536 -1.985739 -0.962101 -1.001131 -1.016189 -0.962200 -1.967307 -1.043666  0.976341  0.049975 -2.939232 -1.970835 -0.011630
 20 K  20 -0.856265  0.146953  0.304895  0.827281 -3.029604  0.938222  2.015562 -1.355187 -0.518899 -2.662138 -2.484977  1.169990 -1.554422 -2.684799 -1.198378  0.133288 -0.740843 -2.936908 -1.927469 -1.971482
 21 M  21 -0.666309  0.862041 -0.564956 -1.281010 -2.270438  0.431313 -0.019059 -2.042055 -0.863547 -1.605632 -1.082613  1.032327 -0.335579 -2.010608 -1.629475 -0.384614 -0.638600 -2.531900 -1.434685 -1.262201
 22 I  22 -0.739369 -2.536490 -2.854419 -3.180720 -0.893267 -2.424250 -2.766161 -3.630278 -2.780404  2.769912  2.169413 -2.457648  1.173128  0.009869 -2.799354 -1.784597 -0.826834 -2.452536 -0.842918  2.082713
 23 Q  23  1.101008 -0.003669 -0.832961 -1.268896 -1.556118  0.246625 -0.109529 -0.692751 -0.910473 -1.823533 -1.591350  0.024363 -0.967986 -2.195454 -1.318280  0.349739 -0.478207 -2.610270 -1.572133 -1.095271
 24 K  24 -0.485140  0.410899  0.116197  0.378739 -2.663206  0.729587  1.326954 -1.258775 -0.720237 -2.566406 -2.322738  1.199227 -1.449605 -2.632857 -1.201674  0.235040 -0.551850 -2.942265 -1.977570 -1.912620
 25 Q  25 -0.577485  0.531102 -0.477305 -0.664224 -2.535166  0.730360  0.797282 -1.720830 -0.730647 -1.997924 -1.598546  1.003501 -0.882615 -2.264893 -1.469204 -0.278942 -0.791000 -2.639425 -1.555662 -1.449121
 26 L  26 -0.134740 -1.969341 -2.658347 -3.263551 -0.947322 -1.910035 -2.512651 -2.791110 -2.526497  1.187522  2.055037 -1.948849  1.018429 -0.021498 -2.596139 -1.336294 -0.879503 -1.897301 -0.884107  0.717689
 27 G  27 -0.234625 -0.276998 -0.000838 -0.510070 -2.591415 -0.146877 -0.063204  1.023090 -1.175895 -2.815753 -2.576713  0.087231 -1.685963 -2.664939 -1.438035  0.182218 -0.899350 -2.526069 -2.204250 -2.083883
 28 K  28  0.078608 -0.497853 -0.261711 -0.098007 -2.089350 -0.073707  0.456330 -0.475799 -0.953633 -1.999218 -2.009893 -0.040254 -1.377347 -2.253104 -1.226527  0.232244 -0.539897 -2.711498 -1.870368 -1.405265
 29 D  29 -0.561456 -0.197569 -0.458701 -0.265597 -2.124139  0.189304  0.282236 -1.650958 -0.532612 -1.651911 -1.342330 -0.015823 -0.782906 -1.756355 -1.408837 -0.273103 -0.785400 -2.444436 -1.237687 -1.390677
 30 V  30 -0.211884 -1.276878 -0.260705 -0.908867 -2.002183 -0.942145 -0.985079  0.658136 -1.355624 -1.656741 -1.693784 -1.056838 -1.232201 -2.039736 -1.619468 -0.131397 -0.818443 -2.444912 -1.876888 -1.199123
 31 A  31  0.326516 -2.076207 -2.193707 -2.322927 -0.712892 -1.640763 -1.734784 -2.182141 -1.878682  0.794502  0.112004 -1.704901  0.063419 -0.583286 -1.814893 -0.910560 -0.326684 -2.320139 -0.777060  1.173003
 32 D  32 -1.003251 -0.606975  0.532038  2.107473 -2.605858  0.443209  1.502445 -1.364220 -0.715495 -2.471918 -2.688951  0.136731 -1.849396 -2.662108 -1.055699  0.306678 -0.099738 -3.166494 -2.208481 -2.018415
 33 V  33 -0.435226 -2.418032 -2.649536 -2.883391 -1.083486 -1.919672 -2.190782 -3.142271 -2.732807  1.944334  1.365480 -1.940220  0.846356 -0.906162 -1.573740 -1.627885 -0.340054 -2.688153 -1.226633  2.072662
 34 H  34 -0.963488 -0.967061 -1.185037 -1.649711 -1.903700 -0.628607 -0.692085 -2.451696 -0.108303 -0.585504 -0.609916 -0.677155 -0.258770 -0.477028 -2.099724 -0.917854 -0.912542 -1.877622 -0.021950 -0.460954
 35 D  35 -0.802699 -0.977236  1.437419  1.772222 -2.392912  0.008760  0.902691 -0.747033 -0.594829 -2.387283 -2.685692 -0.394661 -1.858101 -2.611913 -1.096155  0.699985 -0.310564 -3.415642 -2.212526 -2.105361
 36 I  36 -0.458618 -2.077947 -2.545809 -2.978385 -0.664917 -1.593911 -2.305363 -3.105702 -2.376134  1.877390  1.534446 -1.886675  1.829825 -0.258058 -2.347912 -1.434190 -0.755792 -2.046116 -0.757881  1.762210
 37 A  37 -0.021897 -0.908732  0.336434  1.122192 -2.018213 -0.158355  0.552261 -0.460163 -0.994120 -2.287330 -2.446761 -0.236998 -1.737352 -2.468250 -1.185074  0.686118 -0.268941 -3.089510 -2.173152 -1.817110
 38 K  38 -1.043791 -0.669756  0.390735  2.025532 -2.642060  0.411720  1.346047 -1.095883 -0.754831 -2.541547 -2.681920  0.085321 -1.760554 -2.486170 -1.244406  0.163360 -0.721707 -3.070835 -2.105278 -2.177367
 39 S  39 -0.080558 -1.806082 -1.618905 -1.809198 -1.075894 -1.228272 -1.391160 -1.922922 -1.016457 -0.358556 -0.603907 -1.544572 -0.511947  0.039366 -1.982113 -0.456694 -0.384072 -1.382407  0.549601 -0.144342
 40 S  40 -0.551590 -0.596569  0.350033  0.697070 -2.253096  0.018227  0.556102 -1.006499 -0.965984 -2.405454 -2.392286  0.293993 -1.593695 -2.555327 -0.475343  0.609596 -0.019278 -2.839905 -2.097676 -1.897471
 41 K  41  0.016496 -1.494339 -1.878696 -2.068195 -1.526980 -1.138271 -1.357190 -2.121613 -1.987405 -0.143426 -0.149893 -0.984342 -0.160905 -1.434198 -0.571266 -0.778662 -0.479317 -2.671049 -1.448205  0.213108
 42 E  42 -0.221500 -0.286155  0.165304  0.719737 -2.405164  0.465467  1.306273 -1.132090 -0.799304 -2.306650 -2.272042  0.457865 -1.497753 -2.524144 -1.131167  0.581380 -0.327608 -3.029168 -2.015646 -1.736500
 43 D  43 -0.934188 -0.708834  0.380344  1.730250 -2.517721  0.571382  1.247644 -1.355119 -0.797616 -2.310270 -2.390932 -0.098126 -1.578841 -2.524517 -1.228952  0.165756 -0.531270 -3.112146 -2.074118 -1.944577
 44 L  44 -1.017752 -2.234069 -2.871182 -3.504353 -1.126292 -2.090272 -2.807533 -3.604805 -2.565410  1.831575  2.623827 -2.180912  1.663143  0.820936 -2.967325 -1.835889 -1.062218 -1.593360 -0.388447  1.069031
 45 E  45  0.008691 -0.578012 -0.550834 -0.543624 -2.136797 -0.004203  0.384877 -1.444905 -1.215576 -1.797538 -1.575643  0.163308 -1.059003 -2.382591 -0.444571  0.102458 -0.407332 -2.964919 -1.936088 -1.189122
 46 A  46 -0.390385 -0.316113  0.397924  0.416514 -2.477873  0.446061  0.780548 -0.616414 -0.735355 -2.552326 -2.426002  0.436428 -1.530408 -2.613535 -1.072037  0.505594 -0.485103 -2.936751 -1.992670 -1.942637
 47 Y  47 -1.192256 -1.449526 -1.269061 -1.240736 -2.198653 -0.496761 -0.197608 -2.336017  0.378351 -1.243108 -1.342339 -1.174124 -1.001475  0.532048 -2.209449 -1.040607 -1.297477 -0.670091  2.031140 -1.033290
 48 D  48 -1.150157 -0.623921  0.575872  2.398291 -2.694729  0.504657  1.496656 -1.182346 -0.675790 -2.733522 -2.958788  0.111200 -2.001645 -2.793209 -0.974651  0.240974 -0.551150 -3.266187 -2.296641 -2.343000
 49 I  49 -0.882772 -1.376163 -0.728530 -1.783993 -1.569723 -1.243838 -1.513355 -2.114833 -0.986200 -0.190808 -0.175563 -1.274244 -0.212508 -0.605858 -2.317176 -0.864039 -0.728305 -2.172122 -0.527862 -0.300518
 50 L  50 -0.500467 -2.298353 -2.887331 -3.441158 -0.834923 -2.054289 -2.626231 -3.416015 -2.765900  2.024690  2.403757 -2.090998  1.281165 -0.232769 -2.665642 -1.768793 -0.734618 -2.100920 -0.866344  1.644846
 51 L  51 -0.858248 -2.634041 -2.941558 -3.270641 -1.037029 -2.446159 -2.783936 -3.706205 -2.816851  2.841211  2.244614 -2.467952  1.254914  0.171900 -2.849773 -1.927984 -0.856933 -2.397345 -0.731911  2.216561
 52 L  52 -1.072799 -2.578375 -2.969730 -3.362089 -1.060363 -2.425477 -2.846510 -3.522930 -2.426467  1.836802  1.976078 -2.439489  1.084654  1.418516 -3.097339 -1.938465 -1.109118 -1.490530  0.067158  1.168942
 53 G  53  0.074853 -2.355569 -1.542290 -2.032860 -1.501167 -2.055927 -2.146551  1.134139 -2.422281 -0.552639 -1.304596 -2.078754 -0.935842 -1.761376 -2.127096 -0.829423 -1.111996 -2.399685 -1.943366  0.092941
 54 I  54  0.229018 -1.908175 -1.580879 -2.046105  0.304597 -1.631686 -1.866959 -2.304461 -2.362130  0.487910 -0.033999 -1.676175 -0.067440 -1.384296 -1.811105 -0.100725  1.134106 -2.488553 -1.620606  0.803838
 55 P  55  0.593994 -1.328388 -0.288851 -0.653510 -1.469058 -0.432659 -0.494031 -0.715186 -1.192475 -2.101373 -2.101373 -0.492120 -1.265105 -2.232906  1.001968  1.998495  0.184366 -2.965030 -1.729529 -1.733909
 56 T  56  0.013255 -1.000950  0.054158 -0.967861 -1.012792 -0.970476 -0.970476 -1.936957 -1.956823 -1.023287 -1.031279 -0.970476 -0.998190 -2.001755 -1.010177  1.067017  4.838902 -2.042836 -1.995144 -0.056807
 57 W  57 -1.900309 -1.974933 -2.254355 -2.824460 -1.883005 -1.107102 -1.944206 -2.213465 -0.099207 -2.007494 -1.492872 -2.048269 -0.888900  0.768910 -2.975941 -1.748954 -1.152918  4.369490  2.292446 -1.889799
 58 Y  58 -0.519024 -1.904083  0.137211 -0.433842 -2.872565 -1.603627 -1.503290  3.910994 -1.354226 -3.474560 -3.564200 -1.807660 -2.670255 -2.244653 -2.033280 -0.168464 -1.783078 -1.845501 -1.936109 -2.768218
 59 Y  59 -0.987512 -1.139649 -0.520634  0.871554 -2.536438  0.431780  1.144340 -1.884635 -0.537499 -1.797867 -2.004518 -0.612688 -1.297981 -1.320763 -1.593569 -0.363053 -0.843182 -2.233045 -0.716699 -1.423414
 60 G  60 -0.024928 -1.977616  0.014165 -0.954751 -2.995361 -1.953402 -1.936943  5.864416 -1.974497 -3.963247 -3.963275 -1.967712 -2.954890 -2.985486 -1.989236 -0.001317 -1.978647 -2.015252 -2.981336 -2.975611
 61 E  61 -1.177931 -0.586277  0.245986  2.887421 -3.492589  1.329673  3.557013 -1.542066 -0.396099 -2.910217 -3.165592  0.277345 -2.150355 -2.941754 -1.040225  0.011714 -0.960728 -3.232612 -2.259231 -2.241344
 62 A  62 -0.504765 -1.883277 -2.312692 -2.389537 -1.614243 -1.419026 -1.795021 -2.732104 -2.252675  0.022018  0.591011 -1.532557  0.273055 -1.147718  0.020214 -1.152741 -0.852229 -2.557441 -1.419722 -0.024428
 63 Q  63 -0.859113 -0.781051 -1.044437 -0.664197 -2.778785  1.171194  0.086947 -1.889736 -1.185018 -2.775138 -2.400419 -0.266912 -1.147553 -3.332049  2.995620 -0.436020 -0.514523 -3.006264 -2.081983 -1.803763
 64 C  64 -1.064843 -1.355926  0.202474  2.591497 -1.976537  0.125082  1.285344 -1.337861 -0.964711 -2.469567 -2.880780 -0.644378 -2.062938 -2.541322 -1.076433  0.175362 -0.482777 -3.164833 -2.181788 -2.144857
 65 D  65 -1.432320 -0.994996  2.217865  2.663794 -2.817969  0.081706  1.123678 -0.618105 -0.233197 -2.792900 -3.176439 -0.431874 -2.247670 -2.731798 -1.313403  0.556239 -0.493937 -3.552808 -2.186747 -2.617274
 66 W  66 -0.445447 -2.159324 -2.746116 -2.944320 -1.387798 -1.609444 -2.224991 -0.834902 -1.978503 -1.874780 -1.378360 -2.139084 -0.626413 -0.169761 -2.735079 -1.263931 -1.257308  3.812967  0.052660 -1.564673
 67 D  67 -0.708389 -0.623468 -0.737597 -0.084922 -2.350434  0.152542  0.575860 -1.913832 -1.071041 -1.319276 -1.346092 -0.145422 -0.809369 -1.906621 -1.561986 -0.467268 -0.749452 -2.630706 -1.396759 -0.924938
 68 D  68 -0.402075 -0.933448  0.127255  1.457863 -2.454940  0.149995  1.068413 -0.735154 -1.023425 -2.438758 -2.627601 -0.285873 -1.802629 -2.659059 -0.735562  0.422483 -0.546255 -3.195612 -2.286301 -1.941106
 69 F  69 -1.413321 -2.415134 -2.512118 -2.854877 -1.726150 -2.374747 -2.587061 -2.674483 -1.359742  0.152259  0.358470 -2.329119  0.154257  3.165627 -3.264461 -1.654419 -1.496583 -0.264483  1.337583 -0.491859
 70 F  70 -1.728041 -2.213715 -2.607660 -3.081916 -1.710179 -1.649842 -2.270469 -2.682957 -0.672127 -0.630643 -0.222499 -2.202744 -0.143126  1.176877 -3.088485 -2.002411 -1.512996  2.487067  1.826029 -0.845201
 71 P  71 -1.087022 -0.499307 -0.005887  1.385104 -3.003368  0.510221  1.525231 -1.441084 -0.848452 -2.742306 -2.757777  0.479530 -1.800111 -2.894275  0.095493 -0.090321 -0.861788 -3.244142 -2.258460 -2.145831
 72 T  72 -0.728004 -1.045754 -0.834487 -0.480295 -2.214558 -0.257194  0.057366 -1.723934 -0.986498 -1.599017 -1.526265 -0.584654 -0.974738 -0.768647 -1.876016 -0.316599 -0.526240 -1.517986 -0.722769 -1.297033
 73 L  73 -0.973051 -2.196202 -2.907355 -3.642850 -1.058172 -2.105473 -2.869651 -3.803882 -2.822759  2.148764  3.153291 -2.144336  1.757160  0.244075 -2.936374 -1.912700 -0.973351 -2.013323 -0.798660  1.312692
 74 E  74 -0.529776  0.011049 -0.045183  0.078509 -2.511407  0.507726  0.896731 -1.310985 -0.832936 -2.503252 -2.195006  1.000479 -1.344539 -2.704748 -0.601399  0.193146 -0.600946 -3.001613 -2.027526 -1.847376
 75 E  75  0.233039 -0.548456  0.063064  0.436852 -2.169473  0.198657  0.744259 -0.420035 -0.998592 -2.399098 -2.383404  0.024267 -1.606751 -2.607940 -1.002634  0.709454 -0.304289 -3.009559 -2.161095 -1.751970
 76 I  76 -0.361984 -1.662327 -1.849962 -1.804930 -1.704970 -1.177945 -1.338741 -2.326658 -2.085160 -0.224325 -0.197406 -1.264980 -0.195212 -1.791392  0.085514 -0.879001 -0.541677 -2.917145 -1.782609 -0.001323
 77 D  77 -1.421828 -0.750530  1.152972  2.639157 -2.742510  0.143823  1.067671 -0.935618 -0.596713 -2.828761 -3.111901  0.015112 -2.139612 -2.677914 -1.224888  0.275082 -0.731897 -3.268230 -2.280721 -2.626546
 78 F  78 -1.164404 -2.206661 -2.961584 -3.717828 -1.165295 -2.173942 -2.945987 -3.718191 -2.547294  1.557375  3.005170 -2.188400  1.564971  1.219999 -3.151790 -1.956082 -1.169595 -1.374095 -0.166822  0.627665
 79 N  79 -0.013538 -0.520580  0.499102  0.222547 -1.972748  0.209060  0.579392 -0.883962 -0.865319 -2.275849 -2.199817  0.264623 -1.388228 -2.507600 -0.752380  1.295394  0.305981 -3.016187 -2.040970 -1.762717
 80 G  80 -0.477447 -1.314373  0.920258 -0.162816 -2.829477 -1.019519 -0.928534  3.237233 -0.952087 -3.489785 -3.496806 -1.194949 -2.498971 -2.848156 -1.755876  0.242485 -1.333637 -2.517989 -2.477519 -2.781717
 81 K  81 -0.757608  0.096015 -1.239656 -2.090077 -2.011880 -0.339841 -0.660757 -2.635495 -1.804900 -0.638396  0.008726  1.571495  0.161210 -1.801097 -1.707664 -0.768966 -0.553201 -2.653644 -1.559629 -0.205095
 82 L  82 -0.770932  0.612628 -0.112899 -1.268934 -2.203556  0.073277 -0.273996 -2.023793 -0.820778 -1.603813 -1.251116  0.966446 -0.702244 -2.169091 -1.425098 -0.216315  0.041528 -2.723463 -1.554728 -1.169895
 83 V  83 -0.999296 -2.687307 -2.690077 -2.953269 -1.346785 -2.071462 -2.331470 -3.020331 -1.248675  1.232308  0.283739 -2.320041  0.190213  1.679516 -2.803242 -1.897472 -1.039354 -0.813111  1.851578  1.292086
 84 A  84  2.930972 -1.166045 -1.372751 -1.642731 -0.530021 -1.024045 -1.027756  0.541559 -1.908241 -1.367123 -1.404754 -1.024045 -1.176899 -2.088809 -1.133941  1.156520  0.050923 -2.848017 -2.091043 -0.492541
 85 L  85 -0.443021 -2.584957 -2.907757 -3.245337 -0.784821 -2.084659 -2.460247 -3.344289 -2.802482  2.422904  1.849226 -2.129142  1.177363 -0.381600 -2.488909 -1.852294 -0.528774 -2.435101 -0.810504  2.450542
 86 F  86 -1.541324 -2.707831 -2.935247 -3.213216 -1.449646 -2.590689 -2.889212 -3.236704 -1.534118  0.691835  0.949118 -2.643656  0.478364  3.644419 -3.523025 -1.952592 -1.580974 -0.094146  1.782657 -0.098864
 87 G  87  0.686759 -1.812675 -0.315997 -1.123596 -2.456279 -1.786643 -1.778866  4.848829 -1.977856 -3.452391 -3.456279 -1.790531 -2.625349 -2.812675 -1.808786  0.242091 -1.603206 -2.195102 -2.812675 -2.474534
 88 C  88 -0.578543 -2.055273 -2.570636 -3.314174  0.420867 -1.917726 -2.758892 -3.310943 -2.721425  1.097744  2.265163 -1.963008  1.214326 -0.437542 -2.685080 -1.268205 -0.657527 -2.028343 -1.183599  0.529083
 89 G  89  0.003847 -2.005537 -0.026374 -0.995798 -2.894360 -1.998933 -2.000479  5.887857 -2.004848 -3.964409 -3.967711 -2.002235 -2.978474 -2.989237 -2.002235 -0.005537 -1.983322 -2.009217 -2.989237 -2.975861
 90 D  90 -1.919324 -1.778448  1.470519  5.342937 -2.954684 -0.012546  1.741348 -0.861389 -0.792202 -2.975949 -3.852896 -0.891580 -2.859996 -2.974454 -1.102813  0.150482 -0.875691 -3.966745 -2.869623 -2.966691
 91 Q  91 -0.154846  0.224347  0.174631 -0.359957 -1.747229  1.765917  0.602631 -1.185793 -0.454387 -2.119699 -1.667331  0.470697 -0.525104 -2.193391 -0.976729  1.116394  0.148412 -2.164556 -1.289321 -1.598257
 92 E  92 -0.155234 -0.880294 -0.263086 -0.320920 -1.766730  0.020166  0.418754 -1.312052 -0.800507 -1.222577 -1.329710 -0.354073 -0.771191 -1.426703 -1.345244  0.777103  0.084742 -2.318143 -1.240406 -0.913196
 93 D  93 -0.137704 -0.668116  0.176463 -0.040513 -1.295787 -0.423782 -0.333645  0.382954 -0.676317 -1.467199 -1.538524 -0.426153 -1.060592 -1.286946 -0.977292  0.575007 -0.163506 -1.525262 -1.035367 -1.223227
 94 Y  94 -1.132283 -1.173628 -0.962258 -1.613377 -1.260460 -0.705012 -1.161139 -1.496732  0.958605 -0.842985 -0.818684 -1.210654 -0.686446  1.248267 -1.796812 -1.015989 -1.001928  0.943361  2.998031 -0.829492
 95 A  95 -0.609707 -1.771273 -1.366257 -1.906211 -1.859626 -1.030853 -1.492562 -0.999776 -0.035077 -1.839616 -1.838590 -1.480019 -1.423871 -0.119141 -0.785959 -0.545156 -1.207527 -0.681399  1.877057 -1.439548
 96 E  96 -1.130602 -0.662757  0.211715  2.288171 -3.167528  0.847292  2.446566 -1.491209 -0.480600 -2.774527 -2.986456  0.047593 -2.025595 -2.814286 -0.592070  0.016513 -0.817257 -3.234553 -2.177773 -2.222271
 97 Y  97 -1.373636 -0.860220 -0.177023 -1.061493 -2.244543 -0.390891 -0.600295 -1.869183  0.357965 -1.932755 -1.739112 -0.613126 -1.151097 -0.454832 -2.091422 -0.476267 -0.348988 -0.619908  0.618900 -1.695539
 98 F  98 -1.988215 -2.820927 -2.825546 -3.004619 -1.991798 -2.642891 -2.821963 -3.004619 -0.493042 -0.154467 -0.152395 -2.817344 -0.161633  5.423844 -3.813762 -2.000000 -1.988215  1.146265  3.665008 -0.972848
 99 C  99 -0.394415 -2.021808 -0.965741 -2.071869  3.372993 -1.720371 -2.440488 -2.191291 -1.990388 -0.798181 -0.798426 -1.908587 -0.663010 -1.917705 -2.501076 -0.646482 -0.663872 -2.538152 -1.738817 -0.691778
100 D 100 -0.951113 -0.906523  0.157228  1.575867 -2.643957  0.280857  0.736498 -0.511303 -0.939265 -2.650256 -2.760030 -0.182147 -1.802031 -2.305702 -1.397842  0.099810 -0.960634 -2.696610 -1.963062 -2.254960
101 A 101  1.860228 -1.320993 -1.360109 -1.694019 -0.922772 -1.142024 -1.196128  0.115059 -1.619107 -1.275843 -1.372740 -1.222509 -1.019700 -1.905920 -1.032776  0.481971 -0.012832 -2.623042 -1.844866 -0.477028
102 L 102  0.136474 -1.790245 -1.692277 -2.368093 -1.413162 -1.456962 -2.047612 -0.175268 -2.289294 -0.194050 -0.046146 -1.682104  0.554715 -1.286278 -2.064796 -0.664258 -0.983925 -2.116226 -1.730773  0.108917
103 G 103 -0.529633  0.130306 -0.180640 -0.740147 -2.733831 -0.341625 -0.277580  0.688113 -1.279369 -2.777468 -2.504773  0.780565 -1.645367 -2.639277 -1.604695 -0.149475 -1.196749 -2.634895 -2.214787 -2.095790
104 T 104 -1.070749 -0.721799 -0.615875 -0.132739 -2.216687 -0.289416  0.011530 -2.231554 -1.022495 -0.978641 -1.104305 -0.227900 -0.529409 -1.685784 -1.677613 -0.568615 -0.574381 -2.621937 -1.411002 -0.819670
105 I 105 -1.085169 -2.370586 -2.958330 -3.543323 -1.173676 -2.233292 -2.857995 -3.649530 -2.585672  1.876816  2.565119 -2.279387  1.449396  0.957454 -3.046023 -1.952157 -1.062972 -1.506199 -0.255736  1.124284
106 R 106 -1.397118 -1.159063 -0.116542  1.067212 -2.492429 -0.274188  0.320957 -1.579875  0.833191 -2.239968 -2.520076 -0.973334 -1.883047 -1.092992 -1.785832 -0.614022 -1.261472 -1.943798  0.233233 -2.110867
107 D 107 -0.664724 -0.086531  0.243571  1.371435 -2.745835  0.744485  1.645759 -1.331242 -0.564131 -2.630758 -2.628757  0.598114 -1.719446 -2.755762 -1.039912  0.177183 -0.640496 -3.155724 -2.101019 -2.058640
108 I 108 -0.494883  1.035144 -0.943413 -1.721155 -2.114452  0.056773 -0.360649 -2.117503 -0.941132 -1.317892 -0.998636  0.603556 -0.487851 -1.879714 -1.849723 -0.741806 -0.775957 -2.548962 -1.375580 -1.050284
109 I 109 -0.916373 -2.343217 -2.947007 -3.526434 -1.097153 -2.224312 -2.821241 -3.605428 -2.631529  1.942596  2.615742 -2.240655  1.402083  0.769947 -2.974300 -1.897110 -1.023785 -1.768628 -0.394578  1.222739
110 E 110  0.092787 -0.308617 -0.663049 -0.684631 -2.067297  0.305476  0.708681 -1.606973 -1.163886 -1.497193 -1.297153  0.417874 -0.802656 -2.204742 -1.348736  0.155477 -0.247666 -2.762635 -1.744913 -0.853758
111 P 111 -0.339539 -0.225510 -0.095046  0.245373 -2.627213  0.802289  1.312716 -1.162902 -0.761774 -2.445047 -2.244164  0.581188 -1.362095 -2.552407 -0.752652  0.226823 -0.683736 -2.865762 -1.872216 -1.731686
112 R 112 -0.543090 -0.571848 -1.349692 -2.406052 -1.224358 -0.769571 -1.503781 -2.592680 -1.718019 -0.150012  0.907783 -0.588836  0.442381 -1.137431 -2.156699 -0.762255 -0.436318 -2.247352 -1.209768 -0.343193
113 G 113 -0.064980 -1.797521  0.102965 -0.883117 -2.896704 -1.772756 -1.768366  5.375941 -1.801748 -3.811089 -3.794199 -1.742308 -2.820802 -2.897172 -1.903577  0.043456 -1.831584 -2.017524 -2.835691 -2.872302
114 A 114  2.881791 -1.348301 -1.707740 -1.883038 -0.172563 -1.301240 -1.347697  0.750815 -2.070994 -1.382796 -1.456991 -1.301240 -1.274856 -2.130183 -1.248431  0.625812 -0.384201 -2.775523 -2.132415 -0.453006
115 T 115 -0.648582  0.117255  0.175588 -0.588298 -2.212849  0.400761  0.429196 -1.857741 -0.867051 -1.743185 -1.563344  0.843827 -0.890059 -2.361950 -1.316722  0.180073  0.625162 -2.700257 -1.715559 -1.056378
116 I 116 -0.759060  0.059362 -1.545346 -2.252168 -1.911473 -0.744432 -1.193075 -2.588922 -1.490185 -0.218789 -0.189039 -0.491766  0.084076 -1.047087 -1.838816 -1.148798 -0.752995 -2.420774 -1.138450 -0.228027
117 V 117 -0.587924 -2.636162 -2.842328 -3.127065 -1.015362 -2.264733 -2.538675 -3.229142 -2.787954  2.542240  1.756349 -2.283765  1.058232 -0.192463 -2.571950 -1.845323 -0.661182 -2.449800 -0.834620  2.367588
118 G 118 -0.046961 -1.862699 -0.886157 -1.632155 -1.976844 -1.664565 -1.844182  2.085677 -1.653810 -1.958664 -1.974792 -1.787845 -1.559138 -1.773693 -1.954387 -0.413872 -1.238871 -1.897519 -1.665320 -1.368012
119 H 119 -0.704421 -0.968879 -0.647753 -0.001402 -2.501040 -0.013166  0.586231 -1.557828 -0.191602 -2.143967 -2.155175 -0.474646 -1.448122 -1.440957 -0.452122 -0.316104 -0.981633 -2.224884 -0.701762 -1.688826
120 W 120 -1.071682 -0.211505 -1.550152 -2.290625 -1.560173 -0.813345 -1.388672 -1.900436 -1.230028 -1.337599 -0.988862 -0.819844 -0.503713 -0.888151 -2.163935 -1.156632 -0.327198  1.056534 -0.408518 -1.165379
121 P 121 -0.132655 -1.537429 -1.017738 -0.907818 -1.611010 -0.826376 -0.778598 -0.929306 -1.589050 -0.999306 -1.289961 -0.914189 -0.830080 -2.001026  0.563390 -0.024534 -0.339415 -2.647547 -1.753453 -0.500506
122 T 122 -0.549151 -0.913671  0.116664  0.805076 -1.728842 -0.337604  0.245410 -1.331694 -1.174974 -1.386083 -1.639184 -0.425435 -1.237946 -1.991528 -0.928387  0.191412  0.755870 -2.559587 -1.838464 -0.962855
123 A 123 -0.238998 -1.243301 -0.756178  0.287253  0.231578 -0.462288  0.099285 -1.383579 -1.247446 -1.489660 -1.695467 -0.758322 -1.250431 -2.008143 -1.415512 -0.089782 -0.617941 -2.457578 -1.778882 -1.161925
124 G 124 -0.825969 -1.480020  0.473750  1.962014 -2.571653 -0.592477  0.335399  1.630668 -1.055733 -2.888644 -3.251740 -1.041793 -2.405709 -2.520352 -1.244505  0.091983 -1.108625 -2.565192 -2.407140 -2.443408
125 Y 125 -1.089072 -1.739388 -1.768238 -2.198494 -1.501948 -1.044949 -1.505434 -2.366706  0.052600 -0.119793 -0.292937 -1.493467 -0.377445  1.002518 -1.948302 -1.432993 -1.118712 -0.076260  2.794439 -0.000378
126 H 126 -0.820499 -0.664174  0.391242  1.632489 -2.121106  0.401738  1.214658 -1.161267 -0.296191 -2.068747 -2.257583 -0.121765 -1.537368 -2.066669 -0.971293  0.284033 -0.166864 -2.524228 -1.568598 -1.713446
127 F 127 -1.460856 -1.953389 -1.911990 -2.229441 -1.679396 -1.660980 -1.914350 -2.333157  0.226939 -0.420202 -0.441498 -1.961013 -0.294611  3.062481 -2.560342 -1.457492 -1.506460  0.456258  2.756254 -0.824162
128 E 128 -0.825736 -0.495910  0.325373  1.665959 -2.520835  0.849733  2.131759 -1.267537 -0.441571 -2.177432 -2.308443  0.181842 -1.536544 -2.285838 -0.848228  0.233467 -0.321292 -2.574525 -1.749758 -1.652317
129 A 129  0.077030 -0.582452 -0.187874  0.447852 -1.804585  0.176750  0.900369 -0.773039 -0.486750 -1.775592 -1.832999 -0.211275 -1.245487 -1.790080 -0.970843  0.380998 -0.410770 -2.310000 -1.399353 -1.321809
130 S 130  0.329441 -0.927080  0.218399  0.189571 -1.034899 -0.134045 -0.007027 -0.492394 -0.960878 -1.536969 -1.610053 -0.268172 -0.951181 -1.773469 -0.282178  1.799614  0.426507 -2.406272 -1.650869 -1.349138
131 K 131  0.235402  0.274614 -0.696163 -1.042646 -1.489294 -0.033258 -0.049205 -1.208022 -0.904524 -1.366336 -1.045636  0.767012 -0.679321 -1.509572 -1.035255 -0.022974 -0.453951 -2.053157 -1.148532 -0.916863
132 G 132  1.574590 -0.786200 -0.832251 -0.806270 -0.797467 -0.514482 -0.379982  0.009232 -1.262406 -1.210804 -1.183882 -0.596610 -0.934753 -1.687110 -0.754450  0.691191 -0.157421 -2.249135 -1.602356 -0.652224
133 L 133 -0.177744 -1.233375 -1.500700 -1.660414 -1.019357 -0.763836 -0.942398 -1.846895 -1.583947  0.406498  0.464886 -0.936965  0.292186 -0.742941 -1.551877 -0.795885 -0.403576 -1.779200 -0.877335  0.562923
134 A 134 -0.808335 -1.499888 -1.698381 -1.783117 -1.156357 -0.979629 -1.237962 -1.442312 -1.450140 -0.583444 -0.617452 -1.340370 -0.327916 -0.429507 -1.862553 -1.041487 -0.384121  1.421836 -0.184212 -0.374276
135 D 135 -0.562895 -0.064137 -0.327403 -0.143418 -1.586734 -0.036936  0.129392 -1.202160 -0.755654 -1.055465 -0.965713  0.042644 -0.590925 -1.474535 -0.944496 -0.316060 -0.515335 -1.939912 -1.254168 -0.901338
136 D 136 -1.056654 -0.901242  0.874718  2.540949 -2.095504  0.082826  1.057284 -0.416661 -0.530908 -2.122739 -2.486681 -0.349589 -1.794474 -2.100830 -0.910899  0.114477 -0.630660 -2.596534 -1.862695 -1.941384
137 D 137 -0.295628 -0.632304  0.315811  0.036816 -1.955000 -0.250316 -0.113404  1.518785 -0.784449 -2.257310 -2.200088 -0.348520 -1.506317 -1.962806 -0.997236  0.145283 -0.843306 -1.736076 -1.666773 -1.723821
138 H 138 -0.564071  0.170518 -0.177316 -0.770508 -1.532587  0.347744  0.079393 -1.330654  0.058370 -1.149974 -0.930005  0.643315 -0.297855 -1.279629 -1.003765 -0.244612 -0.391633 -1.474981 -0.611679 -0.761279
139 F 139 -1.126818 -1.823229 -1.915776 -1.975707 -1.198144 -1.768600 -1.859593 -1.959897 -0.870179  0.094873  0.195832 -1.808671  0.102170  2.941898 -2.428967 -1.254897 -1.148561  0.491442  1.419733 -0.457503
140 V 140 -0.143014 -1.796061 -1.873195 -1.995530 -0.290681 -1.418534 -1.563533 -2.063723 -1.881154  1.379356  0.643359 -1.436379  0.467050 -0.543960 -1.597633 -1.095854 -0.304948 -1.866488 -0.726714  1.574948
141 G 141  0.115142 -1.311379 -0.170409 -0.762157 -1.916595 -1.274747 -1.261159  3.362634 -1.388656 -2.477384 -2.474399 -1.274235 -1.865293 -2.010415 -1.217171  0.034087 -1.189453 -1.530148 -1.988334 -1.829040
142 L 142 -0.769222 -1.417865 -2.064425 -2.742214 -0.769789 -1.375030 -2.062058 -2.693621 -2.033858  1.141830  2.429399 -1.414423  1.231018 -0.024851 -2.113093 -1.397472 -0.724573 -0.976498 -0.622407  0.513061
143 A 143  1.358462 -1.065373 -1.164522 -1.283603 -0.501072 -0.900767 -0.961326  0.184369 -1.460280 -0.876215 -0.985096 -0.916971 -0.761141 -1.521620 -0.477515  0.186437 -0.296037 -1.968752 -1.465227 -0.268425
144 I 144 -0.656838 -1.501422 -1.676145 -1.759652 -0.719154 -1.371650 -1.600156 -2.344086 -1.763199  1.317350  1.496624 -1.421953  0.691491 -0.188438 -1.766144 -1.132641 -0.609768 -1.618554 -0.739218  0.807900
145 D 145 -1.157769 -1.262840  0.572363  3.391733 -1.918055 -0.088114  1.064525 -0.312084 -0.695106 -1.954391 -2.531857 -0.670184 -1.890029 -1.922496 -0.679035  0.010524 -0.671734 -2.457853 -1.908741 -1.890489
146 E 146 -0.638981 -0.338911  0.020559  1.137182 -1.984636  0.821747  1.710680 -1.104437 -0.278103 -1.557484 -1.599157  0.119642 -1.016056 -1.612938 -0.722685 -0.045377 -0.550696 -1.860287 -1.178747 -1.176930
147 D 147 -0.779515 -1.032961  0.024686  1.742606 -1.566118 -0.172867  0.646549 -0.799513 -0.701929 -1.246854 -1.726886 -0.562966 -1.247067 -1.597528 -0.785193 -0.171490 -0.478819 -2.179857 -1.470390 -1.063484
148 R 148 -0.716921  0.250868  1.793992  0.073111 -1.541829  0.268931  0.023429 -0.356286  0.093536 -1.643961 -1.507034  0.139272 -0.898531 -1.615474 -1.051078  0.460338 -0.074177 -1.957804 -1.088172 -1.529201
149 Q 149 -0.605792  0.264011  0.045404  0.362594 -1.862394  2.089195  1.399775 -1.060057  0.144886 -1.747584 -1.401939  0.401925 -0.449297 -1.664947 -0.632670 -0.003804 -0.592350 -1.366298 -0.697214 -1.228563
150 P 150 -0.234320 -0.864533 -0.381598 -0.152916 -1.374666 -0.291124 -0.153104 -0.691852 -0.523637 -1.421835 -1.461642 -0.455857 -0.970468 -1.245002  0.556982  0.243289 -0.380024 -1.681836 -0.811221 -1.140205
151 E 151 -0.694307 -0.607876  0.347675  1.648452 -1.824717  0.321171  1.314360 -0.671175 -0.306063 -1.621460 -1.839052 -0.132155 -1.274932 -1.643934 -0.728274  0.142931 -0.466392 -2.009924 -1.373580 -1.372912
152 L 152 -0.517827 -0.513812 -0.927961 -1.375323 -1.114406 -0.329534 -0.746443 -1.285693 -1.149666 -0.332638  0.374168 -0.192026  0.267327 -0.763418 -1.311512 -0.588884 -0.639150 -1.227206 -0.808498 -0.351180
153 T 153 -0.119496 -0.784125 -0.243361 -0.808333 -0.727638 -0.644790 -0.723265 -1.229750 -0.978646 -0.509973 -0.513000 -0.687821 -0.463714 -0.763948 -0.779091  0.434073  1.835077 -1.117743 -0.674195 -0.151963
154 A 154 -0.603024 -0.488027  0.268315  1.560261 -1.902615  0.529905  1.484445 -0.806682 -0.359800 -1.756682 -1.914619  0.030231 -1.309161 -1.814381 -0.525160  0.112093 -0.475754 -2.089285 -1.425545 -1.398483
155 E 155 -0.162762 -0.268865 -0.129461  0.393530 -1.676610  0.540335  1.126625 -0.691999 -0.536771 -1.514906 -1.471379  0.175159 -0.938623 -1.630305 -0.668763  0.199228 -0.169836 -1.742165 -1.231466 -1.004991
156 R 156 -0.464923  2.179458 -0.049900 -0.946141 -1.736679  0.380409 -0.051452 -0.919668 -0.200817 -1.715798 -1.289645  0.840659 -0.715005 -1.783238 -1.168850 -0.460713 -0.546262 -1.854968 -1.259105 -1.609900
157 V 157 -0.466811 -1.686863 -1.820104 -1.971319 -0.682654 -1.517608 -1.668574 -2.213853 -1.626633  1.696375  1.105215 -1.549503  0.612400  0.173389 -1.741887 -1.182955 -0.519128 -1.435031 -0.246377  1.420903
158 E 158 -0.360538 -0.326661  0.199948  0.713101 -1.504194  0.285497  0.680867 -0.818229 -0.547226 -1.365775 -1.430237  0.152108 -0.929625 -1.573753 -0.757389  0.214176 -0.232809 -1.952823 -1.276987 -1.066971
159 K 159  0.063377 -0.097609 -0.056395 -0.249110 -1.342022  0.228825  0.258019 -0.713119 -0.621923 -1.395309 -1.254361  0.191210 -0.782907 -1.614939 -0.353567  0.263483 -0.036882 -1.841061 -1.226748 -0.955588
160 W 160 -1.848656 -1.870312 -2.474934 -2.487978 -1.247436 -1.246268 -1.867123 -1.261713 -1.247101 -1.842487 -1.226356 -1.863721 -0.614704  0.610379 -2.491167 -1.834823 -1.234255  6.730332  1.231052 -1.848425
161 V 161 -0.190318 -1.293692 -1.528509 -1.700142  0.213217 -1.124334 -1.294802 -1.905291 -1.603455  0.788622  0.536008 -1.089808  0.292600 -0.702713 -1.465729 -0.844425 -0.256337 -1.623864 -0.843512  0.857649
162 K 162 -0.086867 -0.109499 -0.181258  0.148590 -1.599432  0.411067  0.973109 -0.902479 -0.548849 -1.453379 -1.350073  0.463419 -0.857443 -1.679634 -0.406858  0.161537 -0.345700 -1.902238 -1.273455 -0.977113
163 Q 163 -0.397954  0.261270 -0.066535 -0.081086 -1.602691  1.475432  0.731564 -0.994369 -0.361842 -1.535281 -1.167663  0.510436 -0.366261 -1.616730 -0.748033  0.168132 -0.394888 -1.454826 -0.908278 -1.104832
164 I 164 -0.493392 -1.580248 -1.809997 -2.089850 -0.642844 -1.458932 -1.718534 -2.305783 -1.803830  1.722042  1.548742 -1.463737  0.845263 -0.045953 -1.746326 -1.197005 -0.510515 -1.549457 -0.570403  1.352103
165 S 165 -0.744482 -0.203668 -0.919442 -1.358696 -1.232077 -0.276262 -0.578787 -1.338596 -0.800534 -1.006268 -0.515434  0.339451 -0.235894 -0.656003 -1.326776 -0.628339 -0.658811  0.280315 -0.286515 -0.848444
166 E 166 -0.341175 -0.312846 -0.200100 -0.120982 -1.517173  0.106712  0.298059 -0.795182 -0.614662 -1.389895 -1.296186  0.166522 -0.825227 -1.661416  0.382560  0.010344 -0.253677 -1.811914 -1.247943 -0.971701
167 E 167 -0.041601 -0.216741 -0.233938  0.281612 -1.534243  0.484084  1.368696 -0.911256 -0.276443 -1.191059 -1.177076  0.196561 -0.801360 -1.352406 -0.668683  0.099671 -0.344205 -1.588899 -0.941507 -0.751063
168 L 168 -0.650798 -1.150598 -1.459625 -1.767621 -0.681151 -1.055059 -1.434462 -1.806861 -1.119991  0.716212  1.069185 -1.145811  0.811957  0.802632 -1.598030 -0.958973 -0.641139 -0.489383  0.151720  0.339122
169 H 169 -0.153715 -0.364184  0.213473 -0.134659 -0.435664 -0.172760 -0.174940  0.278916 -0.147707 -0.947085 -0.925581 -0.288269 -0.626532 -0.831300 -0.585648  0.169927 -0.306288 -0.855419 -0.617786 -0.788119
170 L 170 -0.155851 -0.467664 -0.568667 -0.724322 -0.230556 -0.399853 -0.539019 -0.750843 -0.567851  0.420945  0.550795 -0.414203  0.306067 -0.062645 -0.562712 -0.362253 -0.123295 -0.480071 -0.188331  0.336164
171 D 171 -0.015182 -0.123669  0.026056  0.160447 -0.324686 -0.003994  0.094608 -0.156645 -0.156875 -0.325400 -0.352186  0.000312 -0.247722 -0.370816 -0.180843  0.073260 -0.071757 -0.492636 -0.304241 -0.254676
172 E 172 -0.152299 -0.041066  0.177626  0.142434 -0.403852  0.091659  0.234183 -0.187948 -0.047988 -0.344046 -0.332796  0.064283 -0.221410 -0.375487 -0.120389  0.044903 -0.047544 -0.438664 -0.277108 -0.274308
173 I 173 -0.032070 -0.285943 -0.322713 -0.348323 -0.137571 -0.233425 -0.268628 -0.366885 -0.330137  0.213540  0.166462 -0.233425  0.089833 -0.114127 -0.165901 -0.177353 -0.068036 -0.337960 -0.159266  0.212894
174 L 174 -0.039821 -0.109403 -0.127610 -0.037963 -0.248285  0.004894  0.129501 -0.249512 -0.143682 -0.070400 -0.081653 -0.048710 -0.069902 -0.199431 -0.170929 -0.055855 -0.063856 -0.298450 -0.176073 -0.027588
175 N 175 -0.019985 -0.119508  0.047376  0.056821 -0.234556 -0.061681 -0.004083  0.200844 -0.111508 -0.281025 -0.292603 -0.076927 -0.209492 -0.245488 -0.132190  0.058934 -0.093126 -0.241051 -0.228328 -0.224726
176 A 176  0.077143 -0.066758 -0.079233 -0.082509 -0.018094 -0.050911 -0.050911 -0.046700 -0.085786  0.021118 -0.008517 -0.050911 -0.007488 -0.057180 -0.054188  0.002501  0.001029 -0.111368 -0.059428  0.050468
