  170         A         R         N         D         C         Q         E         G         H         I         L         K         M         F         P         S         T         W         Y         V    
  1 A   1  0.978377 -0.255087 -0.468203 -0.482193 -0.013990 -0.241097 -0.241097  0.000000 -0.496184 -0.269077 -0.269077 -0.241097 -0.255087 -0.510174 -0.255087  0.297058  0.013990 -0.765261 -0.510174 -0.027981
  2 D   2 -0.428122  0.016864  0.165648  0.680425 -1.154920  0.361880  0.852694 -0.478188 -0.034583 -1.026328 -1.046391  0.164470 -0.693894 -1.004419 -0.438338 -0.027513 -0.334172 -1.111303 -0.729098 -0.842504
  3 Q   3 -0.460039  0.034631  0.262296  0.051249 -1.174610  0.419592  0.569000 -0.671210  0.143764 -1.160283 -1.041245  0.154850 -0.605623 -0.986664 -0.707354  0.042979 -0.366722 -1.182110 -0.572324 -0.959145
  4 L   4 -0.594791 -1.146530 -1.606546 -2.067277 -0.577228 -1.127867 -1.605877 -2.083026 -1.492720  0.974691  1.840542 -1.144070  0.978689  0.331599 -1.661714 -1.063340 -0.589954 -0.898431 -0.313735  0.459179
  5 T   5  0.085379 -0.495431  0.350230 -0.145967 -0.768107 -0.232217 -0.199147 -0.524634 -0.736215 -0.976451 -0.963483 -0.235426 -0.634998 -1.225863 -0.465764  1.120724  1.115862 -1.543671 -1.159080 -0.747970
  6 E   6 -0.501653 -0.166613 -0.078532  0.708905 -1.874252  0.736442  1.568984 -1.017653 -0.310075 -1.496991 -1.486337  0.344274 -0.931253 -1.648583 -0.353793 -0.055093 -0.478077 -1.765915 -1.161314 -1.030545
  7 E   7 -0.560202 -0.262183  0.096809  1.283716 -1.987505  0.801323  2.014310 -0.942236 -0.233761 -1.635100 -1.708309  0.262148 -1.135963 -1.676196 -0.596753  0.083869 -0.451393 -1.819112 -1.243012 -1.197223
  8 Q   8 -0.591643  0.328758 -0.016272  0.381288 -1.933935  2.032525  1.656099 -1.179820 -0.066355 -1.697639 -1.347195  0.584832 -0.435533 -1.728985 -0.582833 -0.019454 -0.563648 -1.442692 -0.850960 -1.145168
  9 I   9 -0.489104 -0.961131 -1.325249 -1.519891 -0.890676 -0.961806 -1.096043 -1.972736 -1.411970  1.065178  0.597406 -0.711412  0.408781 -0.513990 -1.426756 -0.883583 -0.484788 -1.676387 -0.717397  0.913285
 10 A  10  0.297092 -0.171748 -0.248245 -0.195473 -1.255693  0.427162  0.436285 -0.644685 -0.589076 -1.242828 -1.143024  0.115955 -0.640038 -1.526693 -0.781757  0.257001 -0.295787 -1.795339 -1.143397 -0.789137
 11 E  11 -0.537145 -0.392818 -0.032582  0.841315 -2.196487  0.571544  1.749057 -0.353184 -0.368538 -1.812144 -1.863861  0.087477 -1.247716 -1.797386 -0.804310 -0.049087 -0.716650 -1.798911 -1.361750 -1.275565
 12 F  12 -0.856723 -1.607839 -1.832329 -2.115000 -0.879526 -1.512421 -1.820357 -2.274787 -1.221447  1.010190  1.095418 -1.602534  0.594680  1.263228 -2.072461 -1.241649 -0.867384 -0.641886  0.578193  0.477356
 13 K  13 -0.635186  1.502135 -0.081831 -0.823158 -1.846383  0.642800  0.375434 -1.281016 -0.399483 -1.789695 -1.203393  2.124806 -0.591454 -1.759068 -0.900372 -0.219740 -0.624164 -1.742217 -1.091123 -1.376600
 14 E  14 -0.543019 -0.063968  0.031497  1.047649 -2.214150  1.000357  2.241187 -1.094961 -0.200263 -1.784588 -1.770008  0.437888 -1.139353 -1.835319 -0.717414  0.012914 -0.558057 -1.922459 -1.288705 -1.256637
 15 A  15  1.567683 -0.837691 -1.349755 -1.504801 -0.079337 -0.685575 -0.933672 -0.631062 -1.408319 -0.187686 -0.150302 -0.788158  0.104442 -1.000518 -0.934349  0.184858 -0.095842 -1.710468 -1.140635  0.265079
 16 F  16 -1.304343 -1.960724 -1.968395 -1.980311 -1.304343 -1.953460 -1.968395 -1.985403 -0.668322  0.028446  0.030582 -1.960724  0.025244  3.862004 -2.614185 -1.314087 -1.304343  0.622437  1.941591 -0.622842
 17 S  17 -0.301995  0.105162  0.321562  0.164998 -1.436397  0.372140  0.463838 -0.798490 -0.448482 -1.558320 -1.391507  0.505576 -0.775930 -1.647443 -0.865358  0.471796 -0.211328 -1.945280 -1.274294 -1.284309
 18 L  18 -0.503079 -0.977585 -1.248673 -1.797516 -0.880071 -0.753207 -1.200477 -1.953040 -1.367803  0.531688  1.099862 -0.858460  0.879920 -0.363947 -1.574989 -0.750370 -0.473891 -1.350867 -0.635645  0.330196
 19 F  19 -1.078933 -1.738469 -1.844730 -1.983839 -1.116848 -1.610785 -1.830467 -2.039874 -0.870384  0.394229  0.370977 -1.721932  0.512060  2.669754 -2.297226 -1.198177 -1.096924  0.099252  1.296380 -0.113913
 20 D  20 -1.289955 -1.300277  0.647852  3.859401 -1.977163  0.001771  1.294352 -0.658960 -0.666319 -1.969110 -2.616331 -0.653089 -1.958168 -1.983246 -0.673285  0.002442 -0.640749 -2.635428 -1.972425 -1.953572
 21 K  21 -0.304923  0.404188 -0.187527 -0.743688 -1.387355  0.137774 -0.007785 -1.304125 -0.847916 -1.168054 -0.900791  0.948775 -0.473502 -1.585735 -0.784022  0.099030  0.524839 -1.758767 -1.233077 -0.682510
 22 D  22 -1.145478 -0.819826  1.063204  2.670577 -1.966663  0.108331  1.060309 -0.607939 -0.396262 -1.913291 -2.317138 -0.305628 -1.670401 -1.946054 -0.802136  0.131305 -0.442771 -2.495538 -1.736955 -1.807524
 23 G  23 -0.415779 -0.310806  0.749297 -0.374037 -1.828820 -0.412823 -0.482425  1.473861 -0.554602 -2.222342 -2.081798 -0.155416 -1.421935 -1.910752 -1.183778  0.146523 -0.807290 -1.762807 -1.557831 -1.784476
 24 D  24 -0.616944 -0.721347  0.861547  1.789792 -1.545282  0.003756  0.614271 -0.463461 -0.566666 -1.710516 -1.973995 -0.217592 -1.358580 -1.759360 -0.766378  0.807477  0.025151 -2.307606 -1.639650 -1.622308
 25 G  25 -0.030703 -1.252378  0.046016 -0.636357 -1.952271 -1.232931 -1.241817  3.716833 -1.256804 -2.601701 -2.590842 -1.246959 -1.920991 -1.972658 -1.319119  0.018482 -1.276095 -1.363470 -1.938462 -1.961599
 26 T  26 -0.331475 -0.394830 -0.411764 -0.922743 -0.866945 -0.357647 -0.527267 -1.316930 -0.575991 -0.939431 -0.804283 -0.103496 -0.519010 -0.639449 -1.128827  0.048971  0.389615 -1.193204 -0.341645 -0.666386
 27 I  27 -0.610191 -1.934532 -1.974681 -2.018767 -0.662280 -1.885351 -1.933723 -2.594205 -1.980416  2.501367  1.340260 -1.892505  0.717426 -0.051360 -1.933723 -1.307005 -0.603047 -1.940997 -0.668745  1.937829
 28 T  28 -0.244104 -0.678273  0.407373  0.393923 -1.122727 -0.278648 -0.029148 -0.800314 -0.865310 -1.203690 -1.285133 -0.388697 -0.944035 -1.525885 -0.710297  0.762986  1.362819 -1.831217 -1.430054 -0.853573
 29 T  29 -0.115075 -0.986257 -1.065355 -1.426755 -0.801476 -0.818980 -1.000670 -1.470838 -0.914974 -0.153623 -0.219356 -0.791288 -0.197555 -0.164540 -1.261286 -0.365411  0.065026 -1.091494 -0.021710  0.031567
 30 K  30 -0.511566  0.182248  0.124292  0.386881 -1.880978  0.539231  1.014839 -0.936505 -0.152962 -1.766078 -1.620106  0.814271 -1.004061 -1.760540 -0.780583  0.141155 -0.479408 -1.960823 -1.208639 -1.354581
 31 E  31 -0.749564 -0.128543  0.104692  1.490143 -2.495612  1.225074  2.825200 -1.243897 -0.101829 -1.947756 -1.982872  0.495986 -1.274958 -1.955740 -0.688849  0.001444 -0.654199 -2.028935 -1.356621 -1.384427
 32 L  32 -0.655732 -1.404450 -1.982056 -2.564995 -0.544178 -1.369070 -1.976759 -2.588627 -1.925817  1.281967  2.341082 -1.382688  1.217045  0.101714 -1.989028 -1.302726 -0.663276 -1.281969 -0.564750  0.690348
 33 G  33 -0.277759  0.214728 -0.061138 -0.744808 -1.823344 -0.199743 -0.277932  0.598862 -0.742534 -1.958976 -1.656310  0.661623 -1.074234 -1.811677 -1.051684 -0.060804 -0.834282 -1.719656 -1.451700 -1.469305
 34 T  34 -0.051984 -0.779692 -0.452222 -0.412681 -1.072893 -0.397155 -0.257850 -1.153646 -0.920733 -0.476854 -0.761742 -0.551941 -0.522796 -1.239772 -0.972008 -0.025672  0.444161 -1.820760 -1.074484 -0.095603
 35 V  35  0.427144 -1.448167 -1.369936 -1.601595 -0.610125 -1.167771 -1.290007 -0.445369 -1.667965  0.251990 -0.170940 -1.184761 -0.071491 -0.978022 -1.295971 -0.527095 -0.346521 -1.722851 -1.094701  0.695119
 36 M  36 -0.618623 -1.058677 -1.654895 -2.249521 -0.621371 -0.716297 -1.643486 -2.263658 -1.616041  0.965133  1.727051 -1.043468  2.183446  0.067579 -1.663235 -0.955705 -0.653966 -0.999682 -0.598876  0.684085
 37 R  37 -0.405353  1.880593 -0.134438 -1.036584 -1.747191  0.485663  0.065146 -1.190490 -0.201793 -1.713482 -1.228664  1.005083 -0.634252 -1.790857 -1.087392 -0.326158 -0.457403 -1.867987 -1.200051 -1.508710
 38 S  38  0.601458 -0.107140 -0.189242 -0.696221 -0.686939 -0.108476 -0.198828 -0.599821 -0.816469 -1.188824 -1.023944  0.211838 -0.574880 -1.444711 -0.850394  0.884818  0.101263 -1.900277 -1.258990 -0.880064
 39 L  39 -0.646236 -1.319833 -1.842359 -2.408760 -0.733634 -1.180989 -1.782216 -2.479196 -1.753073  1.163214  2.045403 -1.260275  1.171199  0.016857 -1.892538 -1.227703 -0.636157 -1.294009 -0.502828  0.693861
 40 G  40 -0.040778 -1.223427  0.057236 -0.565643 -1.981415 -1.200627 -1.180189  3.629859 -1.257150 -2.587865 -2.586774 -1.204043 -1.922430 -1.986824 -1.302831  0.014876 -1.261264 -1.402995 -1.954448 -1.952749
 41 Q  41 -0.519842 -0.425550 -0.531433 -0.684620 -1.433011  0.446429 -0.016968 -1.301918 -0.260776 -1.080675 -0.813665 -0.266038 -0.288587 -0.496275 -1.205061 -0.109194 -0.515914 -1.119485 -0.219750 -0.913426
 42 N  42 -0.834927 -0.001761  1.357278  0.379271 -1.849835  0.368361  0.576304 -0.731611 -0.015238 -1.727829 -1.626285  0.325447 -0.955415 -1.712363 -0.940823  0.275220 -0.241134 -2.110582 -1.196690 -1.475141
 43 P  43 -0.477767 -1.333893 -1.538560 -1.401542 -1.291393 -0.912552 -1.129996 -1.753154 -1.532658 -0.395874 -0.205028 -0.948642 -0.150075 -1.362021  1.354151 -0.831398 -0.560150 -2.025780 -1.290026 -0.196204
 44 T  44 -0.050441 -0.337216  0.033636 -0.493514 -1.047685 -0.258248 -0.275506 -1.020510 -0.995614 -1.096426 -0.987268  0.054695 -0.642472 -1.509072 -0.478917  0.723049  1.453566 -1.719219 -1.349314 -0.632047
 45 E  45 -0.760189 -0.073541  0.152029  1.015485 -2.224873  0.722358  1.736744 -1.133867 -0.312229 -1.847872 -1.827415  0.656657 -1.185438 -1.925988 -0.572070 -0.051240 -0.605921 -2.123003 -1.397514 -1.374439
 46 A  46  0.467219 -0.403369 -0.317045 -0.122417 -1.285555  0.153048  0.559851 -0.609275 -0.718095 -1.305276 -1.277452 -0.057484 -0.795944 -1.590870 -0.647094  0.490919 -0.145060 -1.957467 -1.308069 -0.833407
 47 E  47 -0.742431 -0.143427  0.036400  1.377942 -2.477203  1.159652  2.746088 -1.285058 -0.071825 -1.947450 -1.987243  0.456175 -1.301529 -1.926953 -0.736246 -0.027796 -0.637495 -2.014179 -1.285047 -1.376508
 48 L  48 -0.482401 -1.721193 -2.012757 -2.307744 -0.638087 -1.532904 -1.842331 -2.485658 -1.985590  1.817286  1.657725 -1.551466  0.956932 -0.133865 -1.857271 -1.313109 -0.505468 -1.679924 -0.633271  1.518991
 49 Q  49 -0.620057  0.444014 -0.217190 -0.339229 -1.783308  0.854990  0.511541 -1.372766 -0.399733 -1.447409 -1.034172  0.727372 -0.468000 -1.591688 -0.985468 -0.242365 -0.611506 -1.767404 -0.966981 -1.124342
 50 D  50 -0.515414 -0.108301  0.059358  0.761457 -1.836191  0.607917  1.015908 -0.990072 -0.544116 -1.618440 -1.563225  0.349645 -0.906295 -1.784367 -0.844873  0.085008 -0.443748 -2.046795 -1.395705 -1.262284
 51 M  51 -0.572415 -1.185180 -1.681883 -2.201058 -0.673753 -0.847572 -1.623392 -2.274480 -1.544497  1.095306  1.532873 -1.157498  1.854116 -0.070356 -1.685303 -0.999251 -0.648178 -1.136645 -0.581759  0.842181
 52 I  52 -0.566194 -1.464467 -1.729459 -2.037228 -0.714443 -1.206346 -1.668844 -2.304418 -1.713618  1.499556  1.234439 -1.368162  1.346016  0.033998 -1.758916 -1.001683 -0.579007 -1.446899 -0.585934  1.191162
 53 N  53 -0.446712  0.139415  0.683597  0.315079 -1.779096  0.496485  0.684341 -0.692000 -0.146812 -1.782790 -1.659962  0.407626 -1.014723 -1.824545 -0.930833  0.269433 -0.362734 -2.102666 -1.270997 -1.440086
 54 E  54 -0.089939 -0.275770 -0.160396  0.603272 -1.823484  0.570717  1.462661 -0.967745 -0.424768 -1.549169 -1.562925  0.148191 -1.033966 -1.751137 -0.786131  0.129584 -0.415375 -2.040378 -1.307112 -1.045449
 55 V  55  0.441380 -1.440564 -1.597689 -1.718437 -0.644418 -1.138929 -1.216119 -1.419904 -1.303279  0.701220  0.116414 -1.207393  0.079491 -0.477008 -1.214321 -0.648756 -0.314243 -1.677969 -0.490910  1.006084
 56 D  56 -1.227256 -1.095345  0.610180  3.389852 -1.963620  0.035320  1.188034 -0.683057 -0.641735 -1.953860 -2.488893 -0.414569 -1.832947 -1.969623 -0.668370 -0.005749 -0.643172 -2.565420 -1.893665 -1.890642
 57 A  57  0.084700 -0.597837 -0.899406 -1.114193 -1.009538 -0.435672 -0.505015 -1.340507 -1.213961 -0.221417 -0.339947 -0.205365 -0.149474 -1.174326 -0.831323 -0.206445  0.019521 -1.831655 -1.063750  0.135432
 58 D  58 -1.189866 -0.933883  0.903173  3.017963 -2.037957  0.150374  1.278362 -0.639580 -0.419073 -1.979369 -2.436752 -0.387751 -1.769083 -1.976066 -0.739736  0.080809 -0.560808 -2.526156 -1.794486 -1.880840
 59 G  59 -0.285850 -0.707383  0.529885 -0.415000 -1.854704 -0.697348 -0.690837  2.024250 -0.839819 -2.228015 -2.133486 -0.567683 -1.500666 -1.893091 -1.204253  0.133396 -0.887421 -1.674145 -1.692634 -1.753754
 60 N  60 -0.646325 -0.543378  1.471359  0.996585 -1.587901 -0.083239  0.214555 -0.321973 -0.339865 -1.697528 -1.840605 -0.184344 -1.224959 -1.792490 -0.823429  0.823487  0.111685 -2.345975 -1.526854 -1.584999
 61 G  61 -0.041755 -1.160373  0.035702 -0.635074 -2.003761 -1.174132 -1.178635  3.516469 -1.234393 -2.600890 -2.579090 -1.114252 -1.898784 -2.014887 -1.303065  0.023581 -1.252255 -1.451399 -1.953428 -1.956775
 62 T  62 -0.272195 -0.188848 -0.318810 -0.823384 -1.162890 -0.172649 -0.281135 -1.335331 -0.782993 -0.999914 -0.820000 -0.020423 -0.501578 -1.226451 -0.865339  0.132526  0.757221 -1.522756 -0.943281 -0.614196
 63 I  63 -0.581341 -1.941488 -2.053148 -2.165130 -0.701668 -1.821280 -1.945102 -2.617534 -2.030214  2.349553  1.429833 -1.834776  0.819933 -0.037264 -1.958226 -1.355635 -0.585018 -1.896631 -0.643687  1.894231
 64 D  64 -0.922059 -0.917169  0.944666  2.442120 -1.841625  0.077990  1.004978 -0.580650 -0.421715 -1.901074 -2.280006 -0.377478 -1.627132 -1.901331 -0.795061  0.453295 -0.283664 -2.477440 -1.701640 -1.792698
 65 F  65 -1.189542 -1.736661 -1.788209 -2.019014 -1.191092 -1.500563 -1.741365 -2.022376 -0.223943 -0.174274 -0.148426 -1.717031 -0.155072  2.822919 -2.384873 -1.270626 -1.227394  0.587381  2.409603 -0.554097
 66 P  66 -0.471538 -0.588817  0.055149  0.565797 -1.946995  0.197039  0.830494 -0.554466 -0.607965 -1.768760 -1.822020 -0.116687 -1.233181 -1.921449 -0.236351  0.117120 -0.402484 -2.126047 -1.508564 -1.319110
 67 E  67 -0.716259 -0.243691  0.070194  1.378299 -2.451309  0.998219  2.578666 -1.209526 -0.200319 -1.899737 -1.969606  0.352504 -1.276791 -1.966765 -0.753836  0.012934 -0.510267 -2.089590 -1.419430 -1.330764
 68 F  68 -1.345147 -2.016941 -2.032425 -2.060853 -1.348753 -2.000032 -2.032580 -2.068542 -0.691448  0.023310  0.062705 -2.014589  0.032876  3.928811 -2.698588 -1.358397 -1.344049  0.624192  2.002813 -0.645976
 69 L  69 -0.487963 -1.470299 -1.809996 -2.229319 -0.633362 -1.324728 -1.698814 -2.298635 -1.843419  1.215176  1.401104 -1.311158  0.792904 -0.274532 -1.841510 -1.157649 -0.513358 -1.596225 -0.673804  0.981190
 70 T  70  0.176230 -0.332863 -0.189495 -0.497679 -1.199485 -0.119618 -0.044761 -0.910417 -0.769751 -1.287052 -1.217750 -0.074775 -0.826956 -1.641692 -0.664106  0.317566  0.427863 -1.974244 -1.288315 -0.787700
 71 M  71  0.039114 -1.305412 -1.786904 -2.156612 -0.608025 -1.016741 -1.558055 -1.991806 -1.768733  1.048113  1.162519 -1.202935  1.297322 -0.387271 -1.568768 -0.810191 -0.482872 -1.569083 -0.836624  1.011262
 72 M  72 -0.437693 -0.949480 -1.298194 -1.877662 -0.689318 -0.495336 -1.344925 -1.906127 -1.345728  0.579563  0.917594 -0.904341  1.958887 -0.125471 -1.415818 -0.619230 -0.234078 -0.968647 -0.569819  0.621652
 73 A  73  0.508121 -0.703477 -0.610393 -1.114856 -0.928286 -0.444635 -0.680841 -0.592332 -1.170691 -0.793770 -0.691454 -0.563069 -0.319423 -1.364367 -1.091914  0.376444  0.354806 -1.828697 -1.296960 -0.369893
 74 R  74 -0.576403  0.581993 -0.150768 -0.689169 -1.856557  0.242599  0.150983 -1.344709  0.045721 -1.517001 -1.257745  0.415308 -0.712112 -1.685852 -0.967847 -0.291902 -0.506916 -2.046108 -1.045233 -1.248169
 75 K  75 -0.709053  0.616258 -0.119403 -0.783157 -1.805214  0.415143  0.157459 -1.277079  0.120302 -1.585546 -1.237811  1.243798 -0.568201 -1.490300 -0.990326 -0.260157 -0.697626 -1.704807 -0.776482 -1.203878
 76 M  76 -0.696936 -1.097348 -1.288677 -1.937780 -1.011463 -0.760643 -1.403917 -2.193651 -1.415756  0.674434  1.093113 -1.001853  1.346242 -0.376649 -1.728514 -0.817603 -0.580659 -1.501424 -0.726637  0.451617
 77 K  77 -0.343079  0.311802  0.269407 -0.720527 -1.722113  0.109113 -0.116247 -0.742254 -0.670566 -1.583428 -1.220094  0.729637 -0.723071 -1.785778 -1.149101  0.165469 -0.412513 -2.161685 -1.378395 -1.260116
 78 D  78 -0.567289 -0.136741  0.154234  0.899981 -2.142592  0.541020  1.225461 -0.735578 -0.472772 -2.048502 -2.012214  0.484244 -1.296941 -2.031319 -0.750759  0.127125 -0.574495 -2.236018 -1.549364 -1.578520
 79 T  79 -0.537156 -0.140808 -0.369847 -0.601393 -1.706237  0.058039  0.096198 -1.527589 -0.920634 -1.113146 -0.893207 -0.024330 -0.442815 -1.646008 -1.102888 -0.198671 -0.038317 -2.071976 -1.353591 -0.802113
 80 D  80 -0.928527 -1.036074  0.255184  1.891210 -2.253875  0.073867  1.116247 -0.776614 -0.783835 -1.940874 -2.170696 -0.454504 -1.583458 -2.062958 -0.961551  0.014853 -0.574294 -2.583817 -1.831170 -1.671685
 81 S  81 -0.217758 -0.115175  0.056699 -0.431747 -1.741345  0.288359  0.113068 -1.097635 -0.747534 -1.780171 -1.627864  0.092588 -0.927157 -2.068137 -0.222768  0.556641  0.192028 -2.387947 -1.549363 -1.336319
 82 E  82 -0.796788 -0.146687 -0.244218  0.719193 -2.516918  0.735937  1.889975 -1.643691 -0.444116 -1.769658 -1.756362  0.562559 -1.117101 -2.000243 -1.053161 -0.218980 -0.727640 -2.373018 -1.411727 -1.265210
 83 E  83 -0.735963 -0.075778  0.126055  1.439656 -2.802987  1.232450  2.613509 -1.355123 -0.331623 -2.363352 -2.344382  0.612198 -1.503037 -2.444845 -0.911215  0.060493 -0.719082 -2.601708 -1.748993 -1.721063
 84 E  84 -1.098771 -0.334251  0.327820  1.525779 -3.085852  1.098502  2.814556 -1.578495  0.519756 -2.414608 -2.530177  0.253818 -1.647376 -2.346703 -1.105276 -0.115601 -0.875298 -2.662196 -1.431096 -1.820168
 85 I  85 -1.045177 -2.221392 -2.666821 -3.161747 -1.069841 -2.110576 -2.642138 -3.445495 -2.260599  1.995722  2.234867 -2.195767  1.249575  0.789647 -2.809987 -1.784459 -1.039929 -1.590736 -0.102535  1.220972
 86 R  86 -0.874962  1.272486 -0.724632 -1.756411 -2.230567  0.248173 -0.337721 -2.156869 -0.711748 -1.506404 -0.838630  1.244086 -0.303310 -1.656048 -1.695965 -0.736463 -0.866024 -2.153310 -1.044096 -1.277915
 87 E  87 -0.559196  0.176901  0.051359  0.811204 -2.760032  0.969552  2.169699 -1.503302 -0.527934 -2.351605 -2.204964  0.975415 -1.424587 -2.539760 -1.077762  0.091608 -0.624442 -2.793289 -1.860744 -1.678405
 88 A  88  2.744627 -1.117149 -1.793991 -1.916693 -0.180852 -1.014261 -1.150912 -0.265752 -1.915907 -0.668725 -0.673649 -1.072293 -0.527542 -1.654954 -1.174770  0.537564 -0.138194 -2.549915 -1.748049  0.082839
 89 F  89 -1.763688 -2.682657 -2.744382 -2.806466 -1.767806 -2.656976 -2.735647 -2.814786 -1.047307  0.151511  0.218740 -2.674873  0.168817  5.036128 -3.582422 -1.828281 -1.760927  0.720288  2.471264 -0.736054
 90 R  90 -0.489375  1.212291  0.177772 -0.452690 -2.212365  0.771575  0.502179 -1.340753 -0.508373 -2.306902 -1.823128  1.204537 -0.931680 -2.409175 -1.296686  0.240625 -0.508957 -2.666521 -1.727502 -1.931913
 91 V  91 -0.693490 -1.768632 -2.031394 -2.496656 -1.179862 -1.289753 -1.676233 -2.772793 -1.596204  0.933223  1.009938 -1.496387  0.773478 -0.141661 -2.210445 -1.333755 -0.697844 -1.683192 -0.154538  0.896604
 92 F  92 -1.577498 -2.562151 -2.630186 -2.744618 -1.669246 -2.470466 -2.612829 -2.764387 -1.065506  0.251442  0.239238 -2.541662  0.262955  4.423630 -3.382288 -1.701422 -1.599340  0.447678  2.232768 -0.517204
 93 D  93 -1.807619 -1.832407  0.902538  5.433648 -2.753220 -0.002752  1.816251 -0.912138 -0.929502 -2.747140 -3.658578 -0.917974 -2.740672 -2.759770 -0.929889  0.007275 -0.906819 -3.674755 -2.753387 -2.733785
 94 K  94 -0.744622  0.799199 -0.164082 -0.515868 -2.325618  0.486212  0.490933 -1.802021 -0.979377 -2.019458 -1.571374  1.938974 -0.871284 -2.380233 -1.092110 -0.054289 -0.136531 -2.630895 -1.767679 -1.392754
 95 D  95 -1.656358 -1.247849  1.530395  4.004350 -2.817602  0.200293  1.677036 -0.826852 -0.459180 -2.738053 -3.344430 -0.511052 -2.422435 -2.732063 -1.086856  0.168689 -0.746669 -3.515716 -2.430117 -2.608632
 96 G  96 -0.432382 -0.639281  0.833928 -0.391379 -2.564432 -0.535132 -0.610842  2.272720 -0.905261 -3.108186 -2.954226 -0.413272 -2.019549 -2.660661 -1.601336  0.235016 -1.160615 -2.393824 -2.215450 -2.449076
 97 N  97 -0.781209 -0.754319  1.698036  1.638004 -2.028395 -0.061040  0.471907 -0.657971 -0.601310 -2.255449 -2.471518 -0.192004 -1.680930 -2.383819 -1.159780  1.253066  0.506200 -3.107055 -2.105726 -2.079752
 98 G  98 -0.020131 -1.792106  0.028162 -0.898358 -2.745285 -1.771317 -1.780441  5.346768 -1.796285 -3.655820 -3.648237 -1.785599 -2.723525 -2.753301 -1.834932  0.022218 -1.798443 -1.859362 -2.726780 -2.749435
 99 Y  99 -0.923214 -0.833536 -1.027496 -1.744106 -1.574641 -0.692065 -1.029977 -2.114754 -0.192096 -1.172992 -0.987601 -0.468606 -0.675256  0.347570 -2.007319 -0.547727 -0.358866 -0.793951  1.160044 -0.986773
100 I 100 -0.854234 -2.710126 -2.748807 -2.794418 -0.928418 -2.640206 -2.688162 -3.606528 -2.733247  3.500465  1.823258 -2.649852  0.971012 -0.053445 -2.694909 -1.826346 -0.853970 -2.707637 -0.909921  2.718298
101 S 101 -0.058262 -0.884177  0.521426  0.240228 -1.450468 -0.212865  0.057390 -0.969947 -1.106362 -1.662945 -1.700663 -0.385105 -1.074953 -2.019207 -0.964832  1.509150  1.583966 -2.518557 -1.889214 -1.241113
102 A 102  0.171708 -1.266863 -1.587130 -1.957072 -1.177806 -1.109227 -1.317552 -1.751971 -1.508942 -0.227946 -0.294419 -1.079035 -0.236978 -0.632140 -1.517204 -0.461356 -0.228668 -1.885733 -0.662647  0.029846
103 A 103 -0.214147 -0.101535  0.082838  0.615928 -2.270271  0.474685  1.129412 -1.011697 -0.577010 -2.257630 -2.193016  0.535653 -1.430121 -2.403204 -1.048482  0.372993 -0.482572 -2.801012 -1.843479 -1.704064
104 E 104 -1.042555 -0.154988  0.516737  1.850814 -3.389976  1.435866  3.610375 -1.597171 -0.021204 -2.674803 -2.731984  0.647091 -1.816591 -2.661456 -1.040176  0.087578 -0.796594 -2.852675 -1.807238 -1.946028
105 L 105 -0.951449 -1.923154 -2.738062 -3.546105 -0.940363 -1.901093 -2.727352 -3.596947 -2.642509  1.815396  3.271315 -1.916626  1.715102  0.258932 -2.778425 -1.817403 -0.949924 -1.749074 -0.735366  0.950836
106 R 106 -0.627374  1.627948 -0.153772 -1.121421 -2.484263  0.546701  0.179347 -0.805254 -0.622626 -2.520858 -1.932279  1.485235 -1.055679 -2.530303 -1.466325 -0.334530 -0.955825 -2.511424 -1.785338 -2.015410
107 H 107 -0.536244 -0.019202 -0.192374 -0.647734 -2.030603  0.291683  0.207700 -1.644103  0.336819 -1.586865 -1.549306 -0.143557 -0.883465 -1.743567 -1.453485 -0.168817 -0.266831 -2.282912 -0.874552 -1.178120
108 V 108  0.747617 -1.995103 -2.186628 -2.375285 -0.668821 -1.557574 -1.699745 -1.573714 -2.350678  1.051314  0.274153 -1.539409  0.283284 -1.119382 -1.735062 -0.834572 -0.267944 -2.507068 -1.293585  1.638020
109 M 109 -0.359845 -1.427329 -2.210026 -2.934952 -0.365058 -1.035549 -2.162842 -2.775479 -2.211235  0.948038  1.918188 -1.413370  2.356047 -0.269519 -2.146631 -1.035983 -0.743534 -1.556198 -1.014142  0.706080
110 T 110 -0.272703  1.059259 -0.273003 -1.187075 -1.926505  0.187013 -0.084142 -1.552754 -0.833615 -1.779268 -1.385861  0.886170 -0.741567 -2.163644 -1.332703 -0.023703  0.230690 -2.403580 -1.640320 -1.293551
111 N 111 -0.076674 -0.239387  0.423375 -0.018787 -1.790839  0.232475  0.709440 -1.015122 -0.637397 -1.980179 -1.851327  0.339949 -1.161970 -2.190332 -1.151906  0.833160  0.056247 -2.685935 -1.728765 -1.502380
112 L 112 -0.933146 -1.733938 -2.341256 -3.003212 -1.105490 -1.526330 -2.250554 -3.206776 -2.132288  1.274277  2.387731 -1.668640  1.395504  0.173535 -2.520050 -1.541294 -0.900043 -1.612964 -0.503241  0.646639
113 G 113 -0.057686 -1.670365  0.016477 -0.775939 -2.588940 -1.628146 -1.581996  4.712137 -1.700187 -3.368657 -3.385889 -1.632377 -2.526697 -2.604106 -1.754205  0.012565 -1.661643 -1.864930 -2.579663 -2.542797
114 E 114 -0.869595 -0.467579 -0.355685  0.435406 -2.528078  0.877584  1.706002 -1.670916 -0.205271 -1.865229 -1.751149  0.020361 -0.965639 -1.582941 -1.253553 -0.205430 -0.811881 -2.043951 -1.019551 -1.400420
115 K 115 -0.946831  0.387632  1.163613  0.034032 -2.360275  0.381628  0.440915 -0.998103 -0.293277 -2.284280 -2.023977  0.977769 -1.187407 -2.343962 -0.992831  0.204437 -0.350661 -2.704062 -1.662123 -1.862304
116 L 116 -0.735183 -1.677516 -2.096244 -2.418521 -1.209689 -1.334624 -1.899244 -2.680984 -2.092820  0.480919  1.126811 -1.455960  0.800966 -0.742402 -0.707334 -1.260697 -0.767993 -2.072725 -1.133817  0.290034
117 T 117 -0.082185 -0.760818  0.268321 -0.200367 -1.367440 -0.428828 -0.267549 -1.148716 -1.319350 -1.534949 -1.542412 -0.333742 -1.114247 -2.042064 -0.783508  1.129823  2.134282 -2.350050 -1.880585 -0.941442
118 D 118 -1.142590 -0.695546  0.294111  2.271268 -2.822132  0.607336  2.021648 -1.335406 -0.545714 -2.443108 -2.682072  0.134739 -1.845556 -2.560035 -0.817417 -0.064157 -0.804352 -3.025544 -2.042836 -1.990248
119 E 119 -0.076282 -0.376365 -0.291690  0.671002 -2.338557  0.629323  1.713035 -1.243565 -0.754440 -1.994205 -2.034444  0.207177 -1.314193 -2.343670 -0.963232  0.227071 -0.488625 -2.747097 -1.828555 -1.335485
120 E 120 -0.949615 -0.282391 -0.020640  1.597383 -3.250057  1.335161  3.428310 -1.758346 -0.072418 -2.434074 -2.539444  0.488578 -1.673469 -2.500633 -1.024148 -0.076376 -0.778438 -2.708500 -1.686289 -1.678808
121 V 121 -0.524808 -2.353462 -2.706716 -3.065701 -0.755902 -2.080156 -2.451235 -3.248859 -2.703020  2.390944  2.057040 -2.089988  1.165979 -0.286829 -2.455597 -1.711933 -0.609930 -2.338922 -0.927520  2.087768
122 D 122 -1.029917  0.144629  0.155202  0.961746 -2.627474  1.054536  1.343075 -1.582234 -0.499743 -2.292656 -2.097841  0.611355 -1.214716 -2.372004 -1.206564 -0.133416 -0.786395 -2.683696 -1.662723 -1.876852
123 E 123 -0.573257 -0.262190  0.020962  1.319292 -2.690320  1.001973  2.128175 -1.349669 -0.559984 -2.346746 -2.338035  0.396900 -1.482989 -2.505876 -1.060225  0.141668 -0.633071 -2.797252 -1.887136 -1.731424
124 M 124 -0.745097 -1.537143 -2.232926 -2.916923 -0.899055 -1.005470 -2.161903 -3.021346 -2.154752  1.537805  1.992854 -1.506929  2.905500 -0.097645 -2.198637 -1.258475 -0.872720 -1.518426 -0.890940  1.251937
125 I 125 -0.901565 -2.314029 -2.567010 -2.861366 -0.991005 -2.118695 -2.522861 -3.359366 -2.418122  2.511945  1.806434 -2.243686  1.428353  0.330336 -2.624625 -1.623912 -0.912101 -2.066922 -0.613866  1.866057
126 R 126 -0.558470  0.938326  0.355549 -0.025726 -2.363121  0.714500  0.702329 -1.261854 -0.370227 -2.373625 -2.039134  0.962402 -1.190050 -2.456529 -1.302294  0.106724 -0.575517 -2.780186 -1.743168 -1.963745
127 E 127 -0.575828 -0.443152 -0.079853  1.378215 -2.922896  0.954477  2.676767 -1.282154 -0.416296 -2.359251 -2.455937  0.239572 -1.657491 -2.490101 -1.055295  0.050202 -0.761219 -2.778427 -1.851361 -1.654894
128 A 128  1.097154 -1.820353 -2.144790 -2.244301 -0.738890 -1.452250 -1.533409 -1.551406 -1.873139  0.648729 -0.025006 -1.540423 -0.054791 -0.596257 -1.702500 -0.583078 -0.356956 -2.232297 -0.790000  1.141671
129 D 129 -1.715219 -1.612813  0.865425  4.726981 -2.704455  0.020658  1.619049 -0.925197 -0.730490 -2.706651 -3.478874 -0.748921 -2.573030 -2.691386 -0.772027 -0.015259 -0.894085 -3.520446 -2.549945 -2.638710
130 I 130 -0.261988 -0.641517 -1.169268 -1.587244 -1.484205 -0.427032 -0.687844 -2.085919 -1.534826 -0.291207 -0.293027 -0.309715 -0.084671 -1.523186 -1.402520 -0.441552  0.070964 -2.364622 -1.351388  0.070657
131 D 131 -1.676407 -1.367812  1.400355  4.282596 -2.737942  0.088871  1.572302 -0.754266 -0.617756 -2.712503 -3.380518 -0.614821 -2.471738 -2.704297 -1.056620  0.141991 -0.761034 -3.507869 -2.506076 -2.629338
132 G 132 -0.430948 -0.823034  0.811391 -0.521781 -2.542664 -0.724234 -0.796294  2.437135 -1.001647 -3.038728 -2.887419 -0.512039 -1.969853 -2.584334 -1.533936  0.281734 -1.143339 -2.327982 -2.220000 -2.391773
133 D 133 -1.345351 -1.188934  1.595277  3.295692 -2.429361  0.013633  1.056525 -0.665353 -0.617436 -2.531348 -3.038949 -0.498196 -2.157475 -2.580796 -1.107232  0.583263 -0.359725 -3.392192 -2.358710 -2.444306
134 G 134 -0.032129 -1.709233  0.050673 -0.882442 -2.722405 -1.718730 -1.716140  5.119410 -1.742096 -3.579591 -3.566054 -1.702129 -2.657631 -2.729508 -1.792886  0.023250 -1.748113 -1.900041 -2.692071 -2.697163
135 Q 135 -0.667405  0.528614 -0.238054 -0.876920 -1.968483  0.630794  0.322398 -1.818566 -0.581442 -1.812306 -1.381438  0.542232 -0.643128 -1.935182 -1.389980 -0.116722 -0.031825 -2.179476 -1.225710 -1.337822
136 V 136 -0.716228 -2.675236 -2.737643 -2.822985 -0.953489 -2.449819 -2.534825 -3.401877 -2.712559  3.176401  1.684916 -2.458586  0.978954 -0.108577 -2.558633 -1.809175 -0.711180 -2.598416 -0.852862  2.706664
137 N 137 -1.251386 -0.880179  2.137316  2.440744 -2.372843  0.035903  0.862233 -0.613667 -0.295319 -2.520359 -2.856958 -0.304361 -1.983355 -2.547551 -1.250071  0.814667 -0.184124 -3.351476 -2.163348 -2.415884
138 Y 138 -1.516883 -1.891186 -2.015100 -2.393880 -1.796630 -1.293524 -1.668878 -2.614473  0.327419 -0.636966 -0.597453 -1.822387 -0.515157  2.742171 -2.761672 -1.571138 -1.612643  0.703626  3.653069 -0.844845
139 E 139 -0.792715 -0.561247  0.233715  1.386970 -2.821337  0.778492  2.032203 -1.088874 -0.487102 -2.430200 -2.523781  0.096560 -1.678938 -2.532793 -0.774953  0.139887 -0.688997 -2.822567 -1.888142 -1.844007
140 E 140 -0.914508 -0.210573  0.087477  1.932275 -3.371353  1.488606  3.856549 -1.653886 -0.167414 -2.610439 -2.688858  0.631157 -1.805573 -2.648814 -0.943448  0.022364 -0.792209 -2.771829 -1.867350 -1.817608
141 F 141 -1.750421 -2.659435 -2.707387 -2.762594 -1.751940 -2.649934 -2.705715 -2.767467 -1.004255  0.119562  0.199656 -2.657340  0.097459  5.051912 -3.553440 -1.806016 -1.748849  0.741199  2.502471 -0.775052
142 V 142 -0.268411 -1.716685 -2.158650 -2.560367 -0.772019 -1.473371 -1.806385 -2.652169 -2.203763  1.351020  1.027076 -1.386648  0.711198 -0.721771 -2.048025 -1.269068 -0.379875 -2.233597 -0.937500  1.473446
143 Q 143  0.237935  0.386412 -0.307781 -0.931625 -1.637828  0.163961 -0.009909 -1.181455 -0.667536 -1.735012 -1.471877  0.365559 -0.883576 -2.034236 -1.168231  0.225910  0.032603 -2.397662 -1.460227 -1.197318
144 M 144 -0.449290 -1.417470 -2.028246 -2.608667 -0.905380 -0.981820 -1.888095 -2.630129 -1.964305  1.292083  1.449773 -1.330390  2.263845 -0.277735 -1.975309 -1.067587 -0.710976 -1.687878 -0.908898  1.189960
145 M 145 -0.717599 -1.226046 -1.819887 -2.564935 -0.794403 -0.579113 -1.842566 -2.659187 -1.914690  1.058038  1.580288 -1.163309  3.108504 -0.157788 -1.866610 -0.915151 -0.528778 -1.264199 -0.894730  1.006052
146 T 146 -0.096151  0.060972 -0.512547 -1.304334 -1.431966 -0.112437 -0.521645 -1.341459 -1.130776 -1.113349 -0.751147  0.286165 -0.170312 -1.653519 -1.255497  0.121763  0.370906 -2.022145 -1.426440 -0.674968
147 A 147 -0.172756  0.383715  0.016583 -0.674229 -1.757645  0.204001  0.080965 -0.805933 -0.062457 -1.891359 -1.605024  0.650371 -0.943118 -1.888574 -0.902365  0.275468 -0.298167 -2.143237 -1.231228 -1.452294
148 K 148 -0.471275  0.017848 -0.284984 -0.864848 -1.614774 -0.139263 -0.365524 -0.083114 -0.807465 -1.485485 -1.082864  0.563430 -0.592158 -1.444147 -1.012213 -0.236110 -0.778980 -1.490789 -1.167821 -1.126305
149 T 149 -0.337030 -0.514528 -0.010974 -0.741319 -0.893429 -0.352814 -0.607337 -0.790360 -0.683102 -0.376627 -0.266676 -0.434402  0.118077 -0.802766 -0.985979 -0.032067  0.034228 -1.286934 -0.796518 -0.288581
150 R 150 -0.271672  0.354792 -0.106433 -0.450038 -1.197458  0.248142  0.134360 -0.675273 -0.434534 -1.082947 -0.806784  0.604073 -0.446362 -1.204974 -0.531122 -0.018621 -0.327694 -1.342456 -0.873966 -0.829207
151 K 151 -0.368125 -0.244664  0.012510  0.343688 -1.263526  0.218220  0.549944 -0.567821 -0.401565 -1.012607 -0.989988  0.021289 -0.592150 -1.156026 -0.614613 -0.033090 -0.355314 -1.360372 -0.930009 -0.780508
152 K 152 -0.306203 -0.033927 -0.032722 -0.015956 -1.073323  0.083082  0.287998 -0.698806 -0.400916 -0.899093 -0.826084  0.123205 -0.536477 -1.057418 -0.536756 -0.042307 -0.147630 -1.284491 -0.843992 -0.689973
153 T 153 -0.428647 -0.277884  0.386265  0.755747 -1.060609 -0.008276  0.261964 -0.388325 -0.398752 -1.090263 -1.176969 -0.127521 -0.816914 -1.170444 -0.485662  0.217092  0.077192 -1.408409 -1.024868 -0.948595
154 F 154 -0.289608 -0.285635 -0.098417  0.409798 -1.163868  0.195261  0.678943 -0.677078 -0.377683 -1.014544 -1.047017 -0.032149 -0.692014 -1.117298 -0.167114  0.052948 -0.200544 -1.293232 -0.886441 -0.763590
155 K 155 -0.418189  0.114347  0.043053  0.620235 -1.419162  0.626404  1.243634 -0.712991 -0.162156 -1.212598 -1.157733  0.454328 -0.726574 -1.210259 -0.478339 -0.009284 -0.372330 -1.271978 -0.855469 -0.897267
156 E 156 -0.499940 -0.114126  0.150536  0.650018 -1.393243  0.504957  1.251610 -0.735968  0.273923 -1.134859 -1.152136  0.145856 -0.767154 -1.032247 -0.510158 -0.045677 -0.363758 -1.161099 -0.581730 -0.864382
157 V 157 -0.367044 -0.879203 -1.096408 -1.339558 -0.377536 -0.826336 -1.082513 -1.462392 -1.067230  0.880922  1.003395 -0.854844  0.620853  0.016585 -1.126241 -0.697732 -0.362454 -0.861892 -0.315412  0.600213
158 A 158 -0.341026  0.510277 -0.356992 -0.774985 -0.892288  0.027555 -0.255415 -0.915423 -0.311036 -0.549392 -0.261210  0.210196 -0.066508 -0.636816 -0.790581 -0.359012 -0.369405 -0.914898 -0.443919 -0.533479
159 N 159 -0.269260  0.129113  0.089590  0.269527 -1.135227  0.323555  0.733602 -0.632399 -0.237262 -0.983883 -0.903080  0.475608 -0.585454 -1.072998 -0.474631  0.032737 -0.261945 -1.219922 -0.799168 -0.732393
160 A 160  1.075337 -0.382669 -0.662433 -0.738584 -0.122038 -0.358885 -0.418554 -0.130678 -0.731249 -0.304683 -0.294865 -0.379263 -0.198089 -0.671353 -0.461589  0.255150 -0.027469 -1.039074 -0.702115 -0.006490
161 V 161 -0.674814 -1.068138 -1.102801 -1.137457 -0.683804 -1.044634 -1.091154 -1.149563 -0.474769  0.140834  0.148133 -1.057820  0.120706  1.855237 -1.403848 -0.733013 -0.673486  0.195923  0.883625 -0.196454
162 K 162 -0.272048  0.766448  0.095754 -0.330257 -0.965186  0.369178  0.164490 -0.587245 -0.163504 -0.985243 -0.726635  0.657880 -0.360937 -1.017130 -0.548680 -0.022793 -0.256751 -1.072469 -0.689401 -0.834152
163 I 163 -0.240001 -0.702129 -0.807941 -0.899722 -0.512443 -0.457880 -0.518473 -1.065495 -0.567041  0.362596  0.284874 -0.569702  0.238654 -0.059519 -0.830987 -0.531329 -0.288506 -0.664605 -0.008252  0.404055
164 S 164 -0.538110 -0.936848 -0.955792 -1.000147 -0.651771 -0.929205 -0.951345 -0.951963 -0.389768 -0.014580 -0.014412 -0.933095 -0.014492  1.632558 -1.267071 -0.589048 -0.593832  0.138494  0.804731 -0.281458
165 A 165 -0.670020 -0.696165  0.317450  2.017195 -1.027875 -0.014260  0.662628 -0.361022 -0.364455 -1.017048 -1.347966 -0.355213 -1.017048 -1.031308 -0.360230 -0.005809 -0.345970 -1.386521 -1.036326 -1.017840
166 S 166  0.026196 -0.045081 -0.060196 -0.140026 -0.141623 -0.045472 -0.062716 -0.161452 -0.136004 -0.101048 -0.100008  0.016993 -0.040206 -0.194799 -0.106189  0.044513  0.096590 -0.258004 -0.166523 -0.030719
167 L 167 -0.126369 -0.147318  0.033424  0.214993 -0.205076 -0.047000  0.037253 -0.109682 -0.109532 -0.142426 -0.163866 -0.096525 -0.138155 -0.187465 -0.132972 -0.030474 -0.075147 -0.283647 -0.196313 -0.153234
168 M 168 -0.036158  0.013199 -0.045210 -0.092229 -0.094443  0.029591 -0.031979 -0.088106 -0.044707 -0.078879 -0.041685  0.003223  0.033191 -0.083699 -0.083493 -0.031343 -0.055524 -0.098662 -0.052356 -0.059229
169 G 169 -0.037875 -0.084074  0.005910  0.119526 -0.112283 -0.032899  0.014554  0.023119 -0.066464 -0.115971 -0.134115 -0.058486 -0.105372 -0.117072 -0.062209 -0.003189 -0.050508 -0.143761 -0.120794 -0.104839
170 T 170  0.023130 -0.016026 -0.006973 -0.017982 -0.011009 -0.012965 -0.012965 -0.015895 -0.028991 -0.019087 -0.019087 -0.012965 -0.016026 -0.032052 -0.016026  0.025210  0.042800 -0.040131 -0.032052 -0.006122
