  417         A         R         N         D         C         Q         E         G         H         I         L         K         M         F         P         S         T         W         Y         V    
  1 N   1 0.0000000 0.0000000 0.7398543 0.0000000 0.0000000 0.0000000 0.0000000 0.0000000 0.2601457 0.0000000 0.0000000 0.0000000 0.0000000 0.0000000 0.0000000 0.0000000 0.0000000 0.0000000 0.0000000 0.0000000
  2 P   2 0.0259211 0.0800086 0.0000000 0.0000000 0.0000000 0.0077679 0.0044047 0.0292628 0.0000000 0.0082102 0.0101138 0.0081751 0.0000000 0.0000000 0.7689203 0.0111228 0.0000000 0.0000000 0.0000000 0.0460927
  3 P   3 0.0239413 0.0044177 0.0052756 0.0503332 0.0000000 0.0020453 0.1090837 0.0141532 0.0079172 0.0000000 0.0000000 0.0110695 0.0020869 0.0000000 0.6555778 0.0151580 0.0117814 0.0000000 0.0000000 0.0871592
  4 P   4 0.0493091 0.0089091 0.0060791 0.0034659 0.0000000 0.0636684 0.0382072 0.0329853 0.0000000 0.0000000 0.0291220 0.0547273 0.0030007 0.0099384 0.4414982 0.2278123 0.0282678 0.0000000 0.0000000 0.0030092
  5 P   5 0.0229139 0.0378749 0.0060053 0.0102752 0.0000000 0.0859502 0.0201062 0.0039217 0.0083305 0.0108432 0.0446104 0.0651609 0.0000000 0.0000000 0.5227588 0.1025542 0.0385342 0.0000000 0.0034845 0.0166759
  6 E   6 0.0748278 0.0534044 0.0121150 0.0477544 0.0000000 0.0253636 0.2965689 0.0187995 0.0238041 0.0010951 0.0105365 0.0825478 0.0018690 0.0027920 0.0190077 0.1778021 0.0845558 0.0000000 0.0076199 0.0595366
  7 T   7 0.0520861 0.0186970 0.0210984 0.0266341 0.0024712 0.0240168 0.0705661 0.0402007 0.0377056 0.0170635 0.0374768 0.0472075 0.0493378 0.0505267 0.1254751 0.1150039 0.1110761 0.0026660 0.0737330 0.0769578
  8 S   8 0.0309040 0.0524852 0.0265906 0.0684553 0.0073616 0.0143191 0.0116305 0.0448535 0.0105609 0.1089330 0.0466393 0.1260880 0.0024066 0.0019174 0.1431031 0.1918996 0.0728478 0.0006832 0.0093630 0.0289582
  9 N   9 0.0690403 0.1292575 0.1867979 0.0574935 0.0015485 0.0773841 0.0724688 0.0295180 0.0202219 0.0013931 0.0178842 0.0710138 0.0218257 0.0087805 0.0662319 0.0889728 0.0331328 0.0000000 0.0301556 0.0168791
 10 P  10 0.0576087 0.0986605 0.0285288 0.0145324 0.0184056 0.0076557 0.0174798 0.0554021 0.0067036 0.0045154 0.0307330 0.0890378 0.0025015 0.0000000 0.3146532 0.1465644 0.0640798 0.0094312 0.0017012 0.0318051
 11 N  11 0.0629860 0.1027255 0.1071515 0.0366574 0.0077634 0.0500433 0.0285312 0.1339213 0.0175450 0.0129383 0.0113457 0.2003318 0.0032525 0.0018482 0.0292023 0.1068864 0.0500536 0.0000000 0.0152133 0.0216034
 12 K  12 0.0233149 0.2491376 0.0207556 0.0073236 0.0013572 0.0275204 0.0310039 0.0099647 0.0041803 0.0010955 0.0409056 0.4490023 0.0057100 0.0019139 0.0145712 0.0806379 0.0195521 0.0000000 0.0014045 0.0106488
 13 P  13 0.0222035 0.0962657 0.0450988 0.0074737 0.0051803 0.0442097 0.0572061 0.0138220 0.0132671 0.0025742 0.0022743 0.2141266 0.0137766 0.0000000 0.3027910 0.0983347 0.0289327 0.0025033 0.0093498 0.0206097
 14 K  14 0.0266997 0.1036321 0.0259276 0.0070053 0.0016097 0.0242318 0.0244980 0.2786312 0.0020787 0.0475579 0.0234965 0.2246227 0.0253048 0.0071062 0.0501740 0.0437110 0.0491835 0.0000000 0.0039459 0.0305835
 15 R  15 0.0084609 0.4276489 0.0310093 0.0015043 0.0177701 0.0049310 0.0149246 0.0212370 0.0171474 0.0214937 0.0270538 0.1788031 0.0109291 0.0585918 0.0755434 0.0313777 0.0223280 0.0069035 0.0160434 0.0062989
 16 Q  16 0.0253315 0.0874589 0.0394699 0.0593027 0.0030421 0.0566395 0.0401570 0.0134014 0.0553184 0.0267091 0.1500041 0.1557799 0.0989909 0.0024860 0.0194163 0.0376743 0.0289318 0.0177422 0.0249742 0.0571698
 17 T  17 0.0339704 0.0251292 0.0093282 0.0290332 0.0000000 0.0466316 0.0364646 0.0131085 0.0051707 0.0165615 0.0553514 0.0929053 0.0117104 0.0058267 0.1341265 0.0913862 0.3786505 0.0000000 0.0024441 0.0122011
 18 N  18 0.0355182 0.0374102 0.3013525 0.1095294 0.0023462 0.0291014 0.1490218 0.0115525 0.0464544 0.0051240 0.0052657 0.0908802 0.0105065 0.0070505 0.0659671 0.0619673 0.0195419 0.0000000 0.0066811 0.0047289
 19 Q  19 0.0306761 0.0529175 0.0363735 0.0847755 0.0110496 0.2902829 0.2223068 0.0049626 0.0165309 0.0179710 0.0129267 0.0774023 0.0049752 0.0006791 0.0470387 0.0335750 0.0092719 0.0000000 0.0070823 0.0392025
 20 L  20 0.0249615 0.0056736 0.0050381 0.0388290 0.0057416 0.0551245 0.0177525 0.0028055 0.0179095 0.0292318 0.6082605 0.0154207 0.0590889 0.0086059 0.0017628 0.0008900 0.0221966 0.0508773 0.0069438 0.0228857
 21 Q  21 0.0110982 0.1293345 0.0143971 0.0197239 0.0114663 0.2211683 0.0625422 0.0005152 0.0563795 0.0304467 0.0458003 0.2011305 0.0407957 0.0286732 0.0000000 0.0144275 0.0261669 0.0068785 0.0722808 0.0067750
 22 Y  22 0.0722720 0.0860827 0.0364133 0.0529501 0.0000000 0.0919541 0.1014552 0.0033318 0.0302398 0.0298214 0.0070079 0.1826337 0.0062902 0.0743635 0.0044601 0.0254020 0.0427558 0.0020805 0.1453394 0.0051464
 23 L  23 0.1479478 0.0429569 0.0119235 0.0059725 0.0115817 0.0798223 0.0093729 0.0153146 0.0160227 0.0601511 0.2655135 0.0646069 0.0399024 0.1150114 0.0044186 0.0230323 0.0158595 0.0000000 0.0169108 0.0536787
 24 L  24 0.0184872 0.0074115 0.0030867 0.0000000 0.3123682 0.0911664 0.0056709 0.0000000 0.0160494 0.0339158 0.3373054 0.0130111 0.0572783 0.0623679 0.0000000 0.0018251 0.0006679 0.0000000 0.0212706 0.0181176
 25 R  25 0.0347626 0.1305668 0.0609304 0.0103372 0.0029510 0.0732190 0.1215615 0.0308423 0.0266247 0.0072898 0.0665126 0.2370984 0.0680220 0.0149907 0.0000000 0.0557689 0.0149325 0.0020441 0.0269502 0.0145952
 26 V  26 0.0675902 0.0498243 0.0514758 0.0350492 0.0079525 0.0817706 0.1042222 0.0329122 0.0322080 0.0287545 0.0202676 0.0782629 0.0159911 0.0098860 0.0825591 0.0790541 0.0943845 0.0000000 0.0096140 0.1182212
 27 V  27 0.0175045 0.0026886 0.0000000 0.0000000 0.0151178 0.0008400 0.0000000 0.0011827 0.0000000 0.1892182 0.2827019 0.0160615 0.0162628 0.0163798 0.0000000 0.0138048 0.0769452 0.0000000 0.0000000 0.3512920
 28 L  28 0.0000000 0.0110221 0.0006273 0.0000000 0.0009370 0.0011700 0.0000000 0.0000000 0.0137875 0.1288418 0.5798486 0.0031474 0.0578054 0.0326919 0.0000000 0.0000000 0.0121566 0.0094736 0.0710901 0.0774006
 29 K  29 0.0344479 0.0805216 0.1248823 0.1541503 0.0007926 0.0418013 0.1639716 0.0064360 0.0007608 0.0045625 0.0122381 0.2644703 0.0100987 0.0000000 0.0073447 0.0399174 0.0487546 0.0000000 0.0013219 0.0035271
 30 T  30 0.2029755 0.0410480 0.0285906 0.0328218 0.0037887 0.0730726 0.1360144 0.0257055 0.0017729 0.0191491 0.0322354 0.1093541 0.0037904 0.0162439 0.0141067 0.1031634 0.0911792 0.0000000 0.0263949 0.0385928
 31 L  31 0.0280765 0.0181972 0.0000000 0.0039627 0.0000000 0.0049209 0.0000000 0.0000000 0.0000000 0.1615228 0.5285515 0.0007631 0.0762619 0.0096858 0.0000000 0.0013663 0.0050253 0.0000000 0.0000000 0.1616662
 32 W  32 0.0152225 0.0884085 0.0089911 0.0114850 0.0153377 0.0584081 0.0433428 0.0045474 0.0132862 0.0077521 0.0657588 0.1759926 0.1104275 0.0521502 0.0014101 0.0183246 0.0270550 0.1760596 0.0610554 0.0449850
 33 K  33 0.0791413 0.1829200 0.1156536 0.0407537 0.0076672 0.0490559 0.0377589 0.0405918 0.0034549 0.0018824 0.0051980 0.2903472 0.0007613 0.0000000 0.0000000 0.1014617 0.0359327 0.0000000 0.0000000 0.0074193
 34 H  34 0.0095259 0.0676399 0.0282482 0.0114483 0.0246789 0.0877798 0.0240221 0.0081330 0.4074917 0.0102818 0.0748177 0.0974781 0.0169459 0.0050403 0.0073458 0.0298553 0.0211311 0.0000000 0.0612178 0.0069186
 35 Q  35 0.0274349 0.1079116 0.0196078 0.1131295 0.0034144 0.1148535 0.1088576 0.0076095 0.0430579 0.0043481 0.0129699 0.2815032 0.0050718 0.0041006 0.0664668 0.0476431 0.0304852 0.0000000 0.0000000 0.0015347
 36 F  36 0.0300664 0.0048480 0.0182695 0.2159787 0.0132935 0.0055429 0.0863059 0.0244393 0.1049628 0.0645599 0.0620796 0.0013496 0.0140061 0.1581337 0.0160439 0.0489358 0.0264894 0.0238499 0.0643725 0.0164726
 37 A  37 0.4214389 0.0005915 0.0091373 0.0009074 0.0478638 0.0007318 0.0031048 0.0878008 0.0117381 0.0030508 0.0030745 0.0040075 0.0038625 0.0076105 0.0000000 0.3571604 0.0054805 0.0000000 0.0214016 0.0110375
 38 W  38 0.0527740 0.0288344 0.0096326 0.0371135 0.0000000 0.0091586 0.1414051 0.0444789 0.0119579 0.0293568 0.0783160 0.0144528 0.0124471 0.0201030 0.0044892 0.0311193 0.0305448 0.3789385 0.0403025 0.0245751
 39 P  39 0.0646513 0.0000000 0.0099162 0.0105181 0.0018521 0.0008359 0.0027601 0.0000000 0.0247467 0.0498200 0.0875975 0.0000000 0.0319097 0.0203816 0.5978308 0.0108469 0.0131112 0.0089270 0.0040357 0.0602595
 40 F  40 0.0000000 0.0000000 0.0000000 0.0000000 0.0000000 0.0000000 0.0000000 0.0000000 0.0000000 0.0000000 0.0034474 0.0000000 0.0000000 0.9875710 0.0000000 0.0000000 0.0000000 0.0000000 0.0089816 0.0000000
 41 Q  41 0.0434804 0.1743997 0.0531278 0.0034380 0.0007156 0.1002545 0.0106977 0.0006926 0.0425170 0.0671381 0.2260741 0.0320069 0.1099613 0.0216983 0.0014360 0.0153508 0.0133929 0.0033918 0.0652286 0.0149980
 42 Q  42 0.0435266 0.1117776 0.0286576 0.0382765 0.0000000 0.2112429 0.1955377 0.0202542 0.0482233 0.0077373 0.0304241 0.1249183 0.0061695 0.0251084 0.0000000 0.0199183 0.0387951 0.0014416 0.0185014 0.0294896
 43 P  43 0.0351803 0.0108406 0.0053778 0.0000000 0.0000000 0.0011215 0.0011951 0.0000000 0.0000000 0.0000000 0.0011384 0.0377567 0.0048531 0.0000000 0.8892393 0.0125164 0.0007809 0.0000000 0.0000000 0.0000000
 44 V  44 0.0000000 0.0000000 0.0000000 0.0000000 0.0000000 0.0000000 0.0000000 0.0000000 0.0000000 0.0027277 0.0105206 0.0000000 0.0036299 0.0000000 0.0064324 0.0000000 0.0053411 0.0000000 0.0000000 0.9713483
 45 D  45 0.0158680 0.0000000 0.0756135 0.6837856 0.0034736 0.0081476 0.0032702 0.0000000 0.0000000 0.0029228 0.1446722 0.0322946 0.0000000 0.0039797 0.0037016 0.0018769 0.0000000 0.0000000 0.0012418 0.0191518
 46 A  46 0.1955114 0.0005409 0.0010342 0.0027088 0.0017230 0.0046235 0.0047052 0.0000000 0.0085660 0.0117170 0.0371665 0.0036167 0.0004965 0.0036439 0.6055940 0.0078206 0.0527944 0.0051643 0.0059025 0.0466707
 47 V  47 0.0345501 0.0098126 0.0349151 0.0213456 0.0021531 0.0443859 0.0634479 0.0062004 0.0039295 0.0647088 0.0172671 0.1418061 0.0025642 0.0019838 0.0132968 0.2321139 0.0254837 0.0000000 0.0029783 0.2770573
 48 K  48 0.1559653 0.1914609 0.0037908 0.0063216 0.0000000 0.0103725 0.0437745 0.0261630 0.0012746 0.0084412 0.0843535 0.3881877 0.0049003 0.0034732 0.0010811 0.0307083 0.0083421 0.0116656 0.0023204 0.0174035
 49 L  49 0.0097283 0.1392813 0.0066775 0.0570653 0.0169264 0.0162516 0.0307286 0.0005620 0.0100501 0.0023599 0.4522763 0.1395130 0.0190619 0.0080867 0.0163540 0.0434268 0.0041942 0.0069903 0.0027560 0.0177097
 50 N  50 0.0131112 0.0038331 0.2128930 0.0841274 0.0122228 0.1022888 0.1073425 0.1829769 0.0230769 0.0328577 0.0502255 0.0568674 0.0114170 0.0194579 0.0000000 0.0228463 0.0295255 0.0008297 0.0281019 0.0059984
 51 L  51 0.0808431 0.0000000 0.0015829 0.0082260 0.0093942 0.0177666 0.0392640 0.0000000 0.0213651 0.2002244 0.2325368 0.0000000 0.0000000 0.0327732 0.0000000 0.0021394 0.0037438 0.0105872 0.2400732 0.0994802
 52 P  52 0.0171564 0.0000000 0.0000000 0.0029324 0.0000000 0.0004296 0.0041717 0.0012757 0.0585077 0.0020185 0.0085995 0.0016890 0.0000000 0.0000000 0.8757355 0.0063293 0.0054978 0.0059228 0.0040436 0.0056905
 53 D  53 0.0074341 0.0050480 0.0578889 0.6235499 0.0000000 0.0102590 0.0765812 0.0336119 0.0212679 0.0000000 0.0081699 0.0259501 0.0062480 0.0113034 0.0000000 0.0376325 0.0667032 0.0000000 0.0040827 0.0042694
 54 Y  54 0.0000000 0.0000000 0.0000000 0.0000000 0.0000000 0.0000000 0.0000000 0.0000000 0.0021511 0.0000000 0.0000000 0.0000000 0.0030289 0.0000000 0.0000000 0.0000000 0.0014942 0.0000000 0.9933257 0.0000000
 55 Y  55 0.0156313 0.0282269 0.0037791 0.0000000 0.0249064 0.0000000 0.0000000 0.0000000 0.1561535 0.0005690 0.0258813 0.0084878 0.0000000 0.1919255 0.0441606 0.0096733 0.0020114 0.0000000 0.4813352 0.0072587
 56 K  56 0.0512255 0.0202090 0.0572862 0.2426025 0.0000000 0.0978070 0.1772335 0.0029892 0.0130582 0.0050347 0.0074651 0.1650211 0.0087427 0.0018008 0.0000000 0.0451855 0.0966566 0.0000000 0.0045767 0.0031057
 57 I  57 0.0068532 0.0111649 0.0027708 0.0023006 0.0000000 0.0257365 0.0232330 0.0000000 0.0105635 0.4659648 0.0206156 0.0323072 0.0112537 0.0228358 0.0000000 0.0017852 0.0160287 0.0000000 0.0296541 0.3169324
 58 I  58 0.0000000 0.0000000 0.0000000 0.0000000 0.0000000 0.0000000 0.0000000 0.0000000 0.0000000 0.7626525 0.0036316 0.0000000 0.0000000 0.0000000 0.0000000 0.0000000 0.0024589 0.0000000 0.0000000 0.2312570
 59 K  59 0.0583846 0.0281649 0.0075326 0.0321636 0.0006244 0.0317799 0.0686408 0.0000000 0.0066858 0.0009872 0.0260225 0.5950957 0.0009725 0.0000000 0.0158007 0.0634493 0.0459427 0.0000000 0.0000000 0.0177529
 60 T  60 0.0078848 0.1057333 0.1918848 0.0235098 0.0119146 0.0904287 0.1242630 0.0000000 0.1259485 0.0065736 0.0019754 0.1444960 0.0115360 0.0102825 0.0000000 0.0180724 0.0757374 0.0000000 0.0438897 0.0058696
 61 P  61 0.0056140 0.0033385 0.0000000 0.0000000 0.0000000 0.0000000 0.0041545 0.0000000 0.0000000 0.0000000 0.0000000 0.0000000 0.0000000 0.0000000 0.9838978 0.0018498 0.0000000 0.0000000 0.0000000 0.0011453
 62 M  62 0.0036393 0.0046923 0.0000000 0.0000000 0.0000000 0.0000000 0.0000000 0.0000000 0.0000000 0.2716143 0.0118697 0.0000000 0.6603371 0.0000000 0.0000000 0.0008741 0.0237133 0.0000000 0.0000000 0.0232597
 63 D  63 0.0113981 0.0000000 0.0010963 0.9081806 0.0092127 0.0000000 0.0009441 0.0000000 0.0028440 0.0000000 0.0000000 0.0000000 0.0000000 0.0000000 0.0000000 0.0617231 0.0000000 0.0046010 0.0000000 0.0000000
 64 M  64 0.0000000 0.0000000 0.0000000 0.0036301 0.0033533 0.0000000 0.0000000 0.0000000 0.0000000 0.0424087 0.7212681 0.0000000 0.1478409 0.0711032 0.0021398 0.0000000 0.0000000 0.0000000 0.0000000 0.0082559
 65 G  65 0.0307012 0.0556131 0.0385448 0.0075850 0.0028376 0.0424793 0.0139975 0.2777519 0.0132146 0.0074109 0.0588986 0.0892697 0.0224077 0.0074629 0.0000000 0.2606580 0.0489132 0.0000000 0.0152212 0.0070328
 66 T  66 0.0147519 0.0226125 0.0018430 0.0092383 0.0048341 0.0534827 0.0023928 0.0051586 0.0000000 0.0195258 0.0318100 0.0736053 0.0210644 0.0000000 0.0000000 0.0343287 0.6999461 0.0005236 0.0000000 0.0048821
 67 I  67 0.0013308 0.0000000 0.0000000 0.0000000 0.0000000 0.0000000 0.0000000 0.0000000 0.0000000 0.6915891 0.0155802 0.0000000 0.1217108 0.0000000 0.0000000 0.0000000 0.0000000 0.0000000 0.0000000 0.1697891
 68 K  68 0.0750377 0.1710434 0.0065264 0.0175414 0.0000000 0.1034171 0.1978539 0.0121239 0.0215715 0.0054202 0.0083507 0.3276484 0.0045442 0.0000000 0.0000000 0.0311877 0.0136338 0.0006495 0.0014941 0.0019563
 69 K  69 0.0380346 0.1291727 0.0458050 0.0163669 0.0000000 0.1244093 0.0730228 0.0070115 0.0452173 0.0061091 0.0074340 0.3043108 0.0198343 0.0017705 0.0000000 0.0810733 0.0825391 0.0000000 0.0048726 0.0130162
 70 R  70 0.0005819 0.3029006 0.0878420 0.0060429 0.0011773 0.0119142 0.0011337 0.0006139 0.0044004 0.0000000 0.0005962 0.5622776 0.0033447 0.0000000 0.0000000 0.0012726 0.0153578 0.0000000 0.0005443 0.0000000
 71 L  71 0.0009996 0.0000000 0.0018614 0.0000000 0.0006085 0.0008889 0.0000000 0.0042995 0.0041528 0.1938855 0.6864069 0.0000000 0.0468138 0.0183171 0.0000000 0.0000000 0.0008843 0.0009658 0.0000000 0.0399160
 72 E  72 0.0355234 0.0895677 0.0737234 0.1197724 0.0007765 0.0885536 0.2335237 0.0078187 0.0197053 0.0112917 0.0295156 0.2190933 0.0065360 0.0000000 0.0000000 0.0253700 0.0183411 0.0000000 0.0045583 0.0163292
 73 N  73 0.0809283 0.0317649 0.3204596 0.0439596 0.0028350 0.0266431 0.0253986 0.0439917 0.0299985 0.0034726 0.0113255 0.0828901 0.0316092 0.0000000 0.0003791 0.1130186 0.1205925 0.0000000 0.0080846 0.0226486
 74 N  74 0.0083706 0.0759064 0.2330586 0.1110447 0.0134657 0.0179416 0.0578555 0.2989721 0.0271954 0.0047418 0.0151535 0.0579102 0.0014428 0.0017167 0.0135245 0.0352799 0.0085289 0.0056784 0.0055621 0.0066505
 75 Y  75 0.0792346 0.0483680 0.0218472 0.0418157 0.0017433 0.1279591 0.1652269 0.0145998 0.0191192 0.0065901 0.0467446 0.0885037 0.0106992 0.0466662 0.0000000 0.0539710 0.0122575 0.0081589 0.1807313 0.0257637
 76 Y  76 0.0000000 0.0000000 0.0000000 0.0000000 0.0016625 0.0000000 0.0000000 0.0000000 0.0045103 0.0060001 0.0000000 0.0000000 0.0000000 0.0068208 0.0000000 0.0000000 0.0000000 0.0000000 0.9796463 0.0013599
 77 W  77 0.0910504 0.0942725 0.0311742 0.0655754 0.0181901 0.0626881 0.1097648 0.0213652 0.0226287 0.0044213 0.0154681 0.1165321 0.0042501 0.0037626 0.0444727 0.0918135 0.0727756 0.0908045 0.0149337 0.0240564
 78 N  78 0.0282776 0.0425991 0.1257606 0.1394262 0.0121185 0.0157635 0.0307409 0.0212916 0.0131883 0.0045976 0.0025635 0.0380751 0.0037825 0.0013562 0.0026750 0.3006754 0.2081795 0.0036169 0.0022370 0.0030749
 79 A  79 0.1925683 0.0230517 0.0005689 0.0000000 0.0013587 0.0028296 0.0419417 0.0163436 0.0094162 0.0848978 0.1523421 0.0528825 0.0272214 0.0208118 0.1810017 0.0333864 0.0120634 0.0010109 0.0036836 0.1426196
 80 Q  80 0.0596587 0.0317697 0.0488177 0.1567834 0.0009228 0.0862211 0.2094963 0.0241768 0.0124564 0.0023750 0.0230024 0.0746263 0.0128833 0.0077513 0.0034258 0.1359521 0.0271917 0.0654343 0.0076886 0.0093662
 81 E  81 0.1010826 0.0025918 0.0018005 0.2006001 0.0000000 0.1345060 0.4376754 0.0273970 0.0187453 0.0030614 0.0248055 0.0081306 0.0051891 0.0033903 0.0000000 0.0135846 0.0150272 0.0000000 0.0000000 0.0024127
 82 C  82 0.0377619 0.0000000 0.0000000 0.0000000 0.1150277 0.0000000 0.0000000 0.0000000 0.0000000 0.0375502 0.1855852 0.0000000 0.1112549 0.3949769 0.0000000 0.0028049 0.0017388 0.0052650 0.0550032 0.0530314
 83 I  83 0.1729047 0.0128919 0.0055600 0.0100312 0.0347821 0.0174908 0.1058159 0.0049901 0.0043592 0.1860955 0.0512919 0.0450942 0.0967315 0.0046857 0.0000000 0.0200020 0.0503327 0.0017950 0.0076137 0.1675319
 84 Q  84 0.2438757 0.0438554 0.0482326 0.1458235 0.0146027 0.0987631 0.1088970 0.0397552 0.0129661 0.0027119 0.0093792 0.0948293 0.0033915 0.0020815 0.0000000 0.0601603 0.0217716 0.0243429 0.0123200 0.0122405
 85 D  85 0.0045633 0.0000000 0.0018940 0.9479402 0.0000000 0.0000000 0.0295721 0.0000000 0.0061791 0.0000000 0.0013540 0.0021686 0.0000000 0.0000000 0.0000000 0.0025711 0.0000000 0.0000000 0.0000000 0.0037576
 86 F  86 0.0300244 0.0000000 0.0000000 0.0000000 0.0113714 0.0000000 0.0000000 0.0021761 0.0000000 0.1321872 0.1609557 0.0000000 0.1269784 0.2582973 0.0000000 0.0006337 0.0016999 0.0000000 0.0085060 0.2671698
 87 N  87 0.0071702 0.2675667 0.1884564 0.0541858 0.0015947 0.0400158 0.0803479 0.0044925 0.0088850 0.0035927 0.0403749 0.1289783 0.0236818 0.0205633 0.0000000 0.0220014 0.0224984 0.0566382 0.0168381 0.0121178
 88 T  88 0.0042689 0.0287422 0.0005464 0.0000000 0.0000000 0.0521183 0.0048612 0.0000000 0.0000000 0.0149565 0.6983454 0.0182267 0.0078487 0.0000000 0.0000000 0.0014597 0.1267778 0.0000000 0.0287816 0.0130667
 89 M  89 0.0000000 0.0000000 0.0000000 0.0000000 0.0042483 0.0000000 0.0000000 0.0000000 0.0000000 0.2217694 0.1219403 0.0000000 0.4859955 0.0029308 0.0000000 0.0000000 0.0534693 0.0000000 0.0000000 0.1096463
 90 F  90 0.0243875 0.0000000 0.0000000 0.0000000 0.0355191 0.0000000 0.0200804 0.0000000 0.0000000 0.0540094 0.0530739 0.0000000 0.0007007 0.6497420 0.0040180 0.0008198 0.0289823 0.0150455 0.0114222 0.1021992
 91 T  91 0.0366783 0.0816829 0.1389488 0.1369438 0.0000000 0.0393666 0.1056528 0.0144149 0.0349804 0.0045842 0.0082818 0.1051043 0.0034673 0.0008152 0.0000000 0.1470135 0.1331109 0.0069207 0.0015993 0.0004341
 92 N  92 0.0000000 0.0020855 0.9917562 0.0018043 0.0000000 0.0000000 0.0000000 0.0000000 0.0000000 0.0000000 0.0000000 0.0000000 0.0000000 0.0000000 0.0000000 0.0043540 0.0000000 0.0000000 0.0000000 0.0000000
 93 C  93 0.4926222 0.0000000 0.0118889 0.0000000 0.4462193 0.0000000 0.0000000 0.0011821 0.0000000 0.0000000 0.0000000 0.0000000 0.0000000 0.0000000 0.0000000 0.0323967 0.0120239 0.0000000 0.0000000 0.0036668
 94 Y  94 0.0109690 0.1576213 0.0009309 0.0000000 0.0459276 0.0299483 0.0310360 0.0000000 0.0063986 0.0346212 0.0485102 0.2072891 0.0726375 0.0404393 0.0000000 0.0023698 0.0009637 0.0711735 0.2138193 0.0253446
 95 I  95 0.0813574 0.0542893 0.0130601 0.0112818 0.0030283 0.0544382 0.0271371 0.0050880 0.0362818 0.0691662 0.1707574 0.1764536 0.0152672 0.0023808 0.0004663 0.0263421 0.1934205 0.0000000 0.0112529 0.0485311
 96 Y  96 0.0141203 0.0000000 0.0000000 0.0000000 0.0009105 0.0000000 0.0000000 0.0000000 0.0014058 0.0000000 0.0020731 0.0000000 0.0000000 0.3256618 0.0000000 0.0039368 0.0021285 0.0000000 0.6497632 0.0000000
 97 N  97 0.0000000 0.0000000 0.8719372 0.0007991 0.0000000 0.0000000 0.0025581 0.0000000 0.0006246 0.0000000 0.0024773 0.0000000 0.0024483 0.0197447 0.0000000 0.0104609 0.0151238 0.0052881 0.0685379 0.0000000
 98 K  98 0.0263362 0.0796913 0.0393431 0.0254808 0.0019988 0.0174859 0.1964876 0.1313919 0.0019766 0.0133265 0.0225906 0.1739063 0.0175720 0.0000000 0.1717329 0.0377072 0.0143504 0.0000000 0.0000000 0.0286219
 99 P  99 0.0324775 0.0200662 0.0049782 0.0582103 0.0000000 0.0067184 0.1515087 0.0021667 0.0056543 0.0084374 0.0162918 0.1432150 0.0000000 0.0000000 0.4855674 0.0300366 0.0171943 0.0024887 0.0000000 0.0149884
100 G 100 0.0170125 0.0202809 0.0996106 0.1863599 0.0000000 0.0143431 0.0906632 0.3144233 0.0197155 0.0054791 0.0077238 0.0208340 0.0005686 0.0011600 0.0025093 0.0585637 0.1326102 0.0016533 0.0045143 0.0019749
101 D 101 0.0263086 0.0041532 0.0424885 0.1232099 0.0000000 0.0134972 0.0370237 0.0000000 0.1067438 0.0000000 0.0100143 0.0121330 0.0000000 0.0000000 0.0056956 0.5098375 0.1010211 0.0000000 0.0078737 0.0000000
102 D 102 0.0529953 0.0812719 0.0118374 0.2172537 0.0020260 0.1378081 0.0905928 0.0138027 0.0024859 0.0308440 0.0323490 0.0517109 0.0198072 0.0127236 0.1149649 0.0322897 0.0226566 0.0068471 0.0161147 0.0496184
103 I 103 0.0101264 0.0016251 0.0000000 0.0000000 0.0023672 0.0017577 0.0763685 0.0000000 0.0000000 0.3297257 0.0398810 0.0000000 0.0061762 0.0263083 0.0070187 0.0022053 0.0141463 0.0004684 0.0784794 0.4033459
104 V 104 0.0437289 0.0207560 0.0265052 0.0040572 0.0112119 0.0000000 0.0023207 0.0300874 0.1063616 0.0040900 0.0131720 0.0000000 0.0094937 0.0479131 0.0000000 0.0428746 0.0612693 0.0134572 0.4029035 0.1597975
105 L 105 0.0354117 0.1399227 0.0479895 0.0144640 0.0016678 0.0989178 0.0310641 0.0126729 0.0067229 0.0446558 0.1214409 0.2970415 0.0305121 0.0157572 0.0010726 0.0287877 0.0246505 0.0018201 0.0019445 0.0434839
106 M 106 0.1000849 0.0327367 0.0130786 0.2309737 0.0498381 0.0233789 0.0243808 0.0000000 0.0179562 0.0191359 0.0284028 0.0119680 0.3054209 0.0198340 0.0088841 0.0268489 0.0131322 0.0157034 0.0507989 0.0074431
107 A 107 0.6652953 0.0000000 0.0000000 0.0000000 0.0672006 0.0076631 0.0007704 0.1385202 0.0000000 0.0023516 0.0252959 0.0063388 0.0064228 0.0000000 0.0018306 0.0347695 0.0220748 0.0000000 0.0018451 0.0196213
108 E 108 0.0067414 0.0767115 0.0786025 0.0441675 0.0404383 0.1402443 0.1084913 0.0017848 0.0486368 0.0329220 0.0857289 0.1471282 0.0074140 0.0032035 0.0000000 0.0386203 0.0700930 0.0000000 0.0051690 0.0639028
109 A 109 0.0999219 0.0823157 0.0761187 0.0241683 0.0066815 0.0567683 0.0732726 0.0237951 0.0101428 0.0508601 0.0221248 0.2280916 0.0200113 0.0012725 0.0006718 0.0674765 0.1099695 0.0090057 0.0069648 0.0303666
110 L 110 0.0032788 0.0000000 0.0000000 0.0000000 0.0071048 0.0000000 0.0000000 0.0000000 0.0000000 0.0799996 0.7806236 0.0000000 0.0675237 0.0133131 0.0000000 0.0055447 0.0057456 0.0000000 0.0017653 0.0351007
111 E 111 0.0225987 0.0514547 0.0144840 0.0050744 0.0043678 0.1671223 0.3283542 0.0033209 0.0132303 0.0025620 0.0592627 0.1546504 0.0164367 0.0014947 0.0000000 0.0819124 0.0171556 0.0454965 0.0063264 0.0046954
112 K 112 0.0903508 0.0894181 0.0673062 0.0857969 0.0324705 0.0546114 0.1510533 0.0195132 0.0113971 0.0076808 0.0108176 0.3148266 0.0014181 0.0000000 0.0015907 0.0358632 0.0194564 0.0018757 0.0000000 0.0045533
113 L 113 0.0746432 0.0083461 0.0219115 0.0150670 0.0254166 0.0150673 0.0132906 0.0004706 0.0164384 0.1633765 0.1935116 0.0149490 0.0228104 0.0729494 0.0014640 0.0243530 0.0202646 0.0031335 0.0384008 0.2541360
114 F 114 0.0378894 0.0017986 0.0000000 0.0000000 0.0187218 0.0030069 0.0000000 0.0027212 0.0000000 0.0583462 0.0744723 0.0056408 0.0575560 0.6207610 0.0000000 0.0043983 0.0135861 0.0061289 0.0423513 0.0526212
115 L 115 0.0214536 0.0516848 0.0817983 0.0526940 0.0000000 0.1164890 0.2488690 0.0012055 0.0346082 0.0140940 0.1422052 0.0528845 0.0324743 0.0092753 0.0083897 0.0365505 0.0229394 0.0182618 0.0227020 0.0314209
116 Q 116 0.0804687 0.1051711 0.0398271 0.0495401 0.0000000 0.1548829 0.0928412 0.0104806 0.0321374 0.0036726 0.0108434 0.2086728 0.0365092 0.0060531 0.0029594 0.0782725 0.0752920 0.0000000 0.0039681 0.0084078
117 K 117 0.0659602 0.1339318 0.0152010 0.0132891 0.0035829 0.1288151 0.0710446 0.0091391 0.0438643 0.0165737 0.0473751 0.3558165 0.0148490 0.0058749 0.0000000 0.0144084 0.0413104 0.0018190 0.0045450 0.0125999
118 I 118 0.0190771 0.0766365 0.0023258 0.0000000 0.0147591 0.0059846 0.0000000 0.0000000 0.0017370 0.1567976 0.2362336 0.0822267 0.0991037 0.0456058 0.0000000 0.0034208 0.0032124 0.1098673 0.0514620 0.0915499
119 N 119 0.1728579 0.0536066 0.0570399 0.0611538 0.0051777 0.0509905 0.0511175 0.0177425 0.0111912 0.0198810 0.0576422 0.1643202 0.0164165 0.0061486 0.0980299 0.0729429 0.0373548 0.0101880 0.0064921 0.0297061
120 E 120 0.0209214 0.0738028 0.0704265 0.0425998 0.0048934 0.1053126 0.2516851 0.0227921 0.0138587 0.0043387 0.0340113 0.1923600 0.0032629 0.0073443 0.0604384 0.0491118 0.0167608 0.0017739 0.0133214 0.0109840
121 L 121 0.0107273 0.0158236 0.0046881 0.0046056 0.0083244 0.0066374 0.0273312 0.0005040 0.0218090 0.1864904 0.2513069 0.0246638 0.2631266 0.0425665 0.0060978 0.0045885 0.0105488 0.0024418 0.0196385 0.0880802
122 P 122 0.0230083 0.0475634 0.0173741 0.0366769 0.0196873 0.0197422 0.0976756 0.0191452 0.0017346 0.0027324 0.0636035 0.0269490 0.0645138 0.0297708 0.4244308 0.0443236 0.0242185 0.0000000 0.0112956 0.0255543
123 T 123 0.0613917 0.0626024 0.0301862 0.0791472 0.0065670 0.1619211 0.0880543 0.0300332 0.0220283 0.0044962 0.0504131 0.1680411 0.0138435 0.0063633 0.0870895 0.0874969 0.0286211 0.0000000 0.0031344 0.0085694
124 E 124 0.0527070 0.0628495 0.0340732 0.0774657 0.0061660 0.0354356 0.2242442 0.0727087 0.0199837 0.0174512 0.0230243 0.0828352 0.0234148 0.0164245 0.0327379 0.0810165 0.0425545 0.0501515 0.0157322 0.0290237
125 E 125 0.0092251 0.0228762 0.0250245 0.1122605 0.0085733 0.0307575 0.2983154 0.0346408 0.0153016 0.0362421 0.0864367 0.0228695 0.0242148 0.0316839 0.0569937 0.0393344 0.0064859 0.0192946 0.1010241 0.0184453
126 T 126 0.0478579 0.0285933 0.0294914 0.1082064 0.0151733 0.0454472 0.1255490 0.0753471 0.0225133 0.1042913 0.0588429 0.0431094 0.0236661 0.0116191 0.0570672 0.0363792 0.0432328 0.0043377 0.0546871 0.0645884
127 E 127 0.1011075 0.0218356 0.0254873 0.0965273 0.0023252 0.0166122 0.2243427 0.0429900 0.0260341 0.0366986 0.0174394 0.0456535 0.0074814 0.0152906 0.0417885 0.0772385 0.0620682 0.0069736 0.0670680 0.0650378
128 I 128 0.0446009 0.1177064 0.0315135 0.0939316 0.0623172 0.0372768 0.1123198 0.0310377 0.0350639 0.0637060 0.0694936 0.0525686 0.0228415 0.0064329 0.0789873 0.0531607 0.0246374 0.0127942 0.0056913 0.0439185
129 M 129 0.0492911 0.0225667 0.0262671 0.0887708 0.0760062 0.0345366 0.0718718 0.0480420 0.0177669 0.0296767 0.1127435 0.0226597 0.0439675 0.0057133 0.0746066 0.1055289 0.0562314 0.0070755 0.0138045 0.0928731
130 I 130 0.0497584 0.0353339 0.0261692 0.0932593 0.0158536 0.0339843 0.0383829 0.1099557 0.0409642 0.0528014 0.0231467 0.0708852 0.0315295 0.0277354 0.1001448 0.0792526 0.0315862 0.0025754 0.0199355 0.1167456
131 V 131 0.0462770 0.0773841 0.0249977 0.0754836 0.0153208 0.0374409 0.0957841 0.0317937 0.0315185 0.0216291 0.0753612 0.0850122 0.0098571 0.0629161 0.0960406 0.0649530 0.0313557 0.0061828 0.0442218 0.0664701
132 Q 132 0.0539536 0.0435823 0.0349191 0.1345207 0.0055912 0.0460248 0.1197322 0.0209032 0.0143596 0.0344772 0.0390623 0.1205932 0.0166246 0.0146114 0.0840910 0.1031469 0.0405645 0.0068290 0.0129628 0.0534501
133 A 133 0.0533722 0.0785568 0.0263254 0.0538204 0.0382955 0.0630120 0.0974407 0.0276895 0.0226836 0.0464958 0.0655805 0.0847593 0.0394523 0.0274105 0.1252576 0.0407801 0.0392999 0.0000000 0.0500870 0.0196809
134 K 134 0.0849433 0.0777084 0.0328721 0.0533059 0.0133386 0.0218777 0.0989039 0.0502897 0.0202860 0.0412196 0.0452099 0.1674631 0.0262655 0.0092965 0.0287019 0.0762161 0.0672940 0.0217250 0.0212910 0.0417918
135 G 135 0.0487185 0.0637916 0.0390068 0.0577292 0.0104381 0.0263209 0.0581200 0.0910027 0.0840980 0.0644474 0.0503896 0.1121529 0.0082273 0.0654583 0.0502249 0.0788669 0.0415583 0.0000000 0.0140236 0.0354249
136 R 136 0.0522077 0.1166790 0.0649543 0.0334791 0.0135250 0.0413248 0.0627381 0.0314681 0.0090185 0.0331885 0.0734396 0.1549441 0.0091989 0.0113418 0.0775335 0.1125952 0.0357631 0.0014376 0.0120935 0.0530698
137 G 137 0.0621628 0.0706743 0.0248491 0.0548266 0.0148940 0.0261419 0.0865702 0.1021197 0.0224255 0.0133253 0.0237989 0.1495263 0.0205654 0.0132687 0.1005800 0.1414777 0.0442833 0.0000000 0.0133477 0.0151628
138 R 138 0.0345428 0.1045277 0.0386025 0.0723570 0.0245779 0.0805406 0.0493174 0.0430919 0.0280254 0.0441869 0.0701420 0.0887143 0.0356577 0.0183613 0.0515385 0.0860411 0.0635948 0.0080779 0.0301936 0.0279087
139 G 139 0.1260570 0.0523598 0.0320726 0.0392899 0.0136814 0.0495067 0.0678596 0.0850060 0.0063848 0.0118593 0.0418880 0.1154508 0.0101522 0.0157975 0.0889446 0.1151259 0.0633248 0.0066181 0.0091472 0.0494740
140 R 140 0.0530565 0.0869085 0.0411043 0.0543121 0.0085384 0.0523102 0.0786259 0.0356397 0.0128958 0.0538107 0.1395129 0.0848705 0.0130940 0.0212693 0.0741613 0.0982358 0.0512802 0.0000000 0.0041076 0.0362660
141 K 141 0.0838880 0.0772048 0.0242197 0.0420550 0.0783680 0.0274707 0.0751184 0.0686008 0.0151178 0.0669099 0.0390035 0.0511981 0.0143725 0.0161001 0.0566256 0.0671475 0.0735012 0.0122691 0.0316186 0.0792106
142 E 142 0.0564048 0.0607134 0.0234791 0.0544946 0.0638989 0.0433834 0.0782332 0.0695175 0.0280524 0.0347391 0.0382877 0.0976088 0.0157777 0.0135641 0.0883503 0.0549231 0.0534369 0.0039423 0.0245321 0.0966608
143 T 143 0.0548729 0.0619321 0.0292557 0.0606162 0.0249497 0.0290447 0.0654418 0.0642040 0.0171354 0.0334046 0.0553048 0.1187141 0.0291348 0.0153588 0.0658222 0.0906466 0.0495822 0.0072169 0.0596559 0.0677065
144 G 144 0.0786537 0.0881697 0.0276918 0.0548591 0.0294221 0.0329276 0.0373037 0.1498414 0.0248337 0.0431006 0.0610949 0.0456445 0.0171894 0.0067417 0.0972042 0.0645784 0.0584087 0.0127229 0.0225651 0.0470470
145 T 145 0.0598287 0.0636163 0.0250630 0.0617681 0.0369358 0.0341683 0.0568656 0.0893225 0.0192890 0.0349416 0.0730952 0.1316767 0.0164951 0.0270550 0.0484062 0.0906367 0.0500927 0.0043821 0.0391737 0.0371878
146 A 146 0.0749907 0.0894040 0.0513642 0.0516292 0.0135637 0.0750551 0.0460720 0.0475979 0.0079409 0.0564545 0.0417922 0.0809811 0.0275983 0.0227365 0.0592232 0.1044163 0.0727519 0.0083589 0.0123693 0.0557000
147 K 147 0.0705917 0.0839918 0.0355094 0.0509477 0.0252272 0.0399749 0.0890766 0.0318376 0.0156269 0.0662976 0.0842892 0.0615148 0.0213828 0.0172239 0.0706931 0.0665384 0.0776490 0.0106994 0.0167292 0.0641989
148 P 148 0.0734856 0.0662527 0.0330548 0.0510015 0.0665269 0.0175869 0.0686736 0.0586197 0.0146925 0.0507702 0.0368432 0.0771440 0.0324375 0.0242215 0.0702936 0.0812448 0.0600166 0.0026186 0.0546981 0.0598177
149 G 149 0.0718878 0.1082313 0.0236538 0.0519071 0.0098959 0.0396248 0.0734181 0.1156627 0.0188318 0.0232196 0.0397855 0.0684632 0.0231496 0.0333035 0.0656038 0.0600913 0.0990457 0.0073172 0.0285597 0.0383475
150 V 150 0.0695146 0.0694481 0.0181612 0.0529754 0.0087289 0.0572938 0.0526459 0.0626126 0.0181651 0.0950889 0.0602342 0.0735423 0.0330379 0.0064392 0.1132243 0.0819628 0.0588155 0.0020026 0.0218521 0.0442546
151 S 151 0.0700097 0.0680882 0.0277557 0.0391612 0.0248819 0.0509730 0.0505339 0.0348399 0.0347233 0.0376340 0.0532861 0.0396368 0.0228421 0.0536519 0.1118170 0.1270131 0.0794019 0.0108390 0.0191909 0.0437205
152 T 152 0.0661012 0.1158664 0.0300380 0.0356526 0.0238803 0.0703384 0.0886361 0.0292662 0.0366506 0.0140504 0.0314907 0.0952705 0.0078324 0.0207973 0.0990662 0.0807573 0.0721148 0.0062008 0.0325702 0.0434195
153 V 153 0.0718621 0.0506728 0.0387577 0.0787982 0.0234169 0.0515628 0.0750459 0.0863010 0.0261458 0.0337659 0.0528870 0.0539257 0.0211690 0.0250273 0.0793101 0.0827155 0.0451848 0.0043469 0.0403986 0.0587060
154 P 154 0.0842318 0.1285085 0.0214177 0.0431638 0.0291125 0.0479328 0.0554432 0.0652654 0.0196260 0.0317548 0.0492191 0.0703508 0.0414596 0.0305051 0.0914049 0.0837087 0.0400031 0.0058397 0.0209930 0.0400591
155 N 155 0.0652736 0.0725033 0.0303668 0.0372415 0.0101046 0.0725410 0.0826798 0.0564679 0.0326303 0.0267296 0.0377694 0.0723497 0.0344789 0.0382443 0.0767998 0.0720570 0.0936859 0.0146903 0.0367670 0.0366194
156 T 156 0.0603373 0.0593828 0.0170246 0.0473968 0.0355914 0.0360616 0.0623200 0.0539391 0.0249666 0.0439653 0.0660102 0.0708374 0.0095551 0.0534649 0.0999747 0.0693265 0.0764148 0.0000000 0.0579918 0.0554392
157 T 157 0.1043125 0.0718887 0.0267433 0.0297902 0.0191634 0.0222467 0.0500470 0.0548463 0.0120393 0.0293506 0.0324576 0.0571018 0.0177590 0.0223413 0.0903194 0.1740362 0.0649171 0.0387207 0.0496290 0.0322899
158 Q 158 0.0548617 0.0684819 0.0496641 0.0544815 0.0168228 0.0538165 0.0895981 0.0323421 0.0226527 0.0454728 0.0389050 0.0629749 0.0254891 0.0297594 0.0634749 0.1333109 0.0626739 0.0019547 0.0195383 0.0737247
159 A 159 0.0836852 0.0907905 0.0287811 0.0446212 0.0410074 0.0361846 0.0649763 0.0609066 0.0306911 0.0894141 0.0489789 0.0477161 0.0268129 0.0331518 0.0618670 0.0643581 0.0411084 0.0161583 0.0572260 0.0315644
160 S 160 0.0646325 0.0592131 0.0261983 0.0506227 0.0347469 0.0743786 0.0644159 0.0315099 0.0192690 0.0222055 0.0739945 0.0461566 0.0244717 0.0467787 0.0738627 0.1078159 0.0672993 0.0079811 0.0383943 0.0660530
161 T 161 0.0730237 0.0721960 0.0799667 0.0461282 0.0195486 0.0373879 0.0458549 0.0259560 0.0371113 0.0345589 0.0498880 0.0571562 0.0429336 0.0571051 0.0763662 0.0741270 0.0684981 0.0165369 0.0383716 0.0472850
162 P 162 0.0838253 0.1025628 0.0236648 0.0471432 0.0492820 0.0407450 0.0824310 0.0473483 0.0283146 0.0400756 0.0448127 0.0504787 0.0133061 0.0092089 0.0800526 0.1068587 0.0799225 0.0046304 0.0150665 0.0502702
163 P 163 0.1008701 0.0485774 0.0378791 0.0459801 0.0074076 0.0243889 0.0617907 0.0408567 0.0035557 0.0258637 0.0761616 0.0589727 0.0070229 0.0090280 0.1341905 0.1561074 0.0639183 0.0075040 0.0555093 0.0344153
164 Q 164 0.0599287 0.0410925 0.0432322 0.0476161 0.0226752 0.0675791 0.0714979 0.0453683 0.0455286 0.0847659 0.0465838 0.0691687 0.0147651 0.0194021 0.0774436 0.1094135 0.0471443 0.0044905 0.0198110 0.0624930
165 T 165 0.0698938 0.0497476 0.0621281 0.0528786 0.0016104 0.0509887 0.0561510 0.0401326 0.0192038 0.0285024 0.0480051 0.0946676 0.0155389 0.0600983 0.0756509 0.1044416 0.0748861 0.0064336 0.0355655 0.0534754
166 Q 166 0.0780671 0.0644181 0.0546258 0.0479051 0.0484148 0.0766438 0.0996470 0.0296753 0.0160213 0.0217431 0.0157704 0.0915254 0.0152357 0.0313895 0.0928699 0.1093111 0.0374027 0.0038026 0.0360973 0.0294340
167 T 167 0.0614504 0.0764974 0.0590415 0.0786371 0.0319680 0.0588893 0.0772325 0.0481896 0.0158517 0.0360337 0.0563634 0.0468590 0.0148031 0.0167084 0.0762065 0.0999186 0.0582281 0.0017367 0.0230057 0.0623794
168 P 168 0.0613097 0.0910135 0.0356788 0.0425244 0.0112991 0.0606020 0.0629893 0.0410203 0.0179636 0.0261211 0.0757604 0.1046259 0.0174354 0.0211401 0.0899453 0.0734679 0.0449347 0.0089032 0.0340148 0.0792503
169 Q 169 0.0716527 0.0752565 0.0289670 0.0484797 0.0475970 0.0732889 0.0314024 0.0392394 0.0118237 0.0446112 0.0440379 0.1323441 0.0208753 0.0168920 0.0851335 0.0871824 0.0648182 0.0117812 0.0248257 0.0397912
170 P 170 0.0464638 0.0348334 0.0261719 0.0337500 0.0079067 0.0925891 0.0622156 0.0317936 0.0150040 0.0105938 0.0567101 0.0747096 0.0278681 0.0311262 0.1606157 0.1498375 0.0436964 0.0046865 0.0295187 0.0599093
171 N 171 0.0899110 0.0649229 0.0897385 0.0333503 0.0129138 0.0451261 0.0469058 0.0606410 0.0135009 0.0216022 0.0809652 0.1035516 0.0200720 0.0185327 0.0656912 0.0877165 0.0470375 0.0028047 0.0385060 0.0565100
172 P 172 0.0644922 0.0647469 0.0447838 0.0454302 0.0269704 0.0298131 0.0861024 0.1016971 0.0260986 0.0425897 0.0428720 0.0452825 0.0292137 0.0396871 0.1025445 0.0723467 0.0706859 0.0091682 0.0334754 0.0219997
173 P 173 0.0484089 0.0655624 0.0346672 0.0296069 0.0199573 0.0561976 0.0469245 0.0378677 0.0314320 0.0831338 0.0606078 0.0751599 0.0443737 0.0258316 0.0871792 0.0516338 0.0779963 0.0175237 0.0701458 0.0357900
174 P 174 0.0662479 0.0490576 0.0245736 0.0375004 0.0209295 0.0647401 0.0610414 0.0641841 0.0461320 0.0399764 0.0691468 0.0819298 0.0223304 0.0250691 0.1065011 0.0658482 0.0772598 0.0096369 0.0201102 0.0477848
175 V 175 0.0848982 0.0390081 0.0385380 0.0393175 0.0213841 0.0281014 0.0420134 0.0576002 0.0049120 0.0344701 0.1181305 0.0817554 0.0370665 0.0352173 0.0827538 0.0735311 0.0689996 0.0023084 0.0364133 0.0735812
176 Q 176 0.0581929 0.0400872 0.0464923 0.0537375 0.0185726 0.0398579 0.0541994 0.0577680 0.0498185 0.0376544 0.1096440 0.0675781 0.0414802 0.0305256 0.0867937 0.0773952 0.0385707 0.0069874 0.0286559 0.0559885
177 A 177 0.0633983 0.0573891 0.0811969 0.0573494 0.0288818 0.0541880 0.0422986 0.0660927 0.0338264 0.0368909 0.0820331 0.0630763 0.0282952 0.0260332 0.0703949 0.0724056 0.0616196 0.0148620 0.0264875 0.0332805
178 T 178 0.0762096 0.0528887 0.0389241 0.0438782 0.0038261 0.0456952 0.0410480 0.0370879 0.0359296 0.0397618 0.1055379 0.0770527 0.0510828 0.0208597 0.0743244 0.0715789 0.0527810 0.0152113 0.0503282 0.0659939
179 P 179 0.0572662 0.0643085 0.0413191 0.0252619 0.0295515 0.0528483 0.0397516 0.0445756 0.0232295 0.0225193 0.0439739 0.0686509 0.0188055 0.0258889 0.1869017 0.0959749 0.0828536 0.0089811 0.0174942 0.0498437
180 H 180 0.0576240 0.0578405 0.0495025 0.0580941 0.0287339 0.0425551 0.0546405 0.0455766 0.0652483 0.0385152 0.1073192 0.0823871 0.0134193 0.0316251 0.0949926 0.0714187 0.0370465 0.0075497 0.0201782 0.0357330
181 P 181 0.0390372 0.0707122 0.0518681 0.0563867 0.0104030 0.0549621 0.0833654 0.0644648 0.0446572 0.0402507 0.1033644 0.0666743 0.0216486 0.0235280 0.0715713 0.0722448 0.0390291 0.0019261 0.0371328 0.0467732
182 F 182 0.0540562 0.0607514 0.0262168 0.0652228 0.0294391 0.0414139 0.0904273 0.0403175 0.0249715 0.0314527 0.1058501 0.0767353 0.0287982 0.0280277 0.0633822 0.0918792 0.0286189 0.0129310 0.0470417 0.0524666
183 P 183 0.0603018 0.0524755 0.0479765 0.1000870 0.0490813 0.0349938 0.0628763 0.0328436 0.0395669 0.0495351 0.0695687 0.0834120 0.0395555 0.0124722 0.0929434 0.0590159 0.0664376 0.0000000 0.0255214 0.0213357
184 A 184 0.0662671 0.0489195 0.0404086 0.0616640 0.0277446 0.0369987 0.0501639 0.0380027 0.0314512 0.0551194 0.0676159 0.0687975 0.0477279 0.0391664 0.0837616 0.0616433 0.0542647 0.0169282 0.0605394 0.0428155
185 V 185 0.0560625 0.0567543 0.0212763 0.0437475 0.0145102 0.0300195 0.0526925 0.0372448 0.0291358 0.0628866 0.0740512 0.0943787 0.0213176 0.0220321 0.0856040 0.1046156 0.0781729 0.0076368 0.0437827 0.0640784
186 T 186 0.0805166 0.0452807 0.0325485 0.0409200 0.0189195 0.0580656 0.0594217 0.0349929 0.0509797 0.0440680 0.0825269 0.1216911 0.0152958 0.0219783 0.0829706 0.0615068 0.0515913 0.0000000 0.0571541 0.0395718
187 P 187 0.0683019 0.0526604 0.0543671 0.0516593 0.0262064 0.0460589 0.0694823 0.0350248 0.0091956 0.0442804 0.0696114 0.0847896 0.0272252 0.0138169 0.0873929 0.0832823 0.0789587 0.0081056 0.0476193 0.0419611
188 D 188 0.0581635 0.0489466 0.0243003 0.0671777 0.0226120 0.0672665 0.0406452 0.0508788 0.0077917 0.0578989 0.0643410 0.0910781 0.0280862 0.0415847 0.0615678 0.0582793 0.0699882 0.0041300 0.0688607 0.0664027
189 L 189 0.0452479 0.0762043 0.0141025 0.0356812 0.0215236 0.0759304 0.0421614 0.0256464 0.0192670 0.0835300 0.0980699 0.0996328 0.0286997 0.0181692 0.0655540 0.1061071 0.0729612 0.0021937 0.0261594 0.0431585
190 I 190 0.0539343 0.0598176 0.0608327 0.0688406 0.0109807 0.0678275 0.0296234 0.0366103 0.0343533 0.0606805 0.0845792 0.0744308 0.0244498 0.0286178 0.0779990 0.0684813 0.0588589 0.0021682 0.0440208 0.0528932
191 V 191 0.0367946 0.0578715 0.0337712 0.0658083 0.0494922 0.0487894 0.0447306 0.0328981 0.0252330 0.0818042 0.0731108 0.0766567 0.0211978 0.0603036 0.0633421 0.0468730 0.0453342 0.0076413 0.0479980 0.0803494
192 Q 192 0.0600050 0.0529208 0.0490975 0.0615641 0.0313418 0.0375601 0.0522455 0.0265183 0.0209001 0.0422729 0.0967111 0.0585020 0.0364139 0.0304453 0.1058229 0.0811353 0.0544956 0.0024624 0.0390686 0.0605170
193 T 193 0.0550375 0.0341019 0.0265637 0.0863430 0.0310224 0.0656744 0.0604984 0.0508782 0.0411793 0.0394987 0.0503333 0.0950691 0.0124336 0.0282349 0.0759460 0.0748851 0.1221367 0.0000000 0.0154241 0.0347395
194 P 194 0.0296845 0.0540732 0.0346636 0.0658472 0.0167587 0.0435614 0.0531410 0.0238537 0.0234957 0.0677016 0.0701577 0.0651292 0.0579947 0.0513024 0.0925750 0.0693336 0.0436198 0.0017633 0.0757927 0.0595511
195 V 195 0.0693912 0.0370974 0.0351663 0.0472704 0.0277900 0.0734127 0.0324952 0.0341262 0.0237739 0.0741440 0.0981494 0.0758795 0.0240993 0.0323669 0.0834344 0.0698150 0.0764788 0.0047967 0.0310376 0.0492753
196 M 196 0.0273813 0.0286602 0.0407213 0.0910978 0.0340308 0.0826720 0.0439562 0.0481170 0.0187610 0.0484465 0.0551418 0.0930575 0.0492525 0.0497247 0.0667243 0.0650863 0.0786985 0.0102923 0.0279189 0.0402592
197 T 197 0.0443791 0.0560240 0.0406633 0.0614659 0.0071472 0.0461562 0.0776291 0.0391987 0.0316696 0.0361597 0.0681523 0.0937749 0.0249216 0.0358114 0.0800370 0.0855771 0.0424694 0.0034641 0.0870114 0.0382880
198 V 198 0.0572312 0.0830016 0.0301443 0.0712313 0.0275363 0.0534696 0.0422896 0.0377591 0.0316743 0.0415494 0.0783946 0.0876222 0.0241116 0.0240597 0.0849815 0.0615741 0.0446758 0.0000000 0.0814099 0.0372838
199 V 199 0.0834207 0.0580309 0.0383553 0.0880849 0.0139731 0.0418621 0.0502050 0.0242693 0.0198450 0.0346754 0.0790113 0.0770294 0.0259171 0.0299034 0.1010453 0.0681082 0.0856931 0.0046595 0.0306103 0.0453005
200 P 200 0.0401655 0.0500230 0.0658107 0.0628136 0.0218490 0.0505027 0.0455238 0.0271977 0.0239871 0.0811786 0.0859391 0.0869119 0.0288103 0.0470510 0.0622943 0.0710520 0.0600054 0.0105610 0.0420081 0.0363151
201 P 201 0.0608080 0.0464969 0.0575852 0.0370771 0.0254806 0.0318688 0.0481231 0.0592237 0.0154893 0.0653370 0.0492529 0.1057553 0.0365602 0.0321618 0.0939458 0.0447895 0.0490127 0.0065019 0.0823823 0.0521480
202 Q 202 0.0631909 0.0651225 0.0486647 0.0812268 0.0127543 0.0490182 0.0699298 0.0273604 0.0237888 0.0398140 0.0435806 0.1078735 0.0205436 0.0445244 0.0658441 0.0504928 0.0498355 0.0024507 0.0846217 0.0493627
203 P 203 0.0489978 0.0334629 0.0451467 0.0782932 0.0035752 0.0248074 0.0620370 0.0570560 0.0293870 0.0657934 0.0639457 0.0942462 0.0252306 0.0545269 0.0840496 0.0670492 0.0583920 0.0042891 0.0450365 0.0546776
204 L 204 0.0369295 0.0349969 0.0528186 0.0721523 0.0309644 0.0495989 0.0489441 0.0572780 0.0171719 0.0523676 0.0949218 0.0934302 0.0334590 0.0418986 0.0644017 0.0519276 0.0366640 0.0102130 0.0567154 0.0631463
205 Q 205 0.0569851 0.0496969 0.0562774 0.0871005 0.0021753 0.0421266 0.0670556 0.0597032 0.0187891 0.0490904 0.0796833 0.0992763 0.0187888 0.0225094 0.0778601 0.0649774 0.0228039 0.0000000 0.0756866 0.0494140
206 T 206 0.0495261 0.0679567 0.0343256 0.0536394 0.0357384 0.0679396 0.0531090 0.0276976 0.0341560 0.0442930 0.0786453 0.0522259 0.0266138 0.0655501 0.0843188 0.0596396 0.0601315 0.0012194 0.0476596 0.0556146
207 P 207 0.0826854 0.0377322 0.0492556 0.0733732 0.0304735 0.0335783 0.0742506 0.0826946 0.0262556 0.0421648 0.0564608 0.0818624 0.0218207 0.0361461 0.0811385 0.0730455 0.0357270 0.0000000 0.0513451 0.0299901
208 P 208 0.0352677 0.0450691 0.0400406 0.0414687 0.0148892 0.0439488 0.0641898 0.0213620 0.0223129 0.0528364 0.0726911 0.0909204 0.0402695 0.0707166 0.1018780 0.0563827 0.0456198 0.0038803 0.0779089 0.0583475
209 P 209 0.0349359 0.0321396 0.0387435 0.0685920 0.0341289 0.0609533 0.0642325 0.0558670 0.0343913 0.0525254 0.0566953 0.0829656 0.0434071 0.0546055 0.0728338 0.0677942 0.0596562 0.0048219 0.0430395 0.0376715
210 V 210 0.0567900 0.0500516 0.0467236 0.0693048 0.0317149 0.0469956 0.0562204 0.0606404 0.0159492 0.0437838 0.0491851 0.1080241 0.0200632 0.0272105 0.0775515 0.0480857 0.0394127 0.0127973 0.0582188 0.0812765
211 P 211 0.0584498 0.0595152 0.0638586 0.0743759 0.0223577 0.0281075 0.0771847 0.0418068 0.0140098 0.0496097 0.0779206 0.0674103 0.0259055 0.0678100 0.0544456 0.0801844 0.0339481 0.0000000 0.0411725 0.0619273
212 P 212 0.0434934 0.0573990 0.0404420 0.0818922 0.0489946 0.0410372 0.0355074 0.0286337 0.0306212 0.0560971 0.0972153 0.0773458 0.0140899 0.0454848 0.0902974 0.0521997 0.0593737 0.0166579 0.0370166 0.0462010
213 Q 213 0.0478732 0.0437107 0.0283203 0.0418289 0.0181624 0.0509437 0.0448853 0.0642532 0.0264220 0.0478549 0.0496569 0.1377156 0.0341905 0.0334095 0.0871698 0.1077740 0.0524709 0.0099795 0.0347683 0.0386105
214 P 214 0.0475137 0.0496826 0.0335282 0.0964986 0.0177361 0.0542042 0.0833435 0.0340673 0.0444042 0.0439422 0.0658974 0.0586623 0.0213282 0.0321335 0.0812399 0.0973589 0.0515824 0.0051571 0.0254641 0.0562556
215 Q 215 0.0782441 0.0486464 0.0317598 0.0710387 0.0508638 0.0239015 0.0435664 0.0518060 0.0221986 0.0756973 0.0749584 0.0581456 0.0471419 0.0115903 0.1088006 0.0717961 0.0631660 0.0026706 0.0353735 0.0286345
216 P 216 0.0613602 0.0356308 0.0247072 0.0798600 0.0049936 0.0435417 0.0650773 0.0576992 0.0214737 0.0629155 0.0718523 0.1102768 0.0327739 0.0297345 0.0723774 0.0573017 0.0598458 0.0060862 0.0475987 0.0548934
217 P 217 0.0495325 0.0537385 0.0291603 0.0732473 0.0310456 0.0272035 0.0620213 0.0378851 0.0229548 0.0421626 0.1459032 0.0676938 0.0184104 0.0333948 0.0799138 0.0908742 0.0577615 0.0000000 0.0306168 0.0464799
218 P 218 0.0650538 0.0569417 0.0398810 0.0707355 0.0403468 0.0449818 0.0504385 0.0318712 0.0272636 0.0771070 0.0409956 0.1221891 0.0448688 0.0129168 0.0799170 0.0427911 0.0335379 0.0114617 0.0456199 0.0610812
219 A 219 0.0621805 0.0375659 0.0397967 0.0490570 0.0165270 0.0427237 0.0694267 0.0508047 0.0191979 0.0599997 0.0698710 0.1084966 0.0651180 0.0400646 0.0571739 0.0469160 0.0482558 0.0249594 0.0469832 0.0448818
220 P 220 0.0498364 0.0218041 0.0385827 0.0497027 0.0143031 0.0398956 0.0475870 0.0277706 0.0520291 0.0876246 0.0778917 0.0421324 0.0597865 0.0410210 0.0815044 0.0788995 0.0563735 0.0052718 0.0402835 0.0876998
221 A 221 0.0394942 0.0375822 0.0460856 0.0504871 0.0325535 0.0656803 0.0591743 0.0656000 0.0305868 0.0600411 0.0491094 0.0514524 0.0348751 0.0359335 0.0861143 0.0527733 0.0589343 0.0087597 0.0562160 0.0785469
222 P 222 0.0553421 0.0517922 0.0353150 0.0493443 0.0213126 0.0321300 0.0733836 0.0278735 0.0260781 0.0567512 0.0829005 0.0532330 0.0367022 0.0322173 0.1003317 0.0353950 0.0621403 0.0335173 0.0965807 0.0376593
223 Q 223 0.0499804 0.0215338 0.0623323 0.0578347 0.0582916 0.0356267 0.0843476 0.0270961 0.0252576 0.0651263 0.0674328 0.0714876 0.0477731 0.0418360 0.0800790 0.0761202 0.0581089 0.0000000 0.0250802 0.0446550
224 P 224 0.0962066 0.0451022 0.0454456 0.0395410 0.0197276 0.0424588 0.0474958 0.0480667 0.0338920 0.0589344 0.0461568 0.1381248 0.0308611 0.0070537 0.0607433 0.0752178 0.0405722 0.0013512 0.0307714 0.0922767
225 V 225 0.0706530 0.0697939 0.0386349 0.0712861 0.0253505 0.0268827 0.0660166 0.0259474 0.0259668 0.0424241 0.1003083 0.0813696 0.0312734 0.0176151 0.0505068 0.0770608 0.0528713 0.0074084 0.0588588 0.0597715
226 Q 226 0.0659557 0.0414290 0.0501243 0.0280200 0.0270911 0.0725425 0.0561326 0.0346407 0.0357237 0.0712188 0.0464833 0.0999255 0.0258216 0.0409189 0.0858898 0.0568918 0.0524885 0.0036933 0.0591346 0.0458743
227 S 227 0.0605759 0.0605248 0.0326614 0.0526780 0.0296100 0.0437142 0.0967711 0.0329786 0.0297985 0.0383717 0.0463178 0.1022673 0.0570727 0.0407200 0.0716149 0.0571611 0.0371938 0.0244490 0.0306852 0.0548341
228 H 228 0.0390093 0.0469630 0.0541074 0.0878385 0.0216012 0.0267364 0.0876218 0.0570426 0.0260922 0.0659156 0.0675448 0.0875690 0.0733459 0.0294876 0.0462140 0.0464428 0.0448188 0.0235985 0.0415091 0.0265416
229 P 229 0.0971070 0.0314857 0.0514023 0.0521238 0.0068268 0.0404480 0.0709426 0.0490349 0.0104537 0.0503586 0.0465599 0.1014815 0.0299208 0.0226813 0.0888778 0.0711939 0.0451683 0.0440016 0.0534830 0.0364484
230 P 230 0.0650148 0.0463959 0.0456958 0.0575746 0.0076734 0.0532617 0.1082671 0.0421980 0.0296263 0.0469493 0.0669737 0.0792832 0.0249277 0.0369793 0.0733557 0.0444148 0.0822689 0.0118424 0.0295185 0.0477789
231 I 231 0.0469136 0.0321841 0.0429213 0.0679144 0.0327328 0.0346738 0.0699421 0.0815768 0.0263882 0.0742367 0.0758906 0.0379275 0.0559018 0.0378850 0.0708775 0.0491099 0.0545979 0.0290099 0.0422683 0.0370479
232 I 232 0.0491595 0.0484133 0.0222709 0.0375336 0.0172809 0.0413180 0.0700800 0.0943274 0.0088428 0.0764904 0.0623448 0.0830149 0.0667004 0.0165813 0.0745684 0.0569253 0.0664736 0.0056312 0.0525203 0.0495231
233 A 233 0.0520856 0.0395379 0.0502524 0.0802715 0.0356145 0.0394095 0.0905418 0.0647991 0.0246723 0.0611928 0.0544400 0.0519323 0.0265258 0.0220144 0.0600617 0.0958521 0.0681371 0.0016503 0.0330661 0.0479429
234 A 234 0.0624741 0.0326794 0.0602793 0.0534495 0.0713213 0.0355331 0.0525912 0.0691962 0.0153685 0.0699998 0.0769614 0.0739967 0.0346135 0.0055304 0.0509223 0.0747109 0.0506372 0.0016585 0.0503828 0.0576940
235 T 235 0.0744937 0.0218943 0.0353722 0.0412538 0.0224839 0.0385856 0.1045010 0.0348857 0.0250689 0.0412067 0.0565412 0.0747663 0.0958880 0.0327142 0.0702572 0.0919736 0.0572382 0.0148561 0.0246863 0.0413329
236 P 236 0.0445059 0.0591462 0.0319159 0.0438796 0.0478925 0.0854262 0.0441213 0.0460623 0.0309658 0.0540581 0.0618362 0.0790612 0.0547916 0.0356136 0.0673048 0.0451086 0.0589912 0.0170646 0.0221648 0.0700898
237 Q 237 0.0482186 0.0431932 0.0675475 0.0190374 0.0891108 0.0439840 0.1010759 0.0464961 0.0316909 0.0595758 0.0642055 0.1096812 0.0276869 0.0217643 0.0455873 0.0594726 0.0345751 0.0126652 0.0386354 0.0357963
238 P 238 0.0608654 0.0294349 0.0424311 0.0818236 0.0385857 0.0407878 0.0704773 0.0207416 0.0352321 0.0390792 0.0359699 0.1059625 0.0360261 0.0211995 0.1280796 0.0868119 0.0653983 0.0000000 0.0342655 0.0268281
239 V 239 0.0985047 0.0658301 0.0562396 0.0546946 0.0138253 0.0317448 0.0547743 0.0384906 0.0142587 0.0445032 0.0789528 0.1132308 0.0610652 0.0255619 0.0507209 0.0626648 0.0417068 0.0103589 0.0199208 0.0629512
240 K 240 0.0539245 0.0397632 0.0371781 0.0606242 0.0596375 0.0551879 0.0457335 0.0400756 0.0115996 0.0757351 0.0733323 0.0970827 0.0699216 0.0390140 0.0538765 0.0486848 0.0327760 0.0105805 0.0261316 0.0691406
241 T 241 0.0558312 0.0402494 0.0419037 0.0756939 0.0253426 0.0450271 0.0904100 0.0263542 0.0126170 0.0244313 0.0915117 0.1193505 0.0229207 0.0184798 0.1294804 0.0505064 0.0513322 0.0158293 0.0190641 0.0436645
242 K 242 0.0700628 0.0760611 0.0335812 0.0634752 0.0240593 0.0523052 0.0574070 0.0465581 0.0071834 0.0361891 0.0822469 0.1504851 0.0391518 0.0138014 0.0417719 0.0483881 0.0591099 0.0000000 0.0628494 0.0353131
243 K 243 0.0477435 0.0524555 0.0545268 0.0455151 0.0165156 0.0673631 0.0727820 0.0375717 0.0184802 0.0453425 0.0744949 0.0953435 0.0469712 0.0485962 0.0589141 0.0509414 0.0701513 0.0147337 0.0448359 0.0367219
244 G 244 0.0625067 0.0760449 0.0576279 0.0414043 0.0065982 0.0541522 0.1164532 0.0894134 0.0082144 0.0424765 0.0600428 0.0891257 0.0306203 0.0237121 0.0559837 0.0930317 0.0251426 0.0041026 0.0200072 0.0433396
245 V 245 0.0729890 0.0576477 0.0503698 0.0664340 0.0093077 0.0408866 0.0714879 0.0479893 0.0132126 0.0571486 0.1125621 0.0784485 0.0322715 0.0446916 0.0449885 0.0659901 0.0530771 0.0000000 0.0397467 0.0407507
246 K 246 0.0614649 0.0382624 0.0377342 0.0653518 0.0126001 0.0473158 0.0475471 0.0341705 0.0206830 0.0521822 0.0946349 0.0867179 0.0398834 0.0327237 0.0647001 0.1083953 0.0496240 0.0019310 0.0570013 0.0470766
247 R 247 0.0427655 0.0848246 0.0267969 0.0525199 0.0645051 0.0417858 0.0731130 0.0450370 0.0321593 0.0411188 0.1009136 0.0724791 0.0361271 0.0353919 0.0526206 0.0746435 0.0506833 0.0088685 0.0155817 0.0480648
248 K 248 0.0628804 0.0736779 0.0357550 0.0452755 0.0134704 0.0397685 0.0604897 0.0378316 0.0367693 0.0819069 0.0741751 0.0832226 0.0330222 0.0547651 0.0459201 0.1161385 0.0364850 0.0000000 0.0214302 0.0470160
249 A 249 0.0724627 0.0525698 0.0484292 0.0406593 0.0484714 0.0573369 0.0660010 0.0413660 0.0088371 0.0528802 0.0954224 0.0906889 0.0288426 0.0152204 0.0629946 0.0679757 0.0717246 0.0000000 0.0223625 0.0557548
250 D 250 0.0474763 0.0686875 0.0518556 0.0764789 0.0600994 0.0537095 0.0850368 0.0238156 0.0143292 0.0316170 0.0628120 0.1195140 0.0325583 0.0224127 0.0542403 0.0857505 0.0462969 0.0018094 0.0278851 0.0336151
251 T 251 0.0700992 0.0430026 0.0584564 0.0374382 0.0296433 0.0564549 0.0639974 0.0236000 0.0160187 0.0443256 0.0661758 0.0974004 0.0458631 0.0512997 0.0472615 0.0458811 0.0678244 0.0088743 0.0758776 0.0505057
252 T 252 0.0554908 0.0652295 0.0433203 0.0520774 0.0057768 0.0722382 0.0716211 0.0264566 0.0198628 0.0398224 0.1093843 0.1110941 0.0122635 0.0271894 0.0782292 0.0687435 0.0607142 0.0040746 0.0221293 0.0542820
253 T 253 0.0604440 0.0469384 0.0511598 0.0458841 0.0310535 0.0356169 0.0518874 0.0377039 0.0182289 0.0268479 0.0806809 0.1191641 0.0321432 0.0237996 0.0638429 0.0692303 0.0743096 0.0028290 0.0699716 0.0582638
254 P 254 0.0851485 0.0620046 0.0461620 0.0700578 0.0062795 0.0395751 0.0946547 0.0481022 0.0169968 0.0348508 0.0639029 0.0923960 0.0118090 0.0221035 0.0732860 0.0855610 0.0479355 0.0000000 0.0369978 0.0621762
255 T 255 0.0460573 0.0512264 0.0340151 0.0428509 0.0409526 0.0863474 0.0774763 0.0600804 0.0188059 0.0680493 0.0664873 0.0707247 0.0285014 0.0246949 0.0450214 0.0706613 0.0654768 0.0257963 0.0226116 0.0541625
256 T 256 0.0876741 0.0476743 0.0296703 0.0598265 0.0067459 0.0298030 0.0491717 0.0224822 0.0132792 0.0580601 0.0533186 0.0942273 0.0162002 0.0176520 0.0807794 0.1015855 0.1100424 0.0026436 0.0390171 0.0801467
257 I 257 0.0445910 0.0606534 0.0644036 0.0618272 0.0257520 0.0574932 0.0749569 0.0253453 0.0130994 0.0587886 0.0732876 0.0962963 0.0322796 0.0369816 0.0646644 0.0642808 0.0493812 0.0029016 0.0498240 0.0431923
258 D 258 0.0880034 0.0592462 0.0617061 0.0610108 0.0246331 0.0404173 0.0609828 0.0622600 0.0189263 0.0394910 0.0739591 0.0692577 0.0212086 0.0652875 0.0567796 0.0603317 0.0584610 0.0085655 0.0392859 0.0301866
259 P 259 0.0375536 0.0693543 0.0613624 0.0903620 0.0088275 0.0263511 0.0952266 0.0294218 0.0122454 0.0217707 0.0843909 0.0811605 0.0247278 0.0160561 0.0996029 0.0732365 0.0459685 0.0047119 0.0658795 0.0517903
260 I 260 0.0568941 0.0351589 0.0324525 0.0850237 0.0345607 0.0393945 0.0633430 0.0380070 0.0352595 0.1479035 0.0430753 0.0532746 0.0318841 0.0337134 0.0588047 0.0686913 0.0498627 0.0046675 0.0370055 0.0510235
261 H 261 0.0671347 0.0553775 0.0209545 0.0455497 0.0350430 0.0364659 0.1224691 0.0525839 0.0433410 0.0251135 0.0419728 0.0905070 0.0162051 0.0431590 0.0546379 0.1227679 0.0383512 0.0000000 0.0339216 0.0544446
262 E 262 0.0613869 0.0616664 0.0442508 0.0635798 0.0395447 0.0499694 0.1469846 0.0261864 0.0190895 0.0485673 0.0356722 0.1077659 0.0093471 0.0243317 0.0356180 0.1311205 0.0469140 0.0000000 0.0223965 0.0256083
263 P 263 0.0564480 0.0337958 0.0364758 0.1023140 0.0285651 0.0436587 0.0755580 0.0370697 0.0255541 0.0750346 0.0783246 0.0836454 0.0313620 0.0409734 0.0748686 0.0569320 0.0475448 0.0058366 0.0354478 0.0305910
264 P 264 0.0602545 0.0877540 0.0395511 0.0258807 0.0199985 0.0473966 0.0830008 0.0323927 0.0194233 0.0380425 0.0322654 0.0799611 0.0242931 0.0223218 0.1380455 0.1361350 0.0461181 0.0000000 0.0230364 0.0441291
265 S 265 0.0913724 0.0439897 0.0306998 0.0552516 0.0444510 0.0309303 0.0731107 0.0495334 0.0342568 0.0490651 0.0999840 0.0643509 0.0195763 0.0173898 0.0929785 0.0825644 0.0420732 0.0000000 0.0346106 0.0438115
266 L 266 0.0459470 0.0704374 0.0164444 0.0329640 0.0130641 0.0942560 0.0625001 0.0300677 0.0195359 0.0478760 0.0871658 0.0610828 0.0727005 0.0385450 0.0441029 0.0929657 0.0582657 0.0270304 0.0364505 0.0485979
267 P 267 0.0687404 0.0471670 0.0774778 0.1127936 0.0028197 0.0344758 0.0474734 0.0443224 0.0309174 0.0520519 0.0741652 0.0657740 0.0299977 0.0350965 0.0747791 0.0755769 0.0575066 0.0124091 0.0165919 0.0398638
268 P 268 0.0662178 0.0726179 0.0393325 0.0525673 0.0245662 0.0273042 0.0864350 0.0394071 0.0261302 0.0412223 0.0961235 0.0832119 0.0538426 0.0222338 0.0459198 0.0665166 0.0592320 0.0351375 0.0139509 0.0480310
269 E 269 0.0473117 0.0626011 0.0488683 0.0543290 0.0148081 0.0523999 0.1086033 0.0283799 0.0245353 0.0364924 0.0612466 0.0773630 0.0243152 0.0496970 0.0789921 0.0957560 0.0427070 0.0096315 0.0188600 0.0631027
270 P 270 0.0571465 0.0408537 0.0397489 0.0383798 0.0148830 0.0274369 0.0452713 0.0574010 0.0859460 0.0471506 0.0584591 0.1055034 0.0352053 0.0296207 0.0868693 0.0638248 0.0689420 0.0053737 0.0083965 0.0835875
271 K 271 0.0671820 0.0704575 0.0354409 0.0426798 0.0114313 0.0342140 0.0485589 0.0712037 0.0150482 0.0734882 0.0701875 0.1107572 0.0248114 0.0303931 0.0743841 0.0700553 0.0402579 0.0108740 0.0430512 0.0555238
272 T 272 0.0735887 0.0728461 0.0543057 0.0418020 0.0229521 0.0493226 0.0601331 0.0375894 0.0345641 0.0448397 0.0631095 0.1170759 0.0250170 0.0201710 0.1023969 0.0739692 0.0545836 0.0106223 0.0104803 0.0306307
273 T 273 0.0728424 0.0683456 0.0406624 0.0325896 0.0447042 0.0263329 0.0799490 0.0878016 0.0412726 0.0573542 0.0496748 0.0850645 0.0455397 0.0186975 0.0490464 0.0584083 0.0619646 0.0142917 0.0272306 0.0382273
274 K 274 0.0739203 0.0744728 0.0467860 0.0401544 0.0018453 0.0548398 0.0567790 0.0333202 0.0156144 0.0253659 0.0702902 0.1885191 0.0114666 0.0154815 0.0775552 0.0617100 0.0456925 0.0127549 0.0308289 0.0626032
275 L 275 0.0578894 0.0762926 0.0489330 0.0257536 0.0059415 0.0475249 0.0892428 0.0906850 0.0174843 0.0510812 0.0863868 0.0794447 0.0170284 0.0077222 0.0803135 0.0811876 0.0654287 0.0025209 0.0131054 0.0560335
276 G 276 0.0580634 0.0770198 0.0480973 0.0721258 0.0348132 0.0453278 0.0654383 0.0450179 0.0174983 0.0493035 0.0684653 0.0794016 0.0328054 0.0138722 0.1163721 0.0601190 0.0254021 0.0189231 0.0214960 0.0504378
277 Q 277 0.0925885 0.0824284 0.0406808 0.0358936 0.0204831 0.0314511 0.0713540 0.0528208 0.0082640 0.0237570 0.1203968 0.0914055 0.0183701 0.0277709 0.0841956 0.0655521 0.0624137 0.0052417 0.0256717 0.0392604
278 R 278 0.0401514 0.1222979 0.0311851 0.0454034 0.0114979 0.0757127 0.0938647 0.0358258 0.0428851 0.0431896 0.0480584 0.0900940 0.0172782 0.0244776 0.1003974 0.0403831 0.0447326 0.0091892 0.0152908 0.0680851
279 R 279 0.0379104 0.1551631 0.0412610 0.0579923 0.0130714 0.0328052 0.0927200 0.0375541 0.0124619 0.0379086 0.0284090 0.1181511 0.0132289 0.0261546 0.0684625 0.1080860 0.0455145 0.0187988 0.0078874 0.0464592
280 E 280 0.0537649 0.0667594 0.0445587 0.0609230 0.0016877 0.0289857 0.1777422 0.0623734 0.0061548 0.0445124 0.0935015 0.0638376 0.0106272 0.0146360 0.0913079 0.0632498 0.0299132 0.0027772 0.0302755 0.0524121
281 S 281 0.0879684 0.0486361 0.0556408 0.0664348 0.0136581 0.0161273 0.0737061 0.0604220 0.0218152 0.0524760 0.0721637 0.0664048 0.0046801 0.0223500 0.0520494 0.1664589 0.0381198 0.0142782 0.0143346 0.0522758
282 S 282 0.0664098 0.0653387 0.0308382 0.0905548 0.0068345 0.0434089 0.0871956 0.0989434 0.0249289 0.0323209 0.0663512 0.0791801 0.0225887 0.0203373 0.0695134 0.0592919 0.0457257 0.0053172 0.0342436 0.0506772
283 R 283 0.0803975 0.1133752 0.0318847 0.0535133 0.0010212 0.0668169 0.0840131 0.0610092 0.0209495 0.0402867 0.0363023 0.0602646 0.0272416 0.0299477 0.0848155 0.0972858 0.0381887 0.0135579 0.0095245 0.0496041
284 P 284 0.0724956 0.0727348 0.0315530 0.0602415 0.0119907 0.0284826 0.0841276 0.0491462 0.0180630 0.0971595 0.0548747 0.0836183 0.0083147 0.0103096 0.1181992 0.0774894 0.0508082 0.0047843 0.0151241 0.0504829
285 V 285 0.0873318 0.0529486 0.0362685 0.1078953 0.0008574 0.0339515 0.0645723 0.0299161 0.0295723 0.0770490 0.0535990 0.0600408 0.0244419 0.0247561 0.1056707 0.1065612 0.0413422 0.0096762 0.0055302 0.0480191
286 K 286 0.0434353 0.1028603 0.0330037 0.0473443 0.0099495 0.0407136 0.0944147 0.0317823 0.0148023 0.0673448 0.0303054 0.1493034 0.0161129 0.0096009 0.0822641 0.1266708 0.0392933 0.0027576 0.0067422 0.0512987
287 P 287 0.0460436 0.0581835 0.0395316 0.0504051 0.0190981 0.0330395 0.0961600 0.0332532 0.0154419 0.0611957 0.0935592 0.0807440 0.0154390 0.0187601 0.1134164 0.0703146 0.0413792 0.0000000 0.0508853 0.0631501
288 P 288 0.0506092 0.0300882 0.0400350 0.0363373 0.0000000 0.0300203 0.0390588 0.0464293 0.0081767 0.0308474 0.1040254 0.0474893 0.0017731 0.0170099 0.2921182 0.1205900 0.0493410 0.0032268 0.0162395 0.0365846
289 K 289 0.0692100 0.0552805 0.0372688 0.0589830 0.0254911 0.0255970 0.0662742 0.0311895 0.0306066 0.0790458 0.0194630 0.1530045 0.0256986 0.0065108 0.0863264 0.0942422 0.0544511 0.0005292 0.0064037 0.0744239
290 K 290 0.0555477 0.0668910 0.0498184 0.0607012 0.0213660 0.0195140 0.0841844 0.0320618 0.0307239 0.0199791 0.0715869 0.1446399 0.0186165 0.0202247 0.1390688 0.0676144 0.0217473 0.0046680 0.0183834 0.0526627
291 D 291 0.0650483 0.0572742 0.0353417 0.0921167 0.0129448 0.0191064 0.1202934 0.0693667 0.0157674 0.0433569 0.0467015 0.0721840 0.0149835 0.0240616 0.1041688 0.0955611 0.0415152 0.0000000 0.0243482 0.0458596
292 V 292 0.0521393 0.0494171 0.0320061 0.0720741 0.0271211 0.0619668 0.0795533 0.0178738 0.0202365 0.0846729 0.1319853 0.0452895 0.0179312 0.0164829 0.0639930 0.0900410 0.0417273 0.0029009 0.0146272 0.0779606
293 P 293 0.0694912 0.0748409 0.0306124 0.0645411 0.0268447 0.0480913 0.0995430 0.0654403 0.0171678 0.0216197 0.0751554 0.0776453 0.0181068 0.0078239 0.1001795 0.0840311 0.0450101 0.0000000 0.0251335 0.0487222
294 D 294 0.0493919 0.0559159 0.0354659 0.0929600 0.0017646 0.0837426 0.0806914 0.0491920 0.0137335 0.0270643 0.0422656 0.0846413 0.0126806 0.0355105 0.0749476 0.0942405 0.0298350 0.0535060 0.0256047 0.0568461
295 S 295 0.0315489 0.0561017 0.0601942 0.0831955 0.0047293 0.0466933 0.0738421 0.0500882 0.0102170 0.0162252 0.0551824 0.0556502 0.0147840 0.0039659 0.0680531 0.2210637 0.0911388 0.0158639 0.0170136 0.0244487
296 Q 296 0.0444749 0.0746672 0.0460261 0.0468605 0.0122138 0.0690628 0.0814355 0.0786667 0.0202999 0.0397947 0.0632035 0.0777404 0.0097060 0.0173981 0.1193720 0.1012868 0.0483077 0.0009979 0.0227562 0.0257293
297 Q 297 0.0442055 0.0730299 0.0339093 0.0625568 0.0218975 0.0752981 0.1590308 0.0552425 0.0170991 0.0218418 0.0420491 0.0465544 0.0104827 0.0078535 0.0636920 0.1146693 0.0336004 0.0418299 0.0290938 0.0460635
298 H 298 0.0481759 0.0581317 0.0191163 0.0671646 0.0129988 0.0373717 0.0571323 0.0584499 0.0444305 0.0242299 0.0437808 0.1069878 0.0635081 0.0253341 0.0929821 0.0872010 0.0346488 0.0079992 0.0553322 0.0550243
299 P 299 0.0499716 0.0778829 0.0425264 0.0924149 0.0098425 0.0541778 0.0394084 0.0231078 0.0202627 0.0249709 0.0586685 0.0907849 0.0099003 0.0009752 0.2452396 0.0797990 0.0309182 0.0107776 0.0097277 0.0286430
300 A 300 0.0602396 0.0847336 0.0538430 0.0589820 0.0136463 0.0490634 0.1110104 0.0432691 0.0126940 0.0226472 0.0496550 0.1166975 0.0270366 0.0291585 0.0816153 0.1086734 0.0345197 0.0034673 0.0121621 0.0268859
301 P 301 0.0613933 0.0686563 0.0574388 0.0448166 0.0224089 0.0261659 0.0572010 0.0649640 0.0235560 0.0312997 0.0704628 0.0877710 0.0354878 0.0203670 0.0924862 0.1072130 0.0527457 0.0119677 0.0217298 0.0418685
302 E 302 0.0823102 0.0502947 0.0434169 0.0631279 0.0014393 0.0273757 0.0776149 0.0689390 0.0192449 0.0184419 0.0463717 0.1948921 0.0093534 0.0049424 0.0892230 0.0706330 0.0587439 0.0016798 0.0151426 0.0568129
303 K 303 0.0316178 0.1463587 0.0407583 0.0383578 0.0056728 0.0357286 0.1445424 0.0313016 0.0120207 0.0196381 0.0302224 0.2185389 0.0219531 0.0028381 0.0451973 0.0901845 0.0420670 0.0022389 0.0209899 0.0197732
304 S 304 0.0356936 0.0772961 0.0535832 0.0377726 0.0059136 0.0481354 0.0606418 0.0489136 0.0116501 0.0495200 0.0426077 0.1560830 0.0255022 0.0186321 0.0494859 0.1230769 0.0917354 0.0213356 0.0161412 0.0262800
305 S 305 0.0691069 0.0618869 0.0351999 0.0411509 0.0048772 0.0268160 0.0519120 0.1031374 0.0155313 0.0310334 0.0372955 0.1327774 0.0220553 0.0341460 0.1012668 0.0826149 0.0730819 0.0240194 0.0162767 0.0358143
306 K 306 0.0207637 0.1273028 0.0342164 0.0683788 0.0000000 0.0420114 0.0328476 0.0705546 0.0244952 0.0267745 0.0641037 0.2549459 0.0304948 0.0066506 0.0866055 0.0406735 0.0309870 0.0020330 0.0098088 0.0263522
307 V 307 0.0377517 0.0593714 0.0468438 0.0275233 0.0047887 0.0471255 0.0650984 0.0114925 0.0575079 0.0446635 0.1817180 0.0486231 0.0437368 0.0171098 0.0737439 0.0510234 0.0707004 0.0040768 0.0216678 0.0854334
308 S 308 0.0499369 0.0297618 0.0494519 0.0485124 0.0087727 0.0990691 0.0618360 0.0954959 0.0266863 0.0317072 0.0497434 0.0488305 0.0237116 0.0154033 0.0899846 0.1285172 0.0861061 0.0048970 0.0200041 0.0315719
309 E 309 0.0431364 0.0664066 0.0876601 0.1198685 0.0000000 0.0700387 0.1974130 0.0119705 0.0161326 0.0252504 0.0276476 0.0947609 0.0141830 0.0076134 0.1313926 0.0445012 0.0220077 0.0047341 0.0026975 0.0125851
310 Q 310 0.0399651 0.0689007 0.0374159 0.1329955 0.0060565 0.1045102 0.0910739 0.0210117 0.0562640 0.0266561 0.1002803 0.0598374 0.0409683 0.0080194 0.0562026 0.0253293 0.0274385 0.0379816 0.0119154 0.0471778
311 L 311 0.0233956 0.0469223 0.0174674 0.0433980 0.0109999 0.0615905 0.0577579 0.0387894 0.0143914 0.0292557 0.2273864 0.1022999 0.0698085 0.0402157 0.0456304 0.0271552 0.0300393 0.0257173 0.0713720 0.0164072
312 K 312 0.0857478 0.1054904 0.0744060 0.0566755 0.0000000 0.0668303 0.0869202 0.0364998 0.0360038 0.0283370 0.0353355 0.2049862 0.0063917 0.0139896 0.0304408 0.0493212 0.0370211 0.0239442 0.0109795 0.0106792
313 C 313 0.0907636 0.0547901 0.0182461 0.0158052 0.0083099 0.1535293 0.0568122 0.0196086 0.0376276 0.0285204 0.1144651 0.0800141 0.0056052 0.1093196 0.0271592 0.0435914 0.0290379 0.0035784 0.0765503 0.0266658
314 C 314 0.0219508 0.0006228 0.0000000 0.0063836 0.3794086 0.0103953 0.0012755 0.0043074 0.0000000 0.0479103 0.3277604 0.0043195 0.0429974 0.0778416 0.0015575 0.0154626 0.0055792 0.0000000 0.0174475 0.0347798
315 S 315 0.0322959 0.0908500 0.0795120 0.0520248 0.0000000 0.1144833 0.1051177 0.0223855 0.0145491 0.0100846 0.0676911 0.1275440 0.0359300 0.0167200 0.0015295 0.0679544 0.0176652 0.0090031 0.1182372 0.0164225
316 G 316 0.0476476 0.0883153 0.0552640 0.0473418 0.0000000 0.0767393 0.1777479 0.0430663 0.0650547 0.0283993 0.0118117 0.0939167 0.0148301 0.0127278 0.0269372 0.1000630 0.0793435 0.0051316 0.0034296 0.0222325
317 I 317 0.0637229 0.0029656 0.0019489 0.0020511 0.0051110 0.0010684 0.0023322 0.0016324 0.0000000 0.2805662 0.3130355 0.0041522 0.0437852 0.0142056 0.0000000 0.0022198 0.0853071 0.0000000 0.0026251 0.1732708
318 L 318 0.0016350 0.0166311 0.0063079 0.0044808 0.0038786 0.0097070 0.0000000 0.0000000 0.0109701 0.1438761 0.5402751 0.0031814 0.0212274 0.0565101 0.0000000 0.0012083 0.0099675 0.0023398 0.0378761 0.1299278
319 K 319 0.0435376 0.1400305 0.1234028 0.0710923 0.0016740 0.0259375 0.0939216 0.0072592 0.0217733 0.0115239 0.0261623 0.2978292 0.0264963 0.0000000 0.0069310 0.0434017 0.0491840 0.0000000 0.0000000 0.0098429
320 E 320 0.0884833 0.0341718 0.0802754 0.0555065 0.0068160 0.0602772 0.2802394 0.0568271 0.0058411 0.0076228 0.0264381 0.0679499 0.0018012 0.0259827 0.0050952 0.0969062 0.0445224 0.0000000 0.0211040 0.0341395
321 M 321 0.0364215 0.0179200 0.0000000 0.0020824 0.0054166 0.0025909 0.0053736 0.0025383 0.0027365 0.1118982 0.5212917 0.0090892 0.1487954 0.0198388 0.0142394 0.0006211 0.0026070 0.0068170 0.0450567 0.0446658
322 F 322 0.0096746 0.0683195 0.0414650 0.0256680 0.0015610 0.1131706 0.0960649 0.0171692 0.0261688 0.0139171 0.0983999 0.0590791 0.0849345 0.0963185 0.0077633 0.0110177 0.0652734 0.0413075 0.0703717 0.0523557
323 A 323 0.1138752 0.0585532 0.0749021 0.1172737 0.0171577 0.1048908 0.0407161 0.0123205 0.0008326 0.0054364 0.0168943 0.1407200 0.0000000 0.0000000 0.0140518 0.2067817 0.0526422 0.0035902 0.0055676 0.0137940
324 K 324 0.0165684 0.0323817 0.0295745 0.0233290 0.0291022 0.0756096 0.0269727 0.0308050 0.2273129 0.0185552 0.0463870 0.2080358 0.0168128 0.0008790 0.0416252 0.0374649 0.0218779 0.0000000 0.0362823 0.0804237
325 K 325 0.0217429 0.0727242 0.0234894 0.1051592 0.0037168 0.1130494 0.0857112 0.0058112 0.0066858 0.0056309 0.0221055 0.4185005 0.0336236 0.0060456 0.0048423 0.0289765 0.0362935 0.0005271 0.0036301 0.0017344
326 H 326 0.0125193 0.0489608 0.1514241 0.1832166 0.0149851 0.0083247 0.0127699 0.1640375 0.1929943 0.0019549 0.0110123 0.0284451 0.0059585 0.0010504 0.0168467 0.0339772 0.0341060 0.0171746 0.0490842 0.0111579
327 A 327 0.0920025 0.1763041 0.0286014 0.0071194 0.0032225 0.0639723 0.0570114 0.0456445 0.1733932 0.0028257 0.0612572 0.0429218 0.0081986 0.0046880 0.0156022 0.0996848 0.0299484 0.0020400 0.0698972 0.0156649
328 A 328 0.1331541 0.0873534 0.0397843 0.0579233 0.0084096 0.0921977 0.0928247 0.0595496 0.0198065 0.0109665 0.0478856 0.0504991 0.0068821 0.0109539 0.1107466 0.1225953 0.0240213 0.0146254 0.0030792 0.0067422
329 Y 329 0.0417859 0.0211795 0.0172284 0.0816902 0.0080640 0.0093110 0.0496166 0.0181885 0.0104752 0.1063870 0.1847132 0.0043719 0.0347294 0.0837971 0.0189819 0.0965107 0.0174053 0.0128037 0.1439886 0.0387718
330 A 330 0.4994923 0.0284027 0.0344994 0.0000000 0.0455192 0.0000000 0.0141734 0.0267286 0.0000000 0.0058916 0.0019174 0.0000000 0.0068489 0.0021623 0.0027057 0.2554684 0.0533033 0.0023130 0.0019320 0.0186418
331 W 331 0.0504289 0.0086945 0.0109674 0.0670140 0.0148120 0.0166925 0.0848886 0.0331778 0.0093887 0.0211820 0.0900402 0.0133419 0.0075177 0.0323944 0.0174279 0.0251060 0.0152100 0.4330858 0.0329185 0.0157111
332 P 332 0.0744489 0.0000000 0.0139989 0.0042485 0.0011902 0.0038395 0.0073782 0.0026129 0.0115375 0.0785845 0.0501732 0.0044356 0.0198933 0.0153351 0.6183408 0.0076629 0.0134934 0.0075223 0.0132630 0.0520413
333 F 333 0.0040487 0.0034309 0.0000000 0.0000000 0.0000000 0.0000000 0.0403643 0.0019524 0.0000000 0.0043911 0.0136057 0.0043921 0.0060047 0.8776079 0.0203506 0.0110600 0.0000000 0.0000000 0.0068301 0.0059615
334 Y 334 0.0353067 0.0947813 0.0518314 0.0144933 0.0030941 0.0506907 0.0140753 0.0119472 0.0185612 0.0499907 0.2943132 0.0278938 0.1305966 0.0098066 0.0000000 0.0144040 0.0242296 0.0121872 0.1154404 0.0263567
335 K 335 0.0487275 0.0751693 0.0270096 0.0333686 0.0072691 0.1103256 0.2386519 0.0201986 0.0305980 0.0128260 0.0413572 0.1945790 0.0046532 0.0218572 0.0246533 0.0241202 0.0285830 0.0005871 0.0198649 0.0356006
336 P 336 0.0625494 0.0138927 0.0127057 0.0018163 0.0026087 0.0007349 0.0064883 0.0045001 0.0000000 0.0026040 0.1485721 0.0211778 0.0144666 0.0123351 0.6689487 0.0186211 0.0055433 0.0000000 0.0000000 0.0024352
337 V 337 0.0167524 0.0000000 0.0000000 0.0261784 0.0000000 0.0065234 0.0289266 0.0000000 0.0000000 0.0155560 0.0102998 0.0000000 0.0024774 0.0000000 0.0520788 0.0142866 0.0013567 0.0000000 0.0025695 0.8229945
338 D 338 0.0033320 0.0038541 0.1764421 0.6067298 0.0037937 0.0041559 0.0216109 0.0031342 0.0000000 0.0040912 0.0302099 0.0353647 0.0000000 0.0000000 0.0111808 0.0501225 0.0136676 0.0000000 0.0272116 0.0050990
339 V 339 0.1284331 0.0272782 0.0050653 0.0082627 0.0024745 0.0045556 0.0146956 0.0054470 0.0033938 0.0087204 0.0756916 0.0924661 0.0006169 0.0008477 0.4353602 0.0103840 0.0564038 0.0404960 0.0079608 0.0714468
340 E 340 0.0384997 0.0561030 0.0685915 0.0878369 0.0028729 0.0243596 0.1072333 0.0013764 0.0074254 0.0321901 0.0087338 0.1714261 0.0017007 0.0004286 0.0270911 0.1954771 0.0222053 0.0009492 0.0043506 0.1411487
341 A 341 0.1658719 0.1609565 0.0073155 0.0039438 0.0000000 0.0368766 0.1573066 0.0289828 0.0013659 0.0187715 0.1269092 0.2039075 0.0036664 0.0248780 0.0009465 0.0220042 0.0114405 0.0056477 0.0026879 0.0165211
342 L 342 0.0302919 0.0540216 0.0145942 0.0417192 0.0089628 0.0095119 0.0201609 0.0017057 0.0139819 0.0120157 0.3220556 0.0566993 0.0229193 0.0426824 0.0352843 0.0601419 0.0207479 0.0051727 0.0964288 0.1309020
343 G 343 0.0096412 0.0127989 0.1437573 0.1122186 0.0072861 0.0531873 0.1617911 0.2233823 0.0077993 0.0122818 0.0402239 0.0443943 0.0079298 0.0272889 0.0057110 0.0704106 0.0189107 0.0074158 0.0206168 0.0129544
344 L 344 0.1374395 0.0099377 0.0234465 0.0120910 0.0171749 0.0179059 0.0143792 0.0032814 0.0348661 0.1611118 0.2522782 0.0247651 0.0000000 0.0101591 0.0029060 0.0024436 0.0111538 0.0059595 0.1715285 0.0871721
345 H 345 0.0180273 0.0063802 0.0000000 0.0061804 0.0000000 0.0000000 0.0133114 0.0129070 0.1070939 0.0012451 0.0109361 0.0036092 0.0000000 0.0019059 0.7904247 0.0102982 0.0046897 0.0018384 0.0029361 0.0082165
346 D 346 0.0149087 0.0072129 0.0462029 0.6239121 0.0000000 0.0064009 0.0643248 0.0598468 0.0122723 0.0000000 0.0052670 0.0193559 0.0135912 0.0052912 0.0128361 0.0221588 0.0810516 0.0000000 0.0043860 0.0009808
347 Y 347 0.0000000 0.0000000 0.0027984 0.0168778 0.0052034 0.0000000 0.0048617 0.0097248 0.0036064 0.0000000 0.0043611 0.0088800 0.0000000 0.0000000 0.0000000 0.0000000 0.0008139 0.0000000 0.9428724 0.0000000
348 C 348 0.0269734 0.0590898 0.0087390 0.0208176 0.0249522 0.0055426 0.0022111 0.0000000 0.1223896 0.0093117 0.0412938 0.0324262 0.0000000 0.1271659 0.0213775 0.0088629 0.0023638 0.0000000 0.4823474 0.0041356
349 D 349 0.0297257 0.0360321 0.0452333 0.3047357 0.0000000 0.0735307 0.1697500 0.0188671 0.0283523 0.0061516 0.0154405 0.1519667 0.0121013 0.0033959 0.0000000 0.0321318 0.0538487 0.0000000 0.0132985 0.0054382
350 I 350 0.0131311 0.0080698 0.0000000 0.0218689 0.0000000 0.0201856 0.0328460 0.0000000 0.0189251 0.4238788 0.0342637 0.0168837 0.0075152 0.0264159 0.0000000 0.0072383 0.0310611 0.0000000 0.0183490 0.3193678
351 I 351 0.0121751 0.0175649 0.0000000 0.0034716 0.0000000 0.0039479 0.0000000 0.0025035 0.0000000 0.7971310 0.0000000 0.0000000 0.0000000 0.0000000 0.0027434 0.0000000 0.0097070 0.0000000 0.0000000 0.1507556
352 K 352 0.0389136 0.0487647 0.0142848 0.0313692 0.0004887 0.0363646 0.0663769 0.0033589 0.0016926 0.0036334 0.0195529 0.6386434 0.0040841 0.0000000 0.0087418 0.0520411 0.0295604 0.0000000 0.0000000 0.0021290
353 H 353 0.0091217 0.0827203 0.1397279 0.0356586 0.0129467 0.0528322 0.1809521 0.0029273 0.1157692 0.0098964 0.0037172 0.1615007 0.0086112 0.0281665 0.0000000 0.0266440 0.0553558 0.0067513 0.0598662 0.0068347
354 P 354 0.0092535 0.0047400 0.0000000 0.0000000 0.0000000 0.0000000 0.0018774 0.0000000 0.0000000 0.0000000 0.0029457 0.0207651 0.0025424 0.0000000 0.9531953 0.0033116 0.0000000 0.0000000 0.0000000 0.0013691
355 M 355 0.0018230 0.0135096 0.0000000 0.0000000 0.0000000 0.0000000 0.0000000 0.0000000 0.0000000 0.2095395 0.0497218 0.0000000 0.6593418 0.0096525 0.0000000 0.0008259 0.0199139 0.0000000 0.0033938 0.0322783
356 D 356 0.0048717 0.0000000 0.0074304 0.8584070 0.0116850 0.0000000 0.0047214 0.0000000 0.0031636 0.0000000 0.0000000 0.0068804 0.0000000 0.0000000 0.0000000 0.0803034 0.0200277 0.0025094 0.0000000 0.0000000
357 M 357 0.0000000 0.0000000 0.0000000 0.0000000 0.0012807 0.0000000 0.0000000 0.0000000 0.0000000 0.0370513 0.6739730 0.0000000 0.1390885 0.1191589 0.0012475 0.0000000 0.0000000 0.0228521 0.0026106 0.0027374
358 S 358 0.0354932 0.0388973 0.0282586 0.0606756 0.0041477 0.0578735 0.0591408 0.2088947 0.0123407 0.0022033 0.0255086 0.1028546 0.0085584 0.0115133 0.0000000 0.2998206 0.0305227 0.0000000 0.0093778 0.0039185
359 T 359 0.0107746 0.0321383 0.0027283 0.0111650 0.0032303 0.0638570 0.0137546 0.0012351 0.0000000 0.0610566 0.0193508 0.0593532 0.0195444 0.0005071 0.0000000 0.0190732 0.6707319 0.0005709 0.0000000 0.0109285
360 I 360 0.0009200 0.0000000 0.0000000 0.0000000 0.0000000 0.0000000 0.0000000 0.0000000 0.0000000 0.6141246 0.0293259 0.0000000 0.2013299 0.0000000 0.0000000 0.0000000 0.0000000 0.0000000 0.0000000 0.1542996
361 K 361 0.0409016 0.2075211 0.0148312 0.0104473 0.0028313 0.0560198 0.2258667 0.0189445 0.0257162 0.0025322 0.0060315 0.3086868 0.0092670 0.0000000 0.0000000 0.0365754 0.0275567 0.0028047 0.0025023 0.0009636
362 S 362 0.0419843 0.1234912 0.0681562 0.0265437 0.0000000 0.0734539 0.1469131 0.0129869 0.0418013 0.0127583 0.0144834 0.2261160 0.0171596 0.0070134 0.0000000 0.1029107 0.0686703 0.0000000 0.0010705 0.0144871
363 K 363 0.0004089 0.2715229 0.1099639 0.0047935 0.0031932 0.0114797 0.0023691 0.0041048 0.0194090 0.0017419 0.0037608 0.5310282 0.0012763 0.0000000 0.0000000 0.0073706 0.0206558 0.0045035 0.0024180 0.0000000
364 L 364 0.0006652 0.0000000 0.0061476 0.0000000 0.0021317 0.0010396 0.0000000 0.0008730 0.0129738 0.1461393 0.6158786 0.0000000 0.1154724 0.0290827 0.0000000 0.0000000 0.0009068 0.0013321 0.0000000 0.0673570
365 E 365 0.0259774 0.0838079 0.0657053 0.1936668 0.0006584 0.0464461 0.2346328 0.0071093 0.0186308 0.0097915 0.0420383 0.1826033 0.0181023 0.0000000 0.0000000 0.0255079 0.0195171 0.0000000 0.0073154 0.0184894
366 A 366 0.1215964 0.0533092 0.2852532 0.0502121 0.0100805 0.0455581 0.0239384 0.0438315 0.0179143 0.0004420 0.0053966 0.1213570 0.0073752 0.0016971 0.0000000 0.1365012 0.0586965 0.0000000 0.0030140 0.0138267
367 R 367 0.0058136 0.1549134 0.1460670 0.1322065 0.0124903 0.0267109 0.0330686 0.3010182 0.0280318 0.0037865 0.0219839 0.0615148 0.0063255 0.0085097 0.0063658 0.0303214 0.0026225 0.0098985 0.0035576 0.0047937
368 E 368 0.0507407 0.0978631 0.0371629 0.0365925 0.0058332 0.1517695 0.1852545 0.0322834 0.0155167 0.0090914 0.0530296 0.0990617 0.0133158 0.0390551 0.0000000 0.0365112 0.0162562 0.0063660 0.0922374 0.0220593
369 Y 369 0.0000000 0.0000000 0.0000000 0.0000000 0.0000000 0.0000000 0.0000000 0.0000000 0.0032552 0.0035524 0.0000000 0.0000000 0.0000000 0.0266034 0.0000000 0.0000000 0.0000000 0.0000000 0.9650983 0.0014906
370 R 370 0.0914314 0.1439989 0.0217112 0.0629894 0.0098147 0.0850739 0.1092392 0.0206599 0.0211697 0.0063269 0.0171420 0.1525851 0.0036286 0.0030613 0.0504211 0.0560198 0.0809932 0.0193196 0.0058987 0.0385155
371 D 371 0.0255577 0.1098835 0.1120655 0.1343434 0.0072092 0.0047789 0.0324425 0.0209400 0.0081080 0.0037620 0.0010208 0.0406323 0.0030065 0.0040273 0.0000000 0.2475617 0.2400382 0.0008089 0.0007956 0.0030181
372 A 372 0.1369847 0.0357528 0.0003307 0.0000000 0.0075102 0.0007251 0.0422104 0.0093697 0.0067367 0.0912683 0.2061237 0.0563002 0.0262221 0.0481701 0.1708627 0.0213290 0.0107880 0.0019593 0.0034881 0.1238683
373 Q 373 0.0312857 0.0211997 0.0217007 0.2383026 0.0026523 0.1041203 0.2154925 0.0235000 0.0164406 0.0013757 0.0198429 0.0837512 0.0096338 0.0052193 0.0066621 0.0996834 0.0480178 0.0319321 0.0126593 0.0065280
374 E 374 0.0734395 0.0168540 0.0030590 0.2074955 0.0009378 0.0904293 0.3628155 0.0358001 0.0089034 0.0142853 0.0580165 0.0203640 0.0130667 0.0012672 0.0000000 0.0549900 0.0216163 0.0033877 0.0000000 0.0132722
375 F 375 0.0299878 0.0000000 0.0000000 0.0000000 0.0215798 0.0000000 0.0000000 0.0000000 0.0000000 0.0304458 0.1645002 0.0000000 0.0711552 0.5944691 0.0000000 0.0008202 0.0018314 0.0046679 0.0333212 0.0472215
376 G 376 0.2364341 0.0111182 0.0019940 0.0151294 0.0449667 0.0959242 0.0672632 0.0074798 0.0028618 0.1412219 0.0431718 0.0190196 0.0470097 0.0052644 0.0000000 0.0214856 0.0264595 0.0019358 0.0102992 0.2009613
377 A 377 0.2981478 0.0414275 0.0269822 0.1023017 0.0052270 0.0315137 0.1207509 0.0617477 0.0093141 0.0064018 0.0144645 0.0870299 0.0005580 0.0245142 0.0000000 0.0890425 0.0283549 0.0148023 0.0214463 0.0159728
378 D 378 0.0054844 0.0000000 0.0048439 0.9097925 0.0000000 0.0018007 0.0261115 0.0000000 0.0284163 0.0000000 0.0014883 0.0059756 0.0000000 0.0000000 0.0000000 0.0100723 0.0047384 0.0000000 0.0000000 0.0012761
379 V 379 0.0706069 0.0000000 0.0000000 0.0000000 0.0085898 0.0000000 0.0000000 0.0000000 0.0000000 0.1088780 0.1451050 0.0000000 0.1570709 0.1550042 0.0000000 0.0020311 0.0020639 0.0000000 0.0211292 0.3295210
380 R 380 0.0081318 0.3654998 0.0867130 0.0230820 0.0006785 0.0387052 0.0424644 0.0030429 0.0073412 0.0158460 0.0451902 0.1215090 0.0251128 0.0754635 0.0000000 0.0122086 0.0461468 0.0305920 0.0195093 0.0327631
381 L 381 0.0100363 0.0530133 0.0004616 0.0049941 0.0000000 0.0335270 0.0336360 0.0000000 0.0000000 0.0113050 0.6785446 0.0504087 0.0159407 0.0071066 0.0000000 0.0088430 0.0418915 0.0000000 0.0354060 0.0148856
382 M 382 0.0000000 0.0000000 0.0000000 0.0000000 0.0146162 0.0000000 0.0000000 0.0000000 0.0000000 0.2702616 0.0765070 0.0000000 0.4351913 0.0000000 0.0000000 0.0000000 0.0311784 0.0000000 0.0000000 0.1722455
383 F 383 0.0246103 0.0000000 0.0000000 0.0000000 0.0224042 0.0000000 0.0141603 0.0000000 0.0000000 0.0397562 0.0951952 0.0000000 0.0030735 0.7263510 0.0000000 0.0007666 0.0034270 0.0119414 0.0137043 0.0446101
384 S 384 0.0395948 0.0524235 0.1107406 0.2006607 0.0000000 0.0353780 0.1524930 0.0026504 0.0253411 0.0082802 0.0027156 0.0606568 0.0246308 0.0027047 0.0000000 0.1733186 0.1043494 0.0012498 0.0015065 0.0013056
385 N 385 0.0140155 0.0407426 0.9304272 0.0007773 0.0000000 0.0000000 0.0000000 0.0000000 0.0000000 0.0000000 0.0000000 0.0081387 0.0000000 0.0000000 0.0000000 0.0027116 0.0031871 0.0000000 0.0000000 0.0000000
386 C 386 0.4182982 0.0000000 0.0017995 0.0000000 0.5293162 0.0000000 0.0000000 0.0032061 0.0000000 0.0044573 0.0000000 0.0000000 0.0000000 0.0000000 0.0000000 0.0263377 0.0089029 0.0000000 0.0037691 0.0039128
387 Y 387 0.0101397 0.3057092 0.0012758 0.0000000 0.0728042 0.0287226 0.0552297 0.0000000 0.0027049 0.0182082 0.0437682 0.1418998 0.0519134 0.0324338 0.0000000 0.0031391 0.0025206 0.0331942 0.1827837 0.0135527
388 K 388 0.0424893 0.1076133 0.0115565 0.0075703 0.0019768 0.0799909 0.0537180 0.0007015 0.0267021 0.0205297 0.0906496 0.2867402 0.0121798 0.0055732 0.0006882 0.0173694 0.1662011 0.0000000 0.0372382 0.0305119
389 Y 389 0.0163272 0.0086780 0.0034014 0.0000000 0.0179913 0.0000000 0.0000000 0.0000000 0.0087766 0.0000000 0.0344398 0.0000000 0.0150028 0.2470118 0.0000000 0.0011955 0.0026486 0.0000000 0.6419013 0.0026257
390 N 390 0.0093439 0.0000000 0.8790981 0.0004932 0.0044573 0.0000000 0.0000000 0.0000000 0.0025870 0.0000000 0.0000000 0.0029193 0.0000000 0.0350794 0.0000000 0.0279584 0.0190526 0.0079169 0.0110939 0.0000000
391 P 391 0.0375724 0.0928817 0.0388611 0.0280206 0.0000000 0.0175361 0.2518690 0.0754753 0.0105449 0.0124570 0.0103624 0.0442994 0.0081779 0.0000000 0.2952048 0.0412792 0.0098563 0.0000000 0.0000000 0.0256017
392 P 392 0.0361606 0.0161877 0.0059681 0.1014970 0.0000000 0.0033355 0.1808447 0.0008108 0.0113189 0.0065259 0.0086730 0.1006456 0.0000000 0.0000000 0.3908778 0.0580821 0.0596569 0.0000000 0.0000000 0.0194155
393 D 393 0.0135178 0.0222540 0.0859061 0.3454241 0.0000000 0.0067710 0.1064516 0.2158734 0.0373314 0.0004964 0.0011614 0.0108934 0.0005469 0.0019315 0.0016268 0.0735808 0.0680450 0.0009833 0.0049099 0.0022951
394 H 394 0.0127492 0.0053348 0.0305923 0.0488033 0.0000000 0.0095960 0.0158932 0.0093851 0.1535427 0.0000000 0.0033294 0.0013005 0.0000000 0.0000000 0.0091372 0.5573503 0.1422463 0.0000000 0.0007397 0.0000000
395 E 395 0.0339616 0.0610777 0.0206704 0.1495303 0.0009036 0.1252334 0.1936787 0.0057279 0.0079930 0.0352943 0.0534644 0.0372093 0.0171737 0.0101424 0.1341464 0.0372834 0.0290547 0.0034480 0.0066980 0.0373088
396 V 396 0.0076974 0.0000000 0.0000000 0.0000000 0.0023503 0.0019282 0.0117048 0.0023538 0.0000000 0.3206171 0.0407503 0.0000000 0.0074526 0.0438533 0.0101494 0.0000000 0.0165573 0.0015470 0.1269880 0.4060506
397 V 397 0.0558991 0.0119576 0.0253446 0.0000000 0.0251192 0.0000000 0.0013596 0.0696575 0.0793145 0.0037576 0.0105363 0.0148156 0.0015211 0.0697214 0.0000000 0.0194489 0.0344469 0.0124556 0.3995103 0.1651342
398 A 398 0.0814336 0.0959118 0.0421206 0.0151436 0.0006260 0.0653731 0.1082778 0.0123704 0.0058415 0.0273598 0.0320095 0.3802014 0.0174810 0.0075441 0.0004412 0.0418770 0.0319906 0.0012046 0.0006528 0.0321395
399 M 399 0.1264372 0.0192170 0.0273544 0.2516077 0.1145089 0.0218004 0.0114292 0.0000000 0.0179264 0.0059393 0.0179083 0.0105269 0.2594167 0.0201874 0.0000000 0.0563186 0.0051518 0.0009717 0.0259928 0.0073052
400 A 400 0.6851776 0.0000000 0.0000000 0.0000000 0.0338575 0.0021221 0.0020230 0.1610046 0.0000000 0.0025899 0.0006836 0.0000000 0.0000000 0.0000000 0.0000000 0.0515106 0.0323551 0.0000000 0.0000000 0.0286760
401 R 401 0.0144773 0.1400942 0.1365747 0.0326654 0.0181395 0.0576576 0.0772127 0.0011927 0.0766433 0.0426271 0.1300056 0.1066743 0.0083323 0.0045598 0.0000000 0.0262170 0.0343258 0.0000000 0.0032833 0.0893173
402 K 402 0.0571894 0.0998010 0.0519297 0.0169576 0.0093929 0.0459556 0.0956042 0.0223043 0.0023322 0.0919835 0.0212744 0.2783278 0.0168091 0.0020298 0.0007097 0.0439577 0.0898842 0.0000000 0.0031874 0.0503693
403 L 403 0.0006950 0.0000000 0.0000000 0.0000000 0.0023008 0.0000000 0.0000000 0.0000000 0.0000000 0.0468511 0.7799294 0.0018607 0.1001151 0.0160004 0.0000000 0.0036431 0.0141155 0.0000000 0.0000000 0.0344887
404 Q 404 0.0135844 0.0771876 0.0311475 0.0037923 0.0012043 0.2819641 0.3487777 0.0024504 0.0429694 0.0000000 0.0429271 0.0467734 0.0068387 0.0004933 0.0000000 0.0701403 0.0183389 0.0079322 0.0008078 0.0026705
405 D 405 0.0888725 0.1170798 0.0210605 0.1462565 0.0011562 0.0602092 0.1077372 0.0150873 0.0123825 0.0038874 0.0051886 0.3216356 0.0006092 0.0000000 0.0006897 0.0634728 0.0273136 0.0000000 0.0039575 0.0034039
406 V 406 0.0558115 0.0078171 0.0041768 0.0094457 0.0161075 0.0105297 0.0141638 0.0027698 0.0183749 0.1084129 0.1322531 0.0105365 0.0114515 0.2160826 0.0000000 0.0101727 0.0114341 0.0026460 0.0905020 0.2673116
407 F 407 0.0264161 0.0000000 0.0000000 0.0000000 0.0303576 0.0037313 0.0000000 0.0019200 0.0000000 0.0154678 0.0915495 0.0000000 0.0960617 0.6659458 0.0000000 0.0021078 0.0078485 0.0089240 0.0306977 0.0189723
408 E 408 0.0097494 0.0458317 0.0886098 0.0540983 0.0000000 0.0709149 0.3567470 0.0039080 0.0210174 0.0562183 0.0800483 0.0465263 0.0185717 0.0123741 0.0000000 0.0047285 0.0061725 0.0419923 0.0251330 0.0573586
409 M 409 0.0831117 0.0726423 0.0398313 0.0573751 0.0000000 0.1280164 0.1251045 0.0108521 0.0088137 0.0045012 0.0094155 0.1562476 0.0964891 0.0337692 0.0030355 0.0903975 0.0635902 0.0000000 0.0063218 0.0104855
410 R 410 0.0247222 0.2150188 0.0066119 0.0104558 0.0062881 0.0543907 0.0559361 0.0043322 0.0609636 0.0244157 0.0620010 0.4165844 0.0242348 0.0025015 0.0000000 0.0086410 0.0117401 0.0008861 0.0064942 0.0037819
411 F 411 0.0079341 0.0437869 0.0022070 0.0000000 0.0119000 0.0020335 0.0000000 0.0000000 0.0000000 0.1804909 0.1962195 0.0408659 0.0886050 0.1186804 0.0000000 0.0046217 0.0008110 0.1962214 0.0483496 0.0572732
412 A 412 0.2320319 0.0724805 0.0147215 0.0258490 0.0035150 0.0336174 0.0635826 0.0092724 0.0059721 0.0042335 0.0270731 0.3464640 0.0017822 0.0000000 0.0316964 0.0627842 0.0322042 0.0010366 0.0000000 0.0316833
413 K 413 0.0267878 0.0190401 0.0626185 0.0343601 0.0060654 0.0702606 0.3749558 0.0081067 0.0310959 0.0013566 0.0352985 0.2706707 0.0009260 0.0031740 0.0115240 0.0324902 0.0063113 0.0000000 0.0010185 0.0039393
414 M 414 0.0039336 0.0207865 0.0018090 0.0000000 0.0073463 0.0000000 0.0000000 0.0000000 0.0000000 0.2846280 0.2854640 0.0141854 0.1746383 0.1231137 0.0000000 0.0063101 0.0036019 0.0000000 0.0177288 0.0564546
415 P 415 0.0036560 0.1583624 0.0000000 0.0015630 0.0000000 0.0115378 0.0819986 0.0016372 0.0037804 0.0060832 0.0115920 0.0192975 0.0179333 0.0023630 0.5919295 0.0195862 0.0252934 0.0000000 0.0331074 0.0102789
416 D 416 0.0413374 0.0027800 0.0210313 0.4545830 0.0000000 0.0895682 0.2513434 0.0276877 0.0015599 0.0011928 0.0027086 0.0367381 0.0010753 0.0011417 0.0400859 0.0159506 0.0029133 0.0000000 0.0000000 0.0083028
417 E 417 0.0000000 0.0000000 0.0000000 0.0994364 0.0000000 0.0282507 0.6990586 0.0000000 0.0000000 0.0000000 0.0000000 0.1732543 0.0000000 0.0000000 0.0000000 0.0000000 0.0000000 0.0000000 0.0000000 0.0000000
