  128         A         R         N         D         C         Q         E         G         H         I         L         K         M         F         P         S         T         W         Y         V    
  1 G   1  0.000000 -0.381998  0.000000 -0.190999 -0.572996 -0.381998 -0.381998  1.145993 -0.381998 -0.763995 -0.763995 -0.381998 -0.572996 -0.572996 -0.381998  0.000000 -0.381998 -0.381998 -0.572996 -0.572996
  2 G   2  0.671305 -0.359528 -0.321336 -0.423152 -0.286359 -0.349983 -0.349983  0.553629 -0.524968 -0.553615 -0.553615 -0.349983 -0.451799 -0.626784 -0.359528  0.203618 -0.174999 -0.709497 -0.626784 -0.295903
  3 A   3  0.048721 -0.551240 -0.658510 -0.796642 -0.267688 -0.499335 -0.606004 -0.674264 -0.700655  0.351397  0.402411 -0.509860  0.177302 -0.201433 -0.614189 -0.309523 -0.155243 -0.679504 -0.341042  0.313622
  4 M   4 -0.401168 -0.561702 -0.571293 -0.795436 -0.473261 -0.361431 -0.584222 -0.854897 -0.044081  0.045798  0.027127 -0.516906  0.064933  0.429759 -0.768146 -0.431349 -0.380401 -0.024645  0.853484 -0.000771
  5 S   5 -0.172468 -0.501461 -0.521595 -0.821567 -0.347963 -0.406008 -0.607797 -0.809100 -0.493188  0.122401  0.391023 -0.446070  0.165145 -0.051524 -0.727559 -0.189726 -0.144211 -0.497501 -0.005646  0.007606
  6 E   6 -0.243604 -0.192825 -0.105851  0.279693 -0.660763  0.078949  0.378344 -0.439389 -0.251864 -0.453759 -0.411515 -0.052956 -0.313746 -0.564251 -0.250484 -0.078195 -0.208302 -0.719067 -0.492674 -0.382984
  7 E   7 -0.122608 -0.039368 -0.003796  0.012964 -0.500861  0.236310  0.225658 -0.381370 -0.165489 -0.531305 -0.457153  0.157206 -0.209186 -0.567670 -0.256016  0.154741 -0.084086 -0.654356 -0.410511 -0.406843
  8 E   8 -1.015513 -0.953328  0.531236  2.819295 -1.733928  0.097264  1.125419 -0.607769 -0.529936 -1.690111 -2.123551 -0.412402 -1.554183 -1.683922 -0.633378  0.048869 -0.498075 -2.168824 -1.607193 -1.614372
  9 Q   9  0.142273 -0.345944 -0.084954 -0.450365 -1.319079  0.222295 -0.079716  0.344365 -0.580234 -1.562747 -1.411616 -0.171844 -0.826710 -1.462150 -0.880657  0.419205 -0.428331 -1.480135 -1.054128 -1.141269
 10 G  10  0.140297 -1.065037 -0.012326 -0.476307 -1.674318 -0.919423 -0.830554  2.443000 -1.123563 -2.120551 -2.141774 -0.962970 -1.592575 -1.817119 -1.075316  0.138102 -0.899344 -1.542765 -1.736290 -1.555775
 11 S  11 -0.700214 -1.150368 -1.384519 -1.737420 -1.022904 -0.915793 -1.287241 -1.932922 -1.013817  0.232618  0.477294 -0.998866  0.394276  0.454993 -1.738566 -0.821101 -0.718284 -0.816266  0.222816  0.001566
 12 G  12 -0.444339 -0.344302  0.220197  1.015078 -2.019853  0.522262  1.513397 -0.762866 -0.434838 -1.811818 -1.871166  0.198904 -1.267085 -1.905162 -0.679479  0.188325 -0.405784 -2.136417 -1.482368 -1.345477
 13 T  13  0.428345 -0.715238 -0.773085 -1.042105 -0.894841 -0.549789 -0.537346 -1.002696 -1.177921 -0.593601 -0.663866 -0.450792 -0.479383 -1.193650 -0.757435  0.091620  0.266663 -1.827070 -1.132479 -0.168324
 14 T  14  0.921621 -1.187642 -1.352265 -1.418795 -0.244544 -0.931249 -0.910773 -1.150769 -1.509662  0.098199 -0.326912 -0.927616 -0.283604 -1.187390 -0.996220 -0.166482  0.191074 -2.007811 -1.148624  0.636084
 15 T  15 -0.491046  1.013825 -0.173583 -0.849062 -1.793699  0.380775  0.211636 -1.328677 -0.272548 -1.588194 -1.202198  0.822591 -0.645272 -1.665570 -1.131620 -0.175346 -0.404964 -1.881984 -1.083392 -1.305492
 16 G  16 -0.364888  0.282863  0.114125 -0.140073 -1.760798  0.397581  0.442607 -0.908295 -0.483885 -1.717696 -1.533579  0.507243 -0.909664 -1.909205 -0.813906  0.169023 -0.338978 -2.152357 -1.399587 -1.344096
 17 C  17 -0.785171 -1.631193 -1.729914 -1.923747 -1.080655 -1.381158 -1.577472 -2.007126 -1.074724  0.135011  0.097114 -1.514802  0.060667  1.156065 -1.864450 -1.034259 -0.753378 -0.449109  0.477828 -0.063104
 18 G  18 -0.395894 -1.710798 -1.740333 -1.963411 -0.924590 -1.444568 -1.595375 -2.115880 -1.703070  1.235519  0.659856 -1.476255  0.434185 -0.224684 -1.551053 -0.986630 -0.448229 -1.776168 -0.564634  1.151428
 19 L  19 -0.510947 -0.795613 -0.948980 -1.135557 -1.298369 -0.471232 -0.570754 -1.801324 -0.925234 -0.256280  0.073406 -0.656237  0.022894 -0.904587 -1.435980 -0.577059 -0.446691 -1.774479 -0.873779 -0.256446
 20 P  20 -0.518665  0.143780 -0.366414 -0.373840 -1.981991  0.167365  0.253701 -1.168971 -0.722881 -1.977244 -1.764904  0.398296 -1.084716 -2.260804  0.691017 -0.143936 -0.479746 -2.398068 -1.663577 -1.496336
 21 S  21 -0.567274 -0.542812 -0.958230 -1.588857 -1.369486 -0.574336 -0.893212 -1.873458 -0.608446 -0.414004 -0.068452 -0.588607 -0.044698 -0.707853 -1.446760 -0.603095 -0.512137 -1.481656 -0.443143 -0.437637
 22 I  22 -0.840835 -1.738565 -2.105809 -2.415897 -1.081784 -1.527593 -1.921020 -2.477555 -1.767317  0.845755  0.956958 -1.623022  0.572262  0.287367 -2.045196 -1.361526 -0.735469 -0.550307 -0.169570  0.531580
 23 E  23 -0.555715 -0.373014 -0.160425  0.349751 -2.160562  0.417805  0.941803 -1.165177 -0.600019 -1.852940 -1.772472  0.205272 -1.115729 -1.780577 -0.717656  0.008540 -0.511357 -2.208083 -1.332397 -1.390653
 24 Q  24 -0.567483 -0.267722  0.104365  0.379045 -2.119620  0.322080  0.738270 -1.134747 -0.658718 -2.030794 -1.945755  0.384581 -1.224489 -2.239014 -0.129762  0.284615 -0.223384 -2.541945 -1.711170 -1.548515
 25 M  25 -0.284692 -0.875255 -0.962108 -1.362950 -1.265371 -0.758313 -0.896692 -1.714106 -1.251000 -0.120915 -0.142855 -0.693173 -0.040776 -0.999308 -1.549904 -0.397044 -0.313501 -2.053195 -1.032357 -0.049673
 26 L  26 -0.422883 -1.195536 -1.255826 -1.361533 -1.261330 -0.784839 -0.956602 -1.950792 -1.527993  0.056733  0.038183 -0.898694  0.200434 -0.979602 -1.288134 -0.560235 -0.542165 -2.020979 -1.090253  0.067353
 27 A  27  0.009188 -0.772488 -0.362682 -0.202360 -1.658227 -0.246893  0.034798 -0.986965 -1.088519 -1.471155 -1.420225 -0.319049 -0.961475 -1.945048 -0.296949  0.287716 -0.169395 -2.516598 -1.700356 -1.067444
 28 A  28 -0.445269 -0.693798  0.171582 -0.304802 -1.839329 -0.297921 -0.148517 -0.624791 -0.683502 -1.548326 -1.471946 -0.401779 -1.009473 -1.585144 -1.294219  0.079048 -0.473714 -2.222207 -1.258655 -1.269718
 29 N  29 -0.377486 -0.701277 -0.044382 -0.222423 -1.895797 -0.251808 -0.096212 -0.657929 -0.969745 -1.589928 -1.576602 -0.364736 -1.069988 -1.959281 -0.727248  0.109884 -0.291631 -2.420809 -1.655716 -1.208058
 30 P  30 -0.263266 -0.747248 -0.456442 -0.595780 -1.721521 -0.177607 -0.215834 -1.251189 -0.680947 -1.425171 -1.320193 -0.351123 -0.840847 -1.754444 -0.457758  0.042943 -0.332168 -2.283986 -1.274050 -1.059223
 31 G  31 -0.485861 -0.832809 -0.356090 -0.640303 -2.107330 -0.402746 -0.363317 -0.104506 -0.995476 -1.783780 -1.711170 -0.560627 -1.097580 -1.712431 -1.142807 -0.177267 -0.791071 -2.162440 -1.494635 -1.361025
 32 K  32 -0.861955  0.699561 -0.604400 -1.407856 -2.054284  0.201841 -0.146078 -1.979346 -0.939482 -1.471304 -0.855570  1.666570 -0.181444 -1.732564 -1.475311 -0.496631 -0.790967 -2.229870 -1.241157 -1.069662
 33 T  33 -1.596140 -1.150821  2.380818  3.180472 -2.628860 -0.081641  0.910699 -0.711326 -0.308190 -2.669536 -3.168024 -0.609288 -2.284258 -2.716072 -1.283555  0.574879 -0.071624 -3.598025 -2.362001 -2.576773
 34 P  34 -0.831018 -1.854775 -1.886729 -1.777633 -2.186955 -1.052278 -1.299114 -1.967394 -0.625797 -1.985124 -1.930225 -1.400169 -1.376688 -0.842867  1.395727 -0.987399 -1.172821 -0.983515  0.518822 -1.504837
 35 I  35 -0.784813 -0.025120 -1.167360 -1.790401 -2.056426 -0.384942 -0.460914 -2.555547 -1.770734 -0.414541 -0.509908  1.829719 -0.060434 -1.906478 -1.578711 -0.742259 -0.684372 -2.847820 -1.568718  0.145726
 36 S  36  0.305931 -1.117487  0.094119 -0.799420 -0.706666 -0.722275 -0.863959 -0.675873 -1.647341 -1.546420 -1.506854 -0.779765 -0.982029 -2.023679 -1.206435  1.609163  2.289688 -2.290107 -2.006327 -0.958915
 37 L  37 -0.275619 -0.238821 -1.061651 -1.635602 -1.785753 -0.141651 -0.606865 -1.735074 -1.382739 -0.964726 -0.550911 -0.307858 -0.253903 -1.665744 -1.818551 -0.361235 -0.471072 -2.142028 -1.399553 -0.740457
 38 L  38 -0.932255 -2.057530 -2.944986 -3.832442 -0.978821 -1.990651 -2.881912 -3.842814 -2.910558  2.008005  3.630159 -1.992392  1.853582  0.034019 -2.897062 -1.960680 -0.934319 -1.986611 -0.915450  1.159843
 39 Q  39 -1.127264  0.347478  0.341634 -0.429342 -2.663478  3.058774  0.920544 -1.886122 -0.061280 -2.225729 -1.451143  0.340389 -0.034945 -2.363767 -1.413272 -0.158791 -0.892539 -2.158983 -0.962844 -1.648102
 40 E  40 -0.954285 -0.101583 -0.058896  1.703537 -3.718036  1.772368  4.323480 -1.936035 -0.100582 -2.709469 -2.751401  0.802353 -1.813033 -2.828727 -1.060920 -0.045971 -0.961267 -2.925530 -1.902271 -1.817484
 41 Y  41 -1.434277 -1.949435 -2.452819 -3.101722 -1.328341 -1.465248 -2.290139 -3.106457 -1.058933  0.261413  0.771122 -1.945651  0.449080  0.846936 -2.889579 -1.821890 -1.336258  0.421856  1.407341 -0.111410
 42 G  42  0.737135 -1.545646 -1.744861 -2.160715 -0.109468 -1.112210 -1.594743 -1.584935 -2.102953 -0.040305  0.098089 -1.364539  0.041161 -1.350603 -1.743111 -0.197977  0.008669 -2.310582 -1.465496  0.301686
 43 T  43 -0.289592  0.466757 -0.378517 -0.693724 -2.217567  2.613736  0.809798 -1.717634 -0.189568 -2.056429 -1.433559  0.322963 -0.154888 -2.344637 -1.197178 -0.004888 -0.656292 -2.154362 -1.062020 -1.350454
 44 R  44 -0.360139  1.177917 -0.297808 -1.087229 -2.370315  0.460901  0.317627 -1.282192 -0.613099 -2.347288 -1.808791  1.735763 -0.999973 -2.140751 -1.403294  0.043129 -0.764355 -2.505061 -1.471933 -1.805127
 45 I  45 -1.004685  0.642562  0.499535 -0.807318 -2.385540  0.304549 -0.018078 -1.564447  0.152704 -2.022572 -1.536415  0.487721 -0.884922 -1.944724 -1.712806 -0.229373 -0.651334 -2.501794 -1.175545 -1.832131
 46 G  46 -0.669235 -0.237845  0.202266 -0.882436 -2.667193 -0.373501 -0.471537  1.016000 -0.823557 -2.931593 -2.531603  0.152540 -1.659174 -2.388869 -1.752642 -0.014434 -1.195986 -1.995913 -1.858460 -2.358441
 47 K  47 -0.743865 -0.948533 -1.232844 -1.519146 -1.962280 -0.570358 -0.807682 -2.176481 -1.496599 -0.882448 -0.646162 -0.432153 -0.234270 -1.560703 -0.546537 -0.672173 -0.727278 -2.449346 -1.410903 -0.638265
 48 T  48 -0.298967 -1.111189 -1.068890 -1.338464 -1.700875 -0.503779 -0.574275 -1.860266 -1.657821 -0.747772 -0.529897 -0.739716 -0.343668 -1.805700 -0.974655 -0.231105  0.232077 -2.525314 -1.646084 -0.330330
 49 P  49 -0.694376 -2.156804 -2.223659 -1.752032 -1.622732 -1.453493 -1.574859 -2.408303 -2.039849 -1.004126 -1.330481 -1.486726 -0.951016 -2.584919  3.054097 -1.207005 -0.865911 -3.337429 -2.104789 -0.453075
 50 V  50 -0.592406 -0.368388 -0.275108 -0.105025 -2.363277  0.468412  1.003981 -1.785288 -0.758770 -1.506789 -1.634001  0.088412 -0.933611 -2.219885 -1.293681  0.014473 -0.165493 -2.751411 -1.636485 -0.948592
 51 Y  51 -1.896754 -2.114275 -2.107867 -2.876026 -1.952049 -1.297027 -2.087077 -2.903819  1.397361 -0.829214 -0.841918 -2.102996 -0.834338  3.282728 -3.012478 -1.918374 -1.929493  1.673177  6.017868 -0.974024
 52 D  52 -0.764290  0.419422 -0.190898 -0.352951 -2.545231  0.563227  1.009691 -1.934569 -0.623547 -1.767336 -1.653156  0.746208 -0.955699 -2.253339 -1.427093 -0.254226 -0.321236 -2.694271 -1.549224 -1.208382
 53 L  53 -0.676453 -2.061243 -2.377791 -2.677861 -1.067258 -1.581394 -1.913986 -3.188381 -2.493981  1.561855  1.754836 -1.719863  1.040045 -0.622649 -2.206319 -1.527418 -0.535543 -2.336789 -1.083609  1.395516
 54 L  54 -0.454720 -2.140645 -2.282041 -2.573881 -1.040080 -1.749797 -1.899938 -3.062438 -2.507788  1.805498  1.271391 -1.760660  0.722332 -0.780719 -2.234812 -1.327321 -0.089567 -2.547529 -1.149324  1.807086
 55 K  55 -0.302733 -0.234110  0.383361  0.474853 -2.263123  0.419959  0.881322 -0.661582 -0.684250 -2.471824 -2.362867  0.340454 -1.492368 -2.502345 -1.199040  0.799007 -0.207326 -2.846701 -1.983486 -1.951850
 56 A  56 -0.689817  0.063428 -0.328940  0.305803 -2.710490  1.128505  1.902253 -1.878072 -0.603217 -1.943396 -1.929026  0.411184 -1.076368 -2.401703 -1.258964 -0.109710 -0.555454 -2.708505 -1.655932 -1.319145
 57 E  57 -0.306047 -0.183812  0.116642 -0.077700 -2.020698  0.343168  0.771954 -1.285799 -0.752354 -2.034108 -1.913030  0.306350 -1.163119 -2.164013 -1.235576  0.914779  0.287457 -2.624937 -1.681087 -1.573250
 58 G  58 -0.045707 -1.875107 -0.047654 -0.990050 -2.877678 -1.867639 -1.877045  5.363659 -1.948418 -3.735915 -3.710120 -1.838697 -2.780874 -2.884640 -1.905308 -0.017822 -1.799218 -2.011166 -2.874149 -2.792428
 59 Q  59 -0.746425 -1.505800 -1.464663 -0.784999 -2.697554 -0.497051 -0.465074 -1.747804 -1.626432 -2.470244 -2.370607 -0.743513 -1.501241 -3.244375  3.973010 -0.699853 -0.888863 -3.445219 -2.468939 -1.664168
 60 A  60  0.162735 -1.345031 -0.563027  0.858009 -1.993719 -0.371031  0.325321 -0.982134 -1.244973 -2.120464 -2.420729 -0.748455 -1.741882 -2.654961  0.530764  0.315685 -0.466508 -3.345919 -2.310381 -1.568712
 61 H  61 -1.831096  0.118302  0.976736 -1.020287 -2.889019 -0.025944 -0.115052 -1.777667  6.595419 -2.854997 -2.802479 -0.842583 -1.850337 -1.144271 -1.924872 -0.891431 -1.773105 -2.020358  1.508860 -2.822286
 62 Q  62 -0.396204 -0.319695  0.412473  0.662238 -2.066705  0.334235  0.728604 -1.206230 -0.622334 -2.143373 -2.117658 -0.063972 -1.262431 -2.418614 -1.260914  0.241370 -0.566956 -3.040412 -1.921732 -1.753891
 63 P  63 -0.911234  1.034447 -0.541111 -1.029238 -2.731256  0.737051  0.245932 -1.914797 -0.997880 -2.817990 -2.178160  1.941076 -1.137621 -3.123149  0.986703 -0.393063 -0.894800 -3.073774 -2.090631 -2.055744
 64 N  64 -0.675380 -0.170492 -0.444267 -0.986606 -2.002944  0.043889  0.128017 -2.162331 -1.075935 -1.032043 -0.961514  0.003316 -0.465308 -1.913699 -1.564553 -0.238091  0.330777 -2.495677 -1.508860 -0.586506
 65 F  65 -1.928756 -2.914326 -2.901765 -2.945717 -1.862060 -2.868345 -2.916096 -2.949420 -0.915361 -0.035986 -0.045736 -2.905160 -0.037161  5.651380 -3.879249 -1.924327 -1.937978  0.941575  2.995955 -0.967798
 66 T  66 -0.535200 -0.842796 -0.851521 -1.312327 -1.707282 -0.440400 -0.448567 -2.273284 -1.302546 -0.643216 -0.827407 -0.475793 -0.478738 -1.518640 -1.596147 -0.247718  1.052506 -2.090901 -1.130822 -0.037448
 67 F  67 -0.125591 -2.206003 -2.298222 -2.637274 -0.635094 -1.613420 -2.018933 -2.621861 -1.991528  1.196533  0.443086 -1.847557  0.724696 -0.172609 -2.184121 -1.067024 -0.242521 -1.854350 -0.209940  1.497738
 68 R  68 -0.168172  0.189320 -0.368425 -0.511709 -1.948896  0.822691  0.845061 -1.535751 -0.798021 -2.073210 -1.787837  0.286226 -0.997691 -2.399742 -1.335188  0.185172 -0.245729 -2.607700 -1.696260 -1.449931
 69 V  69  0.280435 -2.672028 -2.876735 -2.993352  0.997359 -2.089976 -2.392636 -2.801131 -2.857100  1.681904  0.721074 -2.095731  0.496832 -1.138718 -2.212103 -1.482197 -0.310631 -2.661766 -1.242066  2.241618
 70 T  70 -0.430209 -0.419029 -0.818875 -1.424715 -1.740172 -0.364534 -0.569071 -2.030751 -1.154717 -0.946978 -0.872510 -0.006779 -0.467245 -1.412235 -1.713926 -0.054785  0.029608 -2.234726 -1.049736 -0.625532
 71 V  71 -0.367164 -2.645400 -2.851535 -3.069333 -0.718229 -2.168046 -2.430203 -3.196371 -2.803996  2.484301  1.522799 -2.213055  1.022188 -0.492193 -2.452856 -1.766615 -0.557019 -2.545269 -0.950209  2.518193
 72 G  72 -0.636993 -1.129239  0.961372  0.497123 -2.736697 -0.585983 -0.134605  1.572574 -0.968720 -3.066220 -3.102020 -0.726950 -2.205089 -2.781141 -1.363677  0.317911 -1.026399 -2.865049 -2.421261 -2.501784
 73 D  73 -0.765931 -0.843597  0.813309  0.933206 -2.904321 -0.297353  0.371696  1.222707 -0.958036 -3.143111 -3.212762 -0.376374 -2.256648 -2.867423 -1.451046  0.246345 -0.956372 -2.891473 -2.473266 -2.538214
 74 T  74 -0.907016 -0.354141 -1.171685 -1.575835 -2.140853  0.031777 -0.295634 -2.540187 -0.919282 -0.666803 -0.470163 -0.121037 -0.130352 -1.152469 -1.953175 -0.890340 -0.859070 -2.231377 -0.763166 -0.468747
 75 S  75 -0.696757 -1.206920 -1.229030 -1.592036 -1.778929 -0.694583 -0.701805 -2.353361 -1.221455 -0.428695 -0.534251 -0.857124 -0.337090 -0.879585 -1.775125 -0.582354 -0.035599 -1.734326 -0.442842 -0.137963
 76 C  76  0.170251 -1.799719 -1.356726 -1.617208 -1.432241 -1.494111 -1.458364  0.372821 -1.533193 -1.797783 -1.822862 -1.642653 -1.388248 -0.763942 -1.722258 -0.279098 -0.925172 -1.525571 -0.943979 -1.326196
 77 T  77 -0.617131 -0.520864 -0.582371 -0.677166 -2.219562  0.026249  0.326084 -2.011609 -0.943493 -1.342063 -1.443774 -0.194611 -0.832527 -2.048214 -0.839670 -0.084923  0.202853 -2.633289 -1.513106 -0.811983
 78 G  78  0.829026 -1.809256 -0.508158 -1.260447 -2.238110 -1.763833 -1.766568  4.360046 -2.018248 -3.135327 -3.188027 -1.769314 -2.422031 -2.715123 -1.787019  0.180503 -1.492633 -2.243464 -2.715113 -2.153041
 79 Q  79 -0.310950 -0.678199 -0.558480 -0.665891 -1.902695  0.050164  0.387847 -1.854121 -1.199186 -1.228589 -1.334976 -0.078297 -0.751099 -1.919324 -1.405915  0.304855  0.518512 -2.370758 -1.483377 -0.630055
 80 G  80  0.556029 -1.818518 -0.255926 -1.070747 -2.543155 -1.777671 -1.757980  4.939236 -1.957819 -3.518610 -3.521441 -1.795675 -2.665973 -2.834722 -1.825656  0.195645 -1.640371 -2.164966 -2.824119 -2.540488
 81 P  81 -0.631984  0.715231  0.154271 -1.051373 -2.414504  0.007220 -0.248014 -1.103430 -0.477228 -2.558687 -2.144239  0.877870 -1.313392 -2.504623 -0.547757  0.171122 -0.313389 -2.800762 -1.709369 -2.072873
 82 S  82  0.363961 -0.802927  1.336308 -0.155910 -1.265655 -0.223403 -0.251044 -0.344033 -0.962718 -1.955617 -1.927915 -0.173438 -1.119362 -2.140577 -1.163740  2.799776  1.499681 -2.881939 -2.000662 -1.733661
 83 K  83 -0.886892  2.005294 -0.222777 -1.288666 -2.746872  0.695907  0.532313 -2.040756 -0.994368 -2.488198 -1.673831  3.819967 -0.836392 -2.743952 -1.255445 -0.236688 -0.915342 -2.933287 -1.906010 -1.761980
 84 K  84 -0.931240  2.330153 -0.008451 -1.065243 -2.910819  1.154544  0.844864 -1.914425 -0.765794 -2.926597 -1.971024  4.084065 -0.945980 -2.930721 -1.149214 -0.138864 -0.968639 -2.896021 -1.913926 -2.117596
 85 A  85 -0.474110 -0.496771 -0.771130 -0.272094 -2.401493  0.481937  1.131551 -1.997883 -1.038802 -1.285837 -1.215198  0.201787 -0.721397 -2.082094 -1.454122 -0.314274 -0.667068 -2.736756 -1.613838 -0.753847
 86 A  86  3.560633 -1.034256 -1.718096 -1.813054 -0.114656 -0.960697 -0.965472  0.124034 -1.908012 -1.097347 -1.113246 -0.960697 -1.020271 -1.980311 -1.028289  1.123450  0.006103 -2.912176 -1.982294 -0.192242
 87 K  87 -0.946162  0.928427 -0.001631  0.587205 -3.424364  1.783134  3.032535 -1.931465 -0.323905 -2.927040 -2.472021  2.337455 -1.417521 -2.923847 -1.024763 -0.015674 -0.963215 -2.857170 -1.866827 -1.992416
 88 H  88 -0.968378  1.070121  0.031295 -0.521810 -2.765730  3.023975  1.183252 -1.923508  0.608753 -2.651468 -1.866623  0.934837 -0.375460 -2.549192 -1.267877 -0.158333 -0.952156 -2.194852 -0.903322 -1.973790
 89 K  89 -0.600218  0.004330  0.636238 -0.106899 -2.292295  0.486591  0.511463 -1.409377 -0.220198 -1.941447 -1.686739  0.218888 -0.864639 -2.244446 -1.506796  0.105545 -0.597953 -2.877822 -1.584439 -1.589348
 90 A  90  3.755808 -1.022074 -1.920150 -1.940425  0.044606 -0.997624 -1.007007 -0.043072 -1.960699 -0.957064 -0.979629 -0.997624 -0.962320 -1.946060 -1.010791  0.959345  0.010322 -2.913311 -1.946060 -0.003014
 91 A  91  3.871615 -0.976600 -1.930348 -1.939955 -0.009606 -0.972961 -0.972961 -0.011933 -1.949561 -0.980240 -0.980240 -0.972961 -0.976600 -1.953200 -0.976600  0.987519  0.033473 -2.923834 -1.953200 -0.007279
 92 E  92 -0.542530  0.661453 -0.240337 -0.352779 -2.582193  1.114276  1.275303 -1.717219 -0.384062 -2.295739 -1.835025  1.147135 -0.950189 -2.342986 -1.317545 -0.028789 -0.710560 -2.529282 -1.427175 -1.676483
 93 V  93 -0.228171  0.035141 -0.120154 -0.760996 -1.993704  0.248185  0.216179 -1.588511 -0.850662 -1.613814 -1.263880  0.637297 -0.687008 -2.112845 -1.464022  0.047425 -0.505598 -2.762944 -1.610011 -1.163879
 94 A  94  2.115534 -1.266173 -2.036746 -2.308994 -0.352186 -1.033149 -1.427050 -1.103468 -2.088114 -0.087457  0.041528 -1.191133  0.358215 -1.286116 -1.442237  0.139543 -0.169657 -2.440827 -1.565049  0.502809
 95 L  95 -1.145826 -2.103378 -2.852179 -3.591707 -1.020051 -1.882075 -2.755613 -3.526818 -2.431067  1.443777  2.589628 -2.065841  1.491331  0.338560 -2.903196 -1.930130 -1.072313 -0.734053 -0.198674  0.749480
 96 K  96 -0.586564  0.302105 -0.145419  0.027420 -2.500389  0.782648  1.281990 -1.685502 -0.636881 -2.012435 -1.736240  0.778811 -1.037149 -2.357683 -1.287452 -0.013429 -0.540196 -2.730698 -1.717438 -1.492857
 97 H  97 -0.280290  0.086066 -0.627768 -1.029286 -1.947535  0.301804  0.171136 -1.735379 -0.873686 -1.354673 -1.115501  0.563883 -0.585745 -1.830846 -1.448590 -0.160266 -0.499145 -2.378577 -1.228434 -0.893482
 98 L  98 -0.873012 -1.882147 -2.568363 -3.277271 -0.907728 -1.827259 -2.561584 -3.433519 -2.528351  1.939832  2.984142 -1.873084  1.621220  0.059312 -2.591093 -1.693872 -0.837311 -1.834255 -0.804736  1.142949
 99 K  99 -0.641574  0.301654 -0.272638 -0.688884 -1.789787  0.473141  0.304659 -1.484239 -0.370766 -1.429946 -1.100876  0.724610 -0.522336 -1.618728 -1.216953 -0.204869 -0.533594 -1.985633 -1.077920 -1.081900
100 G 100 -0.173851  0.031180  0.365389 -0.224432 -1.794735  0.094147  0.196561  0.033697 -0.546054 -1.884818 -1.724893  0.393628 -1.107817 -1.913454 -0.957768  0.169463 -0.561049 -2.050449 -1.461178 -1.407061
101 G 101 -0.404907 -0.459233 -0.062730 -0.030754 -1.482272  0.060781  0.428473 -0.907957 -0.487046 -1.079960 -0.985226 -0.149326 -0.647012 -1.232099 -0.977868  0.062267 -0.283872 -1.685859 -0.971837 -0.852913
102 S 102  0.042537 -0.497047 -0.166230 -0.426581 -1.187610 -0.201518 -0.228832 -0.371677 -0.623423 -1.276908 -1.221174 -0.181171 -0.798206 -1.452113  0.192186  0.264562 -0.160779 -1.710524 -1.128982 -0.910482
103 M 103 -0.166551 -0.607370 -0.532097 -0.643442 -0.988227 -0.366979 -0.342341 -0.978008 -0.720076 -0.492724 -0.513776 -0.293683 -0.336793 -1.027051 -0.119350 -0.145976 -0.211029 -1.471165 -0.856490 -0.289836
104 L 104 -0.195889 -0.568783 -0.648971 -0.640436 -0.951702 -0.261091 -0.338403 -0.997628 -0.786889 -0.528894 -0.388673 -0.316822 -0.253384 -0.911597 -0.112938 -0.260387 -0.256255 -1.266238 -0.790332 -0.349376
105 E 105 -0.156970 -0.126178 -0.117971  0.015067 -1.033873  0.270890  0.357326 -0.712080 -0.389352 -0.940848 -0.853633  0.174718 -0.500741 -1.105287 -0.383497  0.109807 -0.094833 -1.290729 -0.819996 -0.658491
106 P 106 -0.165302 -0.436070 -0.237742  0.013217 -1.056910 -0.032705  0.143228 -0.592047 -0.528742 -1.022847 -1.037790 -0.133432 -0.678414 -1.239542  0.553074  0.095093 -0.114723 -1.411988 -0.980755 -0.725916
107 A 107  0.191962 -0.159526 -0.218409 -0.323722 -0.774716  0.205646  0.038837 -0.466661 -0.515490 -0.816252 -0.713264  0.028909 -0.391000 -1.034705 -0.298587  0.308394 -0.004553 -1.173562 -0.794422 -0.537865
108 L 108 -0.099040 -0.535106 -0.363510 -0.382788 -0.797402 -0.322612 -0.292894 -0.505303 -0.643049 -0.526908 -0.553474 -0.305800 -0.330915 -0.861633 -0.121976 -0.001999 -0.122769 -1.180581 -0.775298 -0.349310
109 G 109 -0.212424 -0.179612  0.104764  0.094000 -1.065184  0.114877  0.258698 -0.171855 -0.366329 -1.059249 -1.018704 -0.009206 -0.648544 -1.100240 -0.281441  0.150866 -0.170572 -1.181999 -0.871274 -0.809189
110 G 110 -0.137424 -0.056272  0.071714 -0.028761 -0.862710  0.093238  0.125607 -0.375180 -0.353833 -0.845180 -0.783662  0.178877 -0.495307 -0.953077 -0.396070  0.130431 -0.030728 -1.086090 -0.722352 -0.611189
111 A 111 -0.057495 -0.288842 -0.116898 -0.181676 -0.781920 -0.058963  0.031887 -0.475585 -0.433661 -0.717384 -0.718978 -0.104258 -0.465619 -0.964173  0.147480  0.146072  0.009353 -1.141851 -0.767737 -0.489619
112 G 112 -0.025504 -0.302615 -0.011622 -0.188095 -0.736568 -0.143909 -0.078953 -0.091939 -0.424409 -0.669161 -0.669304 -0.135035 -0.423208 -0.780305 -0.471703  0.080817 -0.197937 -0.974926 -0.658563 -0.478588
113 A 113 -0.069900 -0.212358 -0.186011 -0.192714 -0.702017 -0.012149  0.110674 -0.546363 -0.319770 -0.555663 -0.515562 -0.083144 -0.330928 -0.734132 -0.274303  0.026990 -0.095449 -0.963499 -0.579874 -0.386965
114 A 114 -0.098189 -0.077220  0.172880 -0.025841 -0.722285  0.093229  0.179113 -0.358373 -0.272727 -0.668427 -0.622031  0.128848 -0.367158 -0.770609 -0.393443  0.266053 -0.028135 -0.967291 -0.614112 -0.525227
115 A 115 -0.067961 -0.155011  0.072949 -0.112107 -0.616257 -0.051194  0.012606 -0.341613 -0.290656 -0.575360 -0.557553 -0.011549 -0.348099 -0.719895 -0.263521  0.178474  0.023228 -0.909189 -0.583289 -0.433559
116 G 116 -0.059598 -0.323301 -0.043532 -0.002424 -0.576657 -0.139645 -0.021576  0.043632 -0.368139 -0.650349 -0.657404 -0.175145 -0.449668 -0.674159 -0.355360  0.119597 -0.070427 -0.753128 -0.601198 -0.478718
117 G 117 -0.181285 -0.365238 -0.142159  0.056190 -0.656685 -0.050123  0.073517 -0.288917 -0.337530 -0.564848 -0.560368 -0.197138 -0.366141 -0.584018 -0.222806  0.002628 -0.178476 -0.625938 -0.486184 -0.446118
118 C 118 -0.127248 -0.252773 -0.042610 -0.195879 -0.344122 -0.139008 -0.141441 -0.427237 -0.350850 -0.378033 -0.386019 -0.100349 -0.230477 -0.526434 -0.335238  0.047318  0.001346 -0.742728 -0.446569 -0.275487
119 G 119 -0.002999 -0.263738 -0.106383 -0.116485 -0.489452 -0.056586  0.022002 -0.184780 -0.377574 -0.416349 -0.400120 -0.164102 -0.278187 -0.560508 -0.288848  0.125871  0.188596 -0.632290 -0.502580 -0.244202
120 C 120 -0.044457 -0.326439 -0.270338 -0.163437 -0.393776 -0.098928 -0.062061 -0.354796 -0.381279 -0.425033 -0.455534 -0.165561 -0.295757 -0.641369  0.355493 -0.033589 -0.045419 -0.717725 -0.509221 -0.240345
121 A 121  0.006154 -0.198594 -0.000347  0.019208 -0.419226 -0.062857  0.020161 -0.162954 -0.263833 -0.374818 -0.418027 -0.074308 -0.281998 -0.506438 -0.245935  0.144036 -0.002268 -0.660001 -0.445555 -0.269008
122 G 122  0.026513 -0.185364 -0.095435 -0.212355 -0.389445 -0.131521 -0.144198  0.070905 -0.276865 -0.371847 -0.336533 -0.055167 -0.186983 -0.410434 -0.313623  0.078642 -0.129584 -0.497474 -0.383789 -0.258644
123 G 123 -0.016804 -0.126832  0.105209  0.037818 -0.414686  0.031487  0.114601 -0.065923 -0.175582 -0.442096 -0.439140  0.004672 -0.281142 -0.481208 -0.157116  0.201688  0.021331 -0.547297 -0.393359 -0.327549
124 G 124 -0.043524 -0.157770 -0.029253 -0.047040 -0.365017 -0.077650 -0.061744 -0.073093 -0.206628 -0.384440 -0.373207 -0.039032 -0.250395 -0.405336  0.000874  0.085446 -0.092542 -0.489719 -0.327873 -0.305713
125 A 125  0.029752 -0.190448 -0.027179 -0.135148 -0.279091 -0.106920 -0.099839 -0.009425 -0.220832 -0.244879 -0.254976 -0.112943 -0.160235 -0.321703 -0.146265  0.086606 -0.043949 -0.422481 -0.297880 -0.165677
126 G 126 -0.035124 -0.153934  0.042890  0.219129 -0.319162 -0.027682  0.097971  0.036028 -0.150282 -0.363967 -0.399045 -0.063269 -0.282581 -0.361999 -0.118764  0.099990 -0.090636 -0.422712 -0.332183 -0.302766
127 G 127 -0.002979 -0.145579  0.024186 -0.082031 -0.236675 -0.127037 -0.118203  0.263352 -0.157685 -0.279167 -0.267412 -0.131941 -0.203126 -0.255343 -0.147926  0.032586 -0.067806 -0.233860 -0.244567 -0.208607
128 A 128  0.178979 -0.052235 -0.074509 -0.084496 -0.009987 -0.042248 -0.042248  0.000000 -0.094483 -0.062222 -0.062222 -0.042248 -0.052235 -0.104470 -0.052235  0.082195  0.009987 -0.156704 -0.104470 -0.019974
