
Last position-specific scoring matrix computed, weighted observed percentages rounded down, information per position, and relative weight of gapless real matches to pseudocounts
           A  R  N  D  C  Q  E  G  H  I  L  K  M  F  P  S  T  W  Y  V   A   R   N   D   C   Q   E   G   H   I   L   K   M   F   P   S   T   W   Y   V
    1 G   -2 -5 -3 -4 -5 -4 -5  7 -4 -6 -6 -4 -5 -6 -5 -3 -4 -5 -6 -6    0   0   0   0   0   0   0 100   0   0   0   0   0   0   0   0   0   0   0   0  2.13 0.50
    2 G    3 -5 -4 -4 -5 -5 -5  6 -5 -6 -6 -2 -5 -6 -2 -2 -4 -6 -6 -5   23   0   0   0   0   0   0  71   0   0   0   2   0   0   2   1   0   0   0   0  1.63 0.61
    3 A    2 -3 -3 -4  0  0 -1 -1 -2  1  3 -2  0 -1 -4 -2  0 -3 -1  1   20   0   1   0   1   5   4   4   1   8  35   2   2   2   0   1   4   0   2   9  0.26 0.22
    4 M    0 -4 -4 -5 -1 -3 -2 -3 -4  3  2 -3  6  0 -4 -1 -1 -3  2  2    7   0   0   0   1   0   3   1   0  16  16   1  23   4   0   5   4   0   7  11  0.51 0.32
    5 S    1 -1  0 -2 -1 -2 -1 -1 -3 -2 -2 -2 -2 -2 -2  4  1 -4  1 -1   13   3   3   2   1   1   3   4   0   3   4   1   1   2   1  41   8   0   6   4  0.43 0.35
    6 E   -1  0 -1  4 -5  0  5 -2 -3 -4 -1 -1 -4 -3  0  0 -2 -5 -4 -2    4   5   3  20   0   3  38   2   0   1   6   2   0   1   4   5   2   0   0   2  0.62 0.40
    7 E   -1  0 -1  2 -2  3  3 -3  0 -3 -3  2  0 -2 -1  1 -2 -5 -4 -3    3   3   1   9   1  14  24   1   2   1   2  13   3   2   3  12   2   0   0   2  0.42 0.32
    8 E   -4 -1  0  7 -8 -1  3 -4 -5 -4 -6  0 -7 -6 -3 -2 -1 -3 -7 -4    1   4   5  53   0   3  16   1   0   1   1   6   0   0   1   3   4   0   0   2  1.30 0.68
    9 Q    1 -2 -1 -3 -3  5  1  1 -1 -2 -4 -1 -1 -2 -2  2 -2 -6 -1 -3   11   2   3   0   0  29   7  11   2   2   2   4   2   2   2  15   2   0   3   2  0.54 0.43
   10 G    1 -4 -1  1 -4 -2  0  5 -2 -3 -5 -1 -6 -7 -1 -1 -2 -7 -3 -3   12   1   3   7   0   2   6  49   1   2   1   4   0   0   4   4   2   0   1   2  0.87 0.50
   11 S   -1 -1 -1 -1 -1  1 -1 -3 -2  1  2  0  2  2 -2  1 -2  0  0  0    3   3   3   3   1   7   4   1   1   6  21   7   5   9   2  12   2   1   4   6  0.13 0.16
   12 G    1 -2  0  3 -6  0  4  2 -3 -3 -5  0 -5 -6 -2  0  0 -6 -6 -4   13   2   4  16   0   4  26  13   0   2   0   5   0   0   2   6   6   0   0   1  0.53 0.38
   13 T    3 -2 -2 -2 -2 -1 -1 -1 -4 -1 -2  1 -1 -1 -1  1  3  1 -3  1   24   2   2   2   1   2   3   4   0   2   3   8   1   2   3  10  18   2   1  12  0.29 0.28
   14 T    3 -2 -1 -2  1 -2 -1 -4 -3  0 -2  0 -2 -1 -2  0  2 -6 -5  3   23   2   2   3   3   2   5   1   0   5   4   5   1   2   2   5  15   0   0  21  0.36 0.31
   15 T   -1  4 -1 -4 -4  0  0 -4  0 -2 -2  2 -2 -4 -2  1  2 -1 -2  0    5  27   3   1   0   4   6   1   2   2   5  10   1   1   2  12  11   1   1   6  0.41 0.33
   16 G    0  2  1  0 -4  2  1  1 -1 -3 -4  2 -3 -5  2  1 -1 -4 -5 -1    6   9   7   5   0  11   7   9   1   1   1  14   0   0   9  10   3   0   0   4  0.29 0.26
   17 C    0 -2 -1 -3  2  0 -2 -3  2  0  0 -2 -2  4  1 -1  1  1  0  0    8   2   3   1   5   5   3   2   5   4   9   2   1  22   7   4   8   2   2   6  0.27 0.23
   18 G    0 -2 -1 -3 -3 -3 -3  1 -2  3  1 -3  1  0 -1  0 -2  1 -1  3    8   2   2   1   0   1   2   9   1  19  10   1   3   4   4   8   2   2   2  19  0.25 0.21
   19 L    0 -1 -2 -1 -2  0 -1 -3  2  1  2 -1  1  0 -1 -1  1 -3 -1  0   10   3   1   5   1   3   4   2   5   7  27   4   4   3   2   3   8   0   1   7  0.14 0.16
   20 P   -1  1 -2 -2 -2 -1  1 -3 -2 -6 -4  0 -6 -5  7 -1 -2 -4 -7 -4    4   7   2   2   1   3  10   2   1   0   2   7   0   0  49   5   3   0   0   2  1.17 0.67
   21 S    0  2 -1 -2 -2 -1 -1 -3  3 -1  1  0  0 -1  1  1  0  0  0 -1    9  12   2   2   1   2   4   1   7   3  16   4   2   2   7  11   7   1   3   4  0.13 0.15
   22 I    0 -3 -2 -3 -4 -2 -4 -5 -3  3  3 -2  1  1  0 -2 -1  4 -1  2    7   1   2   1   0   2   1   1   0  17  25   3   3   7   4   3   4   6   1  12  0.42 0.28
   23 E    0 -1 -1  1 -6  1  5 -2 -2 -3 -4  2 -3 -1  1  0 -1 -6 -2 -4    7   3   3   8   0   5  32   3   1   1   2  11   1   3   6   7   4   0   2   1  0.49 0.37
   24 Q   -1  0  1  2 -4  2  3 -2  0 -4 -4  2 -2 -4  2  1  0 -4 -4 -2    5   4   6   9   0   8  18   2   2   1   2  11   1   1   9  11   7   0   0   3  0.34 0.29
   25 M    0 -1  0 -1 -2 -1 -1 -3 -1  1  1  0  2  1 -1  0  0  0 -1  1    8   4   4   2   1   2   4   1   2  10  15   6   7   8   2   6   7   1   1  10  0.08 0.10
   26 L    0 -1 -2  0 -2  0 -1 -2 -3  3  1 -1  3 -2  0  0  0 -1 -3  1   10   3   2   5   1   4   3   2   0  17  14   4   8   1   5   6   4   1   0   9  0.16 0.16
   27 A    3 -2 -1  1 -3 -1  0 -1 -2 -1 -1 -1  0 -3  2  1  1 -1 -4 -1   23   2   3   9   0   2   5   4   1   3   6   4   3   1  11  11   9   1   0   3  0.23 0.23
   28 A    1 -1  2  1 -2 -1  0  0 -1  0  0 -1 -1 -1  0  1  0 -4 -2  0   13   3  10   7   0   2   7   8   1   5   9   3   1   2   5  10   6   0   1   7  0.08 0.10
   29 N   -1  0  2  2 -4  0  0  0  0 -1 -1  0 -2 -3  2  0  0 -1 -4 -1    5   5   9  12   0   4   7   8   2   3   7   6   1   1  11   8   7   1   0   3  0.16 0.16
   30 P    1 -2  1  0 -3  2  0 -2  2 -2 -2  0 -1 -3  3  1  1 -1 -1 -2   12   2   6   5   0   8   6   2   5   2   3   7   1   1  17   8  10   1   2   2  0.27 0.24
   31 G   -1 -1  1  0 -2  1  0  3  1 -2 -2  0 -2 -2  1  0  0 -2 -3 -2    5   3   8   5   1   6   7  25   3   2   4   5   1   2   8   7   5   1   1   3  0.23 0.20
   32 K   -4  2 -2 -4 -4  0 -2 -3 -1 -2 -2  6  3 -4 -5 -2 -3 -6 -1 -3    1  10   2   1   0   4   2   2   1   2   5  54   6   1   0   3   1   0   2   2  1.13 0.65
   33 T   -6 -6  5  6 -8 -3 -3 -6  2 -6 -7 -5 -4 -4 -5  0  2 -9 -4 -6    0   0  29  42   0   1   1   0   4   0   0   0   1   1   0   7  11   0   1   1  1.57 0.84
   34 P    1 -7 -5 -6 -7 -7 -4 -6  0 -6 -6 -6 -5  1  6 -1 -5  3  6 -6   11   0   1   0   0   0   1   1   2   0   1   0   0   6  40   5   0   4  26   0  1.60 0.87
   35 I   -4 -5 -6 -7 -2 -3 -6 -6 -7  3 -3  7  0 -7 -5 -5 -5 -8 -7  3    1   0   0   0   1   1   0   1   0  13   3  59   2   0   1   0   1   0   0  18  1.68 0.87
   36 S   -2 -4 -1 -4  2 -2 -5 -1 -7 -7 -6 -5  1 -4 -6  5  5 -8 -7 -4    2   1   3   1   4   2   1   5   0   0   0   0   4   1   0  36  37   0   0   1  1.26 0.78
   37 L    1  3 -3 -3 -2  1  0 -4 -2  2  1  0  0 -1 -4 -1  0 -2 -2  1   13  14   1   1   1   7   6   0   1  11  15   7   2   2   0   5   5   1   1   8  0.23 0.22
   38 L   -8 -9 -10 -10 -2 -9 -9 -10 -9 -1  7 -9 -2 -1 -9 -9 -7 -8 -7 -1    0   0   0   0   1   0   0   0   0   3  88   0   1   3   0   0   0   0   0   4  2.30 1.07
   39 Q   -6 -5  3 -5 -5  8 -3 -6  4 -1 -3 -4  0 -5 -8 -5 -5 -9 -1 -7    0   0  13   0   0  61   1   1   8   4   3   1   2   1   0   1   1   0   2   0  2.03 1.12
   40 E   -5 -3 -4 -3 -10  0  8 -9 -3 -3 -6 -2 -8 -10 -8 -4 -4 -9 -9 -5    1   1   1   1   0   3  83   0   1   2   1   2   0   0   0   1   1   0   0   1  2.43 1.24
   41 Y   -3 -3 -6 -7 -1 -2 -5 -5  0  1  3 -4  2  2 -7 -4 -3  7  5 -1    2   1   0   0   2   2   1   1   2   8  26   1   4   7   0   1   2  15  21   4  1.06 0.59
   42 G    3 -4 -4 -5  6  2 -4 -2 -3  0  1 -5  1 -4 -4  0  0 -6 -2  1   20   1   1   1  16   9   1   3   1   4  15   0   3   1   1   6   6   0   2   9  0.55 0.39
   43 T    2 -2 -3 -5 -4  8 -3 -4  2 -4 -3 -2  0 -5 -5 -1 -2 -7 -6 -2   15   2   1   1   0  54   1   1   4   1   3   2   2   1   1   5   2   0   0   3  1.45 0.86
   44 R   -1  5 -4 -4 -8  0 -2 -2  2 -3 -5  6 -2 -3 -7 -1 -4 -8 -2 -5    6  25   1   1   0   4   3   4   4   2   1  38   1   1   0   5   1   0   1   1  1.05 0.64
   45 I   -2  3  3 -1 -4  2  0 -4  4 -3  0  2 -1 -1 -2 -1 -1 -2 -1 -3    3  15  12   3   0   8   5   1   8   1   9  14   1   2   2   5   4   1   2   2  0.34 0.29
   46 G   -3  1  1 -2 -3  0 -2  5  2 -5 -2  3 -2 -1 -5 -1 -4 -2 -4 -5    2   8   5   2   1   4   3  35   5   1   5  19   1   3   0   4   1   1   1   0  0.71 0.48
   47 K   -1  0 -1 -1 -2 -1  0 -2 -2  1  1  2  2 -2  3 -1 -1  0 -1  0    5   4   4   3   1   3   6   2   1   7  17  11   4   1  13   5   4   1   2   6  0.15 0.16
   48 T    0 -1 -1 -2 -1  1  0 -2 -1  0  2 -1  0 -3  1  0  2 -5 -2  0    7   2   3   2   1   6   7   3   1   4  20   3   2   1   7   7  15   0   1   7  0.16 0.19
   49 P   -4 -7 -5 -4  0 -7 -5 -5 -3  2 -2 -7 -3 -4  8 -6 -5 -2 -5  1    1   0   1   1   2   0   1   1   1  11   5   0   1   1  63   1   1   1   0   9  1.90 0.98
   50 V   -2  1  0  0 -1  2  2 -4  1  1 -3  1 -2 -3 -1  0  1 -6 -3  1    3   6   5   4   1   8  16   1   3   8   2   7   1   1   3   8   9   0   0  12  0.23 0.24
   51 Y   -6 -6 -9 -6 -4 -9 -6 -10 -6 -5 -5 -9 -8  4 -10 -6 -9 -2 10 -5    1   1   0   1   1   0   1   0   0   1   1   0   0  17   0   1   0   1  76   1  3.25 1.44
   52 D   -2  2  0  1 -3  1  4 -5 -1 -2 -4  2 -2 -3 -4 -1  1 -3  0 -1    3  11   5   7   1   5  27   1   2   3   1  11   1   1   1   5   8   0   3   4  0.46 0.36
   53 L   -3 -4 -3 -2  1 -2 -1 -5 -2  2  3 -3  0  2 -3 -2  0 -2 -1  3    1   1   1   2   3   2   5   1   1  10  30   2   2   7   1   3   7   0   2  20  0.48 0.30
   54 L   -2 -4 -3 -3  1 -3  0 -5 -3  4  1 -1 -1 -1 -4 -3  1 -2 -1  4    2   1   1   1   3   1   7   1   1  19  15   3   1   2   1   2   9   0   2  27  0.53 0.35
   55 K    0  1  0  1 -3  1  3  0  1 -5 -4  2 -3 -2 -2  2 -1 -6 -3 -3    6   8   3   9   1   6  19   7   3   1   1  11   1   2   2  15   4   0   1   1  0.35 0.30
   56 A   -1  1 -1  0  0  2  4 -3 -1  0 -2  0 -2 -3 -3 -1  1 -1 -1  0    4   7   2   5   2  11  26   2   2   5   4   4   1   1   1   5   9   1   2   7  0.31 0.28
   57 E   -1  0 -2  0 -2  1  3 -2  0 -3 -4  0 -2 -2 -2  2  2 -2 -1 -2    4   4   2   5   1   5  23   4   2   2   1   6   1   2   2  18  13   1   2   2  0.36 0.33
   58 G   -3 -3 -1 -3 -3 -4 -4  7 -6 -7 -3 -2 -3 -7 -4 -3 -3 -7 -7 -4    1   2   4   2   1   1   1  75   0   0   3   3   1   0   1   2   2   0   0   2  1.79 0.87
   59 Q    0 -2  0 -1 -7  1  1 -2  1 -4 -3 -2 -2 -3  6 -2 -2 -7 -3 -3    7   3   4   4   0   5   8   4   3   1   3   3   1   1  45   3   3   0   1   3  0.97 0.61
   60 A    2 -2 -1  3 -2 -1  1 -1  0 -3 -4 -1 -2 -3  3  1 -1 -6 -5 -2   18   2   3  20   1   3   8   5   2   1   1   3   1   1  13  10   3   0   0   3  0.40 0.32
   61 H   -3 -1  1 -4 -6 -2 -4 -2 10 -3 -6 -2  0 -4 -2 -3 -2  0 -1 -4    3   3   7   1   0   2   1   4  59   2   1   3   2   1   2   2   3   1   2   2  2.05 0.91
   62 Q    1  1  2  3 -1  1  1 -2  0 -2 -3  0  0 -3 -1  0 -1 -5 -1 -2   12   9  11  17   1   5   8   2   3   2   3   4   3   1   3   7   3   0   2   3  0.23 0.22
   63 P   -3  3 -1 -3 -2  3 -2 -6 -3 -6 -4  4 -5 -4  5 -2 -3 -6 -6 -4    2  14   3   2   1  11   2   0   1   0   2  22   0   1  33   3   2   0   0   1  1.04 0.63
   64 N   -2  2  0 -2 -2  0  1 -3  1  1  0  0  1 -2 -2 -1  2 -1  0  1    2  12   5   1   1   3  11   2   3   8   8   5   3   1   1   4  15   1   4  11  0.17 0.19
   65 F   -8 -4 -9 -9 -9 -9 -9 -9 -2 -4 -4 -9 -2  9 -9 -4 -8  1  3 -7    0   1   0   0   0   0   0   0   1   1   1   0   1  84   0   1   0   2   7   0  3.12 1.31
   66 T   -1  0 -2 -2 -2 -1  1 -3  1  1 -1  1 -1 -1 -5 -1  4  2 -1  1    5   6   1   2   1   3   8   1   4   8   5   8   2   2   0   5  25   2   2  12  0.28 0.28
   67 F    1 -5 -6 -7  5 -4 -5 -5 -3  2 -3 -6  3  1 -6  0  0  0  3  4   10   0   0   0  12   1   1   1   0  11   1   0   7   5   0   7   6   1   8  29  0.79 0.49
   68 R    0  2 -1 -2  1  2  3 -3  0 -2 -4  1 -2 -3 -4  1  1 -3 -2  0    9  13   3   2   3   8  19   2   2   2   1   8   1   1   0  11   9   0   1   6  0.32 0.30
   69 V    0 -5 -8 -8  7 -7 -8 -8 -8  0  0 -4 -3 -4 -7 -5 -4 -8 -4  6    7   1   0   0  18   0   0   0   0   4   7   1   1   1   0   1   1   0   1  57  1.71 0.83
   70 T   -1  1 -2  0 -2  0  1 -3  0  1 -1  1 -1 -1 -4  1  2  0  1  0    3   8   1   5   1   5   9   1   2   7   7  10   2   2   0  10  13   1   4   8  0.13 0.17
   71 V   -1 -5 -3 -4  1 -5 -5 -3 -3  4  2 -6  0  0 -5 -4 -3 -2 -2  5    5   0   1   1   3   0   1   2   1  24  19   0   2   3   0   1   1   1   1  33  0.86 0.49
   72 G   -1 -3  3  3 -4 -1  1  4 -1 -5 -4 -1 -1 -5 -1 -2 -3 -7 -3 -5    5   1  15  14   0   2   9  35   1   0   2   4   2   0   3   2   1   0   1   1  0.71 0.47
   73 D   -4 -1  1  4 -7  0  3  4  0 -5 -6  0  0 -5 -3 -1 -3 -7 -5 -5    1   4   7  19   0   3  18  28   2   1   1   6   2   0   1   5   1   0   0   1  0.71 0.48
   74 T   -2  0 -2 -3  0  1  1 -4  1  2  1  1  1  1 -3 -3 -1 -3  1  2    2   4   2   1   2   7  10   1   3  12  15  10   3   6   1   1   4   0   4  13  0.19 0.20
   75 S   -1 -1  0 -1 -2  0  0 -3 -1  1  0  0  0  0  0  1  2 -1  2  1    3   4   4   2   0   3   8   1   2  10   8   5   2   5   4   9  12   1   8  11  0.10 0.14
   76 C    3 -5 -4 -5  2 -4 -2  4 -4 -3 -4 -5 -3  2  0 -1  0  0  3 -2   22   1   0   0   4   1   3  28   0   2   1   0   0   9   6   4   6   1   9   3  0.61 0.45
   77 T   -2  1 -1 -2 -3  1  3 -4 -1  1 -2 -1  1 -3 -2  1  3 -4 -1  0    3   8   2   2   1   7  17   1   2   7   3   4   3   1   2   9  19   0   2   8  0.29 0.29
   78 G    2 -6 -7 -6 -1 -6 -6  7 -8 -7 -8 -6 -4 -6 -6 -3 -6 -9 -6 -4   16   0   0   0   1   0   1  74   0   0   0   0   0   0   1   2   0   0   0   2  2.07 1.04
   79 Q   -1  0 -2 -1 -1  2  3 -4 -1  0 -2  1 -1 -1 -4  1  2  1 -1  0    5   5   2   3   1   8  16   1   1   6   3   8   2   3   0  11  14   2   3   7  0.24 0.26
   80 G    1 -6 -5 -5 -3 -8 -5  7 -8 -9 -9 -6 -5 -3 -5 -1 -5 -4 -6 -9   12   1   1   1   1   0   1  76   0   0   0   0   0   2   1   4   1   0   0   0  2.09 1.04
   81 P   -1  4  1 -4 -3 -2 -3  0  1 -5 -5  3 -4 -2  2  2  0 -4  0 -4    4  19   7   1   1   1   2   6   4   0   1  15   0   2  11  17   6   0   3   1  0.50 0.40
   82 S   -5 -4  4 -7 -2 -3 -7 -4 -4 -6 -9 -4 -8 -9 -8  7  2 -9 -8 -8    1   1  16   0   1   1   0   1   0   0   0   1   0   0   0  64  13   0   0   0  1.90 1.07
   83 K   -8  4 -7 -8 -5 -6 -6 -9 -4 -1 -5  8 -3 -10 -8 -5 -4 -4 -5 -4    0  16   0   0   0   0   0   0   1   4   1  73   1   0   0   1   1   0   0   2  2.31 1.13
   84 K   -6  4 -4 -5 -10  0 -6 -7 -5 -6 -8  7 -5 -10 -6 -6 -4 -10 -9 -9    1  20   1   1   0   4   0   0   0   1   0  71   0   0   1   0   1   0   0   0  2.33 1.12
   85 A    1 -1 -2  1 -4  2  4 -4 -1  0  0  2 -1 -4 -6 -2 -2 -7 -4 -1   10   4   1   9   0   9  29   1   2   6   8  10   1   1   0   3   2   0   1   4  0.47 0.37
   86 A    7 -8 -8 -8 -7 -8 -8 -3 -8 -4 -8 -8 -8 -9 -8  0 -7 -9 -9 -7   89   0   0   0   0   0   0   2   0   1   0   0   0   0   0   7   0   0   0   0  2.54 1.20
   87 K   -5 -1 -6 -5 -5  1  7 -6 -3 -7 -9  5 -8 -9 -7 -4 -5 -9 -8 -9    1   3   0   0   0   7  57   0   1   0   0  29   0   0   0   1   1   0   0   0  1.94 0.98
   88 H   -2  1 -1 -4 -6  7 -3 -5  4 -5 -2  1  0 -5 -7 -3 -2 -8 -6 -5    3   7   2   1   0  54   1   1   9   1   4   9   2   1   0   2   2   0   0   1  1.52 0.84
   89 K    1  0  4  0 -2  2  2 -3  1 -3 -1  1  2 -5 -5  0 -3 -6 -4 -2   14   5  18   5   1   8  11   1   3   2   7   9   5   0   0   5   1   0   0   3  0.34 0.30
   90 A    7 -8 -8 -8  0 -7 -7 -5 -8 -5 -8 -7 -7 -8 -7 -3 -4 -9 -8 -3   92   0   0   0   2   0   0   1   0   1   0   0   0   0   0   2   1   0   0   2  2.53 1.17
   91 A    7 -8 -8 -8  0 -7 -7 -6 -8 -8 -5 -7 -7 -9 -7 -2 -5 -9 -8 -5   94   0   0   0   2   0   0   0   0   0   1   0   0   0   0   2   1   0   0   1  2.63 1.19
   92 E    0  3 -3 -3 -3  2  3 -3  0 -3 -4  4  0 -4 -5 -1 -1 -2 -1 -2    7  15   1   1   1   9  21   2   2   1   2  22   2   1   0   4   3   1   2   2  0.58 0.40
   93 V    1  0  1  1 -2  1  1 -3 -1 -1  0  2  1 -3 -4 -1 -1 -5 -3  0   15   4   8   7   1   7   9   1   2   4  11  13   3   1   0   3   3   0   0   7  0.17 0.19
   94 A    6 -5 -7 -7  0 -6 -6 -4 -7  0  0 -6  5 -1 -6 -3  0 -7 -3  0   57   0   0   0   2   0   0   1   0   5   8   0  12   2   0   1   5   0   1   6  1.25 0.69
   95 L   -6 -6 -7 -8 -1 -6 -8 -8 -7  1  6 -7  1  0 -8 -5 -5  3  2  0    0   0   0   0   2   0   0   0   0   7  67   0   3   3   0   1   0   4   6   5  1.50 0.71
   96 K   -1  2  0  1 -3  2  4 -3 -2 -2 -2  3  0 -4 -4 -1 -1 -1 -4 -3    6   9   5   7   1  10  24   2   1   2   5  15   2   1   0   5   3   1   0   2  0.42 0.32
   97 H    1  1  0 -2 -3  2  1 -3  0  1 -1  3 -1 -2 -4  0 -1 -1  0 -2   13   6   4   2   1   9   9   1   2   7   7  20   1   1   0   7   4   1   3   2  0.23 0.22
   98 L   -6 -6 -8 -7 -6 -6 -7 -9 -5  3  6 -7  3 -3 -6 -7 -5 -5 -4 -2    0   0   0   0   0   0   0   0   0  17  71   0   6   1   0   0   0   0   1   2  1.79 0.80
   99 K   -2  2 -1 -1 -3  2  2 -3  1 -1 -1  4 -1 -2 -3 -1  0 -5 -3 -1    3   9   3   3   1  10  13   2   4   4   7  23   2   2   1   4   5   0   1   5  0.31 0.25
  100 G    1  2  3 -1 -5  0  0  2  0 -5 -4  3 -3 -4 -1  0 -2 -5 -4 -4   13  11  12   3   0   4   5  15   2   0   2  20   1   1   3   5   1   0   0   1  0.42 0.31
  101 G   -1 -1  2  2 -1  0  2  1 -1 -1  0 -1 -1 -3 -2  1  0 -4 -1 -2    4   3  10  12   1   3  16  10   1   3   9   3   2   1   1  11   4   0   2   3  0.18 0.17
  102 S    1  0  1 -1 -3  0 -1  1  1 -2 -2  0 -3 -2  3  2  0 -2 -1 -1   11   4   6   3   0   5   3  13   3   2   4   4   0   2  12  16   6   0   2   4  0.19 0.18
  103 M    0 -1 -1 -2 -3 -1 -1 -2  0  0  1  1  1  1  3  0 -1 -3 -2  1    8   2   3   1   0   2   3   3   2   5  14   8   4   6  17   8   2   0   1   9  0.19 0.16
  104 L    0 -1 -1 -1 -2  0 -1 -2 -2  0  2 -1  1  0  2 -1  0 -1 -2  1    6   2   3   4   0   5   4   3   0   6  20   4   3   4  13   4   5   1   1  12  0.13 0.13
  105 E    0 -1  1  2 -4  3  2 -3 -1 -3 -1  1 -2 -3 -1  1  1 -5 -3 -2    7   3   5  13   0  12  15   2   2   1   5  10   1   1   3   8   8   0   0   3  0.27 0.23
  106 P   -1 -3 -4  0 -4  1  2 -3 -2 -3 -5 -1 -5 -3  6  1  0 -6 -3 -2    5   1   0   4   0   6  12   1   1   2   1   3   0   1  43   9   5   0   1   3  0.97 0.53
  107 A    2 -2  0  0 -1  3  0 -1 -1 -2 -2  0 -3 -3  1  3  0 -3 -3 -2   16   1   4   5   1  15   6   3   1   2   4   5   0   1   6  21   4   0   1   3  0.28 0.26
  108 L    0 -2 -2  0 -3 -1 -1 -1 -3  1  1 -2  1 -1  3  1  1 -4 -2  1    8   2   1   5   0   2   5   5   0  10  13   1   4   2  13  10   9   0   1   9  0.16 0.15
  109 G    0  0  1  1 -4 -1  1  2 -3 -3 -4 -1 -2 -2  2  2  1 -5 -4 -3    6   4   7   8   0   3  11  15   0   1   1   4   1   2   9  16  10   0   0   1  0.30 0.25
  110 G    0  0  1  1 -2  1  0  2 -1 -4 -3  2 -3 -5 -1  1  0 -5 -3 -2    8   4   6   9   1   8   6  13   1   0   3  16   0   0   3  13   6   0   1   2  0.25 0.21
  111 A    2 -1 -1  0 -2 -1  1 -2 -4 -2 -2 -1 -2 -5  3  2  1 -3 -4  0   16   3   3   4   1   2   9   2   0   2   3   3   1   0  17  16  11   0   0   7  0.35 0.28
  112 G    1 -1  1  1 -3 -1  0  2 -1 -1 -2  1 -1 -4  0  1  0 -4 -3  0   11   3   8   7   0   2   5  19   1   3   4   9   1   0   4  11   5   0   0   7  0.16 0.15
  113 A    1 -1 -1  0 -3  1  1 -2  2 -1 -1  0  0 -2  1  1  0 -1 -3  0   14   2   2   5   0   7  12   1   6   3   6   5   2   1   8  12   6   1   0   8  0.14 0.16
  114 A    0 -1  2  0 -3  0  2 -1 -2 -1 -2  1 -1 -2 -2  2  1 -5 -3 -1    7   3   9   5   0   3  17   3   0   4   4   9   1   2   2  19   8   0   1   3  0.21 0.20
  115 A    2  0  3  0 -4 -1  0 -1  0 -3 -2  1  0 -5 -1  2  2 -5 -4 -2   16   5  15   4   0   2   5   3   2   1   3   8   3   0   3  16  14   0   0   1  0.30 0.25
  116 G    1 -1 -2  1 -1 -2  0  4 -4 -3 -4 -1 -3 -2 -1  1  1 -5 -4 -2    9   3   1   9   2   1   6  37   0   1   1   4   0   2   3   9   9   0   0   3  0.47 0.30
  117 G    0 -2  0  2 -3 -1  0  2 -2 -2  0 -2 -1 -1  0  0  0  3 -2 -1    8   1   4  15   0   3   6  15   1   1  13   1   2   3   5   8   5   5   1   5  0.15 0.15
  118 C   -1 -1  2  1  5 -1 -1 -2 -3 -2 -2 -1 -1 -1  2  1  1 -4 -2 -1    5   3  10   7  17   2   4   2   0   2   3   3   2   3  10  13   7   0   1   6  0.30 0.22
  119 G    0 -3  0  0 -4 -1  2  4 -3 -3 -1 -1 -3 -4 -2  1  2 -5 -4 -1    7   0   4   3   0   3  14  32   0   1   6   2   0   0   1  10  13   0   0   4  0.41 0.28
  120 C    2 -3 -3 -2  4  1 -1 -1 -4 -2 -3 -2 -3 -5  5  1 -1 -5 -4  0   17   1   0   1  10   6   5   4   0   1   2   1   0   0  30  11   3   0   0   9  0.64 0.35
  121 A    1  0  0  2 -1  0  1 -1 -1 -2 -3  1 -1 -3  1  1  0 -4 -3 -1   15   4   4  13   1   3  10   5   1   2   1  10   1   1   5  14   6   0   0   5  0.19 0.15
  122 G    1 -3  0 -2 -4 -2 -1  4 -3 -2 -1  0  1 -1 -3  2 -2 -4 -4 -2   15   0   3   1   0   1   3  36   0   2   5   7   5   3   1  15   1   0   0   3  0.43 0.27
  123 G    1 -2  3  1 -4 -1  0  2 -3 -4 -4  0 -3 -2 -1  3  0 -5 -4 -2    9   1  13   7   0   2   6  16   0   0   0   5   0   2   3  28   6   0   0   3  0.38 0.26
  124 G    1 -2  1  1 -3 -1 -1  3 -3 -3 -3  0 -3 -2  1  2 -1 -4 -1 -2   13   1   7   7   0   2   1  25   0   1   1   7   0   2   8  18   1   0   3   3  0.31 0.20
  125 A    2 -3  0 -1 -3 -1  0  3 -3  0 -1 -1 -1 -1 -1  2 -1 -4 -3  1   16   0   4   1   0   2   5  21   0   5   4   2   1   3   3  19   1   0   0  12  0.21 0.17
  126 G    1 -2  1  4 -4 -2  0  4 -3 -5 -5 -2 -4 -3 -2  1 -1 -5 -4 -4   11   2   6  28   0   0   6  33   0   0   0   0   0   2   2   9   2   0   0   0  0.66 0.29
  127 G    1 -4  0 -3 -4 -3 -4  6 -4 -5 -5 -3  0 -5 -4 -1  0 -4 -5 -4    9   0   4   0   0   0   0  76   0   0   0   0   3   0   0   2   5   0   0   0  1.29 0.35
  128 A    6 -3 -3 -3 -2 -2 -2 -1 -3 -3 -3 -2 -2 -4 -2  1 -1 -4 -3 -1   93   0   0   0   0   0   0   0   0   0   0   0   0   0   0   7   0   0   0   0  0.94 0.24

                      K         Lambda
Standard Ungapped    0.1313     0.3102
Standard Gapped      0.0410     0.2670
PSI Ungapped         0.1672     0.3173
PSI Gapped           0.0512     0.2670
