   11         A         R         N         D         C         Q         E         G         H         I         L         K         M         F         P         S         T         W         Y         V    
  1 G   1  0.000000 -2.000000  0.000000 -1.000000 -3.000000 -2.000000 -2.000000  6.000000 -2.000000 -4.000000 -4.000000 -2.000000 -3.000000 -3.000000 -2.000000  0.000000 -2.000000 -2.000000 -3.000000 -3.000000
  2 N   2 -2.000000  0.000000  6.000000  1.000000 -3.000000  0.000000  0.000000  0.000000  1.000000 -3.000000 -3.000000  0.000000 -2.000000 -3.000000 -2.000000  1.000000  0.000000 -4.000000 -2.000000 -3.000000
  3 H   3 -2.000000  0.000000  1.000000 -1.000000 -3.000000  0.000000  0.000000 -2.000000  8.000000 -3.000000 -3.000000 -1.000000 -2.000000 -1.000000 -2.000000 -1.000000 -2.000000 -2.000000  2.000000 -3.000000
  4 W   4 -3.000000 -3.000000 -4.000000 -4.000000 -2.000000 -2.000000 -3.000000 -2.000000 -2.000000 -3.000000 -2.000000 -3.000000 -1.000000  1.000000 -4.000000 -3.000000 -2.000000 11.000000  2.000000 -3.000000
  5 A   5  4.000000 -1.000000 -2.000000 -2.000000  0.000000 -1.000000 -1.000000  0.000000 -2.000000 -1.000000 -1.000000 -1.000000 -1.000000 -2.000000 -1.000000  1.000000  0.000000 -3.000000 -2.000000  0.000000
  6 V   6  0.000000 -3.000000 -3.000000 -3.000000 -1.000000 -2.000000 -2.000000 -3.000000 -3.000000  3.000000  1.000000 -2.000000  1.000000 -1.000000 -2.000000 -2.000000  0.000000 -3.000000 -1.000000  4.000000
  7 G   7  0.000000 -2.000000  0.000000 -1.000000 -3.000000 -2.000000 -2.000000  6.000000 -2.000000 -4.000000 -4.000000 -2.000000 -3.000000 -3.000000 -2.000000  0.000000 -2.000000 -2.000000 -3.000000 -3.000000
  8 H   8 -2.000000  0.000000  1.000000 -1.000000 -3.000000  0.000000  0.000000 -2.000000  8.000000 -3.000000 -3.000000 -1.000000 -2.000000 -1.000000 -2.000000 -1.000000 -2.000000 -2.000000  2.000000 -3.000000
  9 L   9 -1.000000 -2.000000 -3.000000 -4.000000 -1.000000 -2.000000 -3.000000 -4.000000 -3.000000  2.000000  4.000000 -2.000000  2.000000  0.000000 -3.000000 -2.000000 -1.000000 -2.000000 -1.000000  1.000000
 10 M  10 -1.000000 -1.000000 -2.000000 -3.000000 -1.000000  0.000000 -2.000000 -3.000000 -2.000000  1.000000  2.000000 -1.000000  5.000000  0.000000 -2.000000 -1.000000 -1.000000 -1.000000 -1.000000  1.000000
 11 G  11  0.000000 -2.000000  0.000000 -1.000000 -3.000000 -2.000000 -2.000000  6.000000 -2.000000 -4.000000 -4.000000 -2.000000 -3.000000 -3.000000 -2.000000  0.000000 -2.000000 -2.000000 -3.000000 -3.000000
