  159         A         R         N         D         C         Q         E         G         H         I         L         K         M         F         P         S         T         W         Y         V    
  1 M   1 -0.101781  0.050599 -0.051183 -0.069605 -0.268500  0.388120  0.115536 -0.236323 -0.051183 -0.217317 -0.101198  0.050599  0.049097 -0.250078 -0.134542 -0.032760 -0.101781 -0.199479 -0.101781 -0.148296
  2 G   2 -0.068952 -0.544456  0.384607 -0.216083 -1.025150 -0.509900 -0.508040  1.519206 -0.520257 -1.325690 -1.321505 -0.498057 -0.948768 -1.076696 -0.697588  0.250172 -0.464405 -0.929189 -1.010796 -1.059107
  3 P   3 -0.263647 -0.596703 -0.267606 -0.421379 -1.196268 -0.139731 -0.297437 -0.666952 -0.549034 -1.174541 -1.114867 -0.327425 -0.690424 -1.436434  1.009555  0.077093 -0.223742 -1.625915 -1.023910 -0.878146
  4 V   4 -0.604283  1.628024 -0.146088 -0.986330 -1.887764  0.503752  0.208013 -1.297912 -0.445204 -1.792090 -1.260996  1.988517 -0.612931 -1.821808 -1.007427 -0.271946 -0.613751 -1.908024 -1.184941 -1.395422
  5 W   5 -2.327983 -2.342941 -3.115625 -3.121655 -1.558726 -1.571081 -2.346368 -1.583499 -1.571097 -2.299489 -1.526696 -2.342941 -0.764650  0.784696 -3.121236 -2.331767 -1.543105  8.472529  1.541148 -2.306280
  6 R   6 -0.591306 -0.181167  0.329705  0.052563 -2.042562  0.057372  0.183213 -0.741694 -0.524143 -2.067228 -1.967520  0.114543 -1.261472 -2.141064 -0.311838  0.249251 -0.190365 -2.416243 -1.571769 -1.655703
  7 K   7 -0.796609  0.766732  0.341857 -0.381237 -2.222651  0.484378  0.511592 -1.351510  0.068442 -2.167208 -1.790091  1.770717 -1.021126 -2.103497 -1.026760  0.114658 -0.411830 -2.357300 -1.265250 -1.646354
  8 H   8 -0.687601  0.457760  0.540985 -0.659112 -1.894845  0.004179 -0.171852 -1.325676 -0.336285 -1.751360 -1.457085  0.529317 -0.892805 -1.776532 -1.214223  0.220598  0.312188 -2.244756 -1.271019 -1.453353
  9 Y   9 -0.962720 -0.563410  1.086187  0.191539 -2.018376 -0.162072  0.039776 -1.248669  0.242835 -1.680488 -1.794544 -0.332689 -1.208557 -1.888245 -1.111432  0.152574  0.133127 -2.580165 -1.210832 -1.405505
 10 I  10 -0.656612 -2.021911 -2.600370 -3.160077 -0.855609 -1.929124 -2.492791 -3.320857 -2.609161  2.169506  2.679971 -1.937479  1.399652 -0.148307 -2.492791 -1.662135 -0.744806 -2.081391 -0.915088  1.527449
 11 T  11 -0.063840 -0.637425  0.127948 -0.821386 -1.094682 -0.660595 -0.685097 -1.613190 -1.517235 -1.101884 -1.037190 -0.441535 -0.877640 -1.791630 -0.970250  0.921605  3.418939 -1.950705 -1.702572 -0.351091
 12 Y  12 -1.850075 -2.046643 -2.206028 -2.841434 -1.739093 -1.215791 -2.008260 -2.504162  0.720612 -0.962882 -0.895229 -2.006623 -0.743217  2.260715 -2.846657 -1.945162 -1.692326  2.926444  4.780450 -0.976870
 13 R  13 -0.113831  0.714416 -0.205302 -1.269674 -1.498236 -0.053360 -0.472790 -0.980884 -0.499565 -1.958564 -1.595326  0.348601 -0.942053 -1.581425 -1.556052  0.426372 -0.356317 -1.969086 -0.931455 -1.746971
 14 I  14 -1.044739 -2.537057 -2.678419 -2.822804 -1.053546 -2.437094 -2.597478 -3.228948 -2.159902  2.140874  1.404280 -2.450547  0.770649  1.381981 -2.843732 -1.773779 -1.055891 -1.527232  0.126354  1.453094
 15 N  15 -0.407204 -0.765959 -0.698192 -1.016783 -1.607736 -0.305858 -0.436110 -1.660426 -1.085754 -0.649450 -0.491959 -0.498688 -0.252176 -1.279343 -1.426411 -0.196485 -0.375184 -2.167855 -1.062007 -0.482528
 16 N  16 -0.600106 -0.179987  1.926245  0.116494 -1.899966  0.024032  0.007382 -0.272573 -0.158358 -2.114976 -2.025558  0.073550 -1.303057 -2.183629 -0.983688  0.875721  0.232690 -2.625289 -1.622246 -1.816125
 17 Y  17 -1.043893 -1.394593 -1.077751 -1.479477 -1.577122 -0.818951 -1.148450 -1.693805  0.104784 -0.931360 -0.902237 -1.242263 -0.686554  0.822332 -1.939118 -0.727496 -0.723814 -0.061060  1.888758 -0.885208
 18 T  18 -0.085493 -1.180206 -0.383383 -0.805979 -1.425336 -0.768128 -0.790036 -1.148723 -1.427941 -1.378640 -1.444574 -0.788941 -1.008789 -2.047348  0.763495  0.537879  1.211939 -2.406027 -1.809349 -0.798568
 19 P  19 -0.378388 -0.703748 -0.339935 -0.450154 -1.954393 -0.126120 -0.185406 -1.085224 -1.013718 -2.044671 -1.943879 -0.249726 -1.174311 -2.317796  1.007092  0.394058 -0.110979 -2.512226 -1.789610 -1.558850
 20 D  20 -1.058600 -0.636393  0.783749  1.400195 -2.318547  0.195280  0.558788 -0.620368 -0.326449 -2.316634 -2.454898 -0.164906 -1.621777 -2.124142 -1.225675  0.209827 -0.554151 -2.571509 -1.526932 -2.039847
 21 M  21 -0.717422 -1.661499 -2.050774 -2.734680 -1.077307 -1.343859 -2.030302 -2.809739 -1.960851  1.157983  1.770008 -1.543831  1.275675 -0.119827 -2.227968 -1.259598 -0.708240 -1.636334 -0.526642  0.787262
 22 N  22 -0.213225 -1.089774  0.121797 -0.039390 -1.884256 -0.545221 -0.345790 -0.286487 -1.141418 -2.023529 -2.087773 -0.578671 -1.418169 -2.241675  0.085193  0.740359 -0.060719 -2.741210 -1.977410 -1.628708
 23 R  23 -0.525971  0.129143 -0.167393 -0.751961 -2.128240  0.155345  0.046321 -1.439061 -0.676230 -1.767955 -1.568390  0.233824 -0.889885 -2.116506 -0.662651 -0.057849 -0.324956 -2.475306 -1.478257 -1.348340
 24 E  24  0.031058 -0.758104 -0.035923  0.244146 -1.850270 -0.020633  0.361063 -0.737411 -0.852486 -1.842006 -1.886125 -0.343860 -1.272177 -1.960370 -0.997267  0.573079 -0.206395 -2.585095 -1.612685 -1.414368
 25 D  25 -0.410075 -0.706143 -0.227406  0.612373 -2.148650  0.342864  0.971552 -1.491310 -0.821319 -1.652588 -1.790397 -0.249144 -1.178898 -2.051178 -1.170466  0.087279 -0.102947 -2.613389 -1.564553 -1.136197
 26 V  26 -0.350506 -1.786564 -1.947363 -2.180188 -1.225884 -0.834966 -1.347687 -2.582870 -1.982377  1.080815  0.411337 -1.385341  0.595778 -0.861953 -1.823954 -1.096955  0.036014 -2.024084 -0.728815  1.538067
 27 D  27 -0.968255  1.070713 -0.096058  0.012988 -2.552421  0.576295  0.619368 -1.697886 -0.531970 -2.144536 -1.899115  0.829143 -1.093695 -2.286871 -1.482401 -0.416200 -0.770443 -2.693714 -1.658808 -1.861921
 28 Y  28 -0.354017  0.193477  0.352525  0.108281 -2.167446  0.450928  0.548794 -1.054528 -0.574783 -2.179323 -2.011889  0.305397 -1.240621 -2.223473 -1.231960  0.394122 -0.228921 -2.639913 -1.614397 -1.762950
 29 A  29  1.169060 -1.301967 -1.607749 -1.670863 -0.944320 -0.824760 -0.837324 -1.312516 -1.846495 -0.112686 -0.302262 -1.081269 -0.272228 -1.504897 -1.400523 -0.108310 -0.044070 -2.534438 -1.515414  0.431452
 30 I  30 -0.679297 -2.344082 -2.561341 -2.809370 -1.014804 -2.079821 -2.384123 -2.972063 -2.184084  1.675252  1.146821 -2.194356  0.861702  0.752330 -2.608017 -1.506093 -0.733116 -1.497045 -0.152701  1.339946
 31 R  31 -0.160866  1.023641 -0.241613 -0.890183 -2.240821  0.745961  0.509527 -1.466063 -0.335296 -2.138089 -1.694104  0.726296 -0.954908 -2.242841 -1.421341 -0.024121 -0.505080 -2.506587 -1.372580 -1.641909
 32 K  32 -0.616229  0.933093 -0.044295 -0.716540 -2.315161  0.625345  0.348110 -1.667361 -0.589876 -2.052679 -1.515413  1.059919 -0.817308 -2.180773 -1.470337 -0.033488 -0.535746 -2.562084 -1.458345 -1.696813
 33 A  33  3.433300 -1.027814 -1.725808 -1.810644 -0.122882 -0.967111 -0.977488  0.017926 -1.887997 -0.969076 -1.006962 -0.970853 -0.937955 -1.893773 -1.027839  1.021154  0.017329 -2.838074 -1.914612 -0.104381
 34 F  34 -1.387483 -2.487616 -2.763841 -3.058662 -1.506751 -2.401742 -2.725113 -3.082357 -1.661729  0.757915  1.103605 -2.454198  0.687438  3.225711 -3.298106 -1.764848 -1.394229 -0.231590  1.272148 -0.030280
 35 Q  35 -0.150765  0.302871  0.154238 -0.108030 -2.210913  0.923294  0.638237 -0.881719 -0.706757 -2.396989 -2.052065  0.712329 -1.107036 -2.519832 -1.199472  0.403598 -0.407667 -2.658986 -1.786090 -1.765476
 36 V  36 -0.139276 -0.869891 -1.352279 -1.909407 -1.389237 -0.587239 -0.971627 -2.138937 -1.593520 -0.020196 -0.068831 -0.654546  0.258707 -1.289037 -1.747496 -0.549425 -0.196484 -2.241793 -1.095072  0.336015
 37 W  37 -2.800841 -2.822172 -3.757734 -3.791967 -1.895382 -1.905437 -2.847511 -1.978888 -1.858216 -2.697524 -1.772796 -2.829318 -0.894418  0.995935 -3.785994 -2.821639 -1.890618  9.995883  1.929532 -2.725778
 38 S  38  0.768498 -0.645437  0.485776 -0.047507 -1.519765  0.299242  0.512435 -0.370482 -0.871164 -1.979483 -1.940462 -0.068592 -1.136801 -2.206967 -1.068364  1.968193  0.318948 -2.837716 -1.876266 -1.545600
 39 N  39 -0.588369 -0.302950  0.693177  1.232336 -2.417322  0.543057  1.119231 -1.009463 -0.621595 -2.354962 -2.417597  0.269675 -1.533808 -2.556658 -1.172878  0.466498 -0.437151 -3.080321 -2.021698 -1.919498
 40 V  40  0.103487 -2.050550 -1.942310 -2.207304 -1.152160 -1.343023 -1.391113 -2.226298 -1.857737  1.098113  0.058149 -1.478728  0.134363 -1.021218 -1.697685 -1.077758  0.071009 -2.435954 -0.711657  1.821843
 41 T  41  0.734493 -1.244015 -0.543293 -1.195701 -0.960147 -0.996504 -1.025439 -0.895561 -1.798263 -0.816177 -0.983200 -0.972369 -0.796082 -1.760814 -1.260689  1.043469  1.726060 -2.431387 -1.838020 -0.270874
 42 P  42 -0.754820 -1.043892  0.233489 -0.284542 -2.441940 -0.582704 -0.523083 -0.891153 -0.970653 -2.492998 -2.501319 -0.539043 -1.683753 -2.976205  1.737395 -0.075773 -0.535714 -3.374028 -2.273221 -1.924807
 43 L  43 -0.942197 -2.229535 -2.853846 -3.475027 -1.103155 -2.098727 -2.728993 -3.564062 -2.613553  1.895561  2.699039 -2.110392  1.417894  0.514819 -2.797099 -1.875845 -0.958537 -1.765155 -0.497756  1.202792
 44 K  44 -0.529324 -0.192959  0.667360 -0.237993 -1.851796 -0.156654 -0.095348 -1.469328 -1.002708 -1.703738 -1.643336  0.015305 -1.111790 -2.191019 -1.253614  0.646764  1.546911 -2.591877 -1.834124 -1.180900
 45 F  45 -1.784802 -2.799487 -2.852386 -2.922919 -1.823773 -2.783008 -2.851447 -2.921659 -1.103935  0.172926  0.218800 -2.799384  0.115542  5.075982 -3.698013 -1.882302 -1.821130  0.633277  2.467510 -0.747827
 46 S  46 -0.419553 -0.272478 -0.562202 -1.198045 -1.759868 -0.121641 -0.319307 -1.942515 -1.030910 -0.983102 -1.005471 -0.217154 -0.559196 -1.778367 -1.483885 -0.079458  0.766178 -2.247755 -1.283806 -0.451012
 47 K  47 -0.978154  0.751179 -0.202767  0.376494 -3.257687  1.477941  2.548539 -1.915690 -0.144514 -2.586405 -2.276758  0.990192 -1.334985 -2.558663 -1.145785 -0.312357 -0.963603 -2.575620 -1.587732 -1.924967
 48 I  48 -0.072080 -1.930063 -1.826101 -2.074822 -1.141066 -1.458985 -1.528415 -2.290781 -2.244083  1.076764  0.255825 -1.381099  0.211295 -1.119706 -1.703181 -0.835545  0.297115 -2.458160 -1.194944  1.533835
 49 N  49 -0.462839 -0.710914  0.121760 -0.342796 -1.988847 -0.147371 -0.174702 -1.232879 -0.496784 -1.926106 -1.856329 -0.355975 -1.216749 -1.877607 -0.616455  0.308268  0.002986 -2.428977 -1.158053 -1.503799
 50 T  50 -0.505953 -0.919779  0.352491  0.923961 -2.115770 -0.063017  0.501091 -0.694818 -0.697434 -2.159981 -2.318656 -0.354484 -1.567307 -2.049181 -1.171938  0.751798 -0.150302 -2.603010 -1.588603 -1.829719
 51 G  51 -0.434533 -0.863283  0.270828 -0.126520 -2.457354 -0.239599 -0.136326  0.736468 -0.907801 -2.636763 -2.565347 -0.521194 -1.724120 -2.438556 -1.146223  0.320639 -0.668893 -2.430813 -1.921483 -2.042192
 52 M  52 -0.688897 -0.468785  0.292191  0.554313 -2.456843  0.272050  0.681576 -1.041660 -0.786743 -2.321332 -2.330298  0.016903 -1.503225 -2.548956 -0.528997  0.249451 -0.272737 -2.861684 -1.966073 -1.812223
 53 A  53  2.162551 -1.109255 -1.141550 -1.370816 -0.707648 -0.859337 -0.826879 -0.226212 -1.634669 -1.175043 -1.307236 -0.872470 -1.038882 -2.018261 -0.729527  0.758839 -0.030321 -2.860393 -1.872950 -0.406032
 54 D  54 -1.546233 -1.414957  1.273933  3.840373 -2.671418 -0.009119  1.269807 -0.851910 -0.541559 -2.634086 -3.242477 -0.712034 -2.316513 -2.670094 -1.084390  0.131263 -0.735001 -3.535982 -2.432288 -2.534144
 55 I  55 -0.821200 -2.509209 -2.412497 -2.557100 -1.013673 -2.340270 -2.455905 -3.282288 -2.524439  2.788954  1.447614 -2.435692  0.764914 -0.284668 -2.568871 -1.581333 -0.840864 -2.684505 -0.994633  2.120598
 56 L  56 -0.780357 -0.004373 -0.500645 -1.169272 -1.973214  0.089088 -0.302738 -1.892476 -1.113728 -1.051359 -0.758465  0.219600  0.040987 -1.724609 -1.550703 -0.407234 -0.165367 -2.280620 -1.392488 -0.673741
 57 V  57 -0.819812 -2.565610 -2.674423 -2.788925 -1.047927 -2.432507 -2.548763 -3.311742 -2.592163  2.811688  1.563852 -2.424989  0.861049  0.080328 -2.623366 -1.776820 -0.849525 -2.437394 -0.740957  2.250798
 58 V  58  0.008589 -0.909774 -0.374476 -0.813575 -1.771039 -0.685459 -0.765962  0.047772 -1.298390 -1.693677 -1.612261 -0.707124 -1.075315 -1.590228 -1.635799  0.503620 -0.389435 -2.283734 -1.595238 -1.395173
 59 F  59 -1.492950 -2.328813 -2.082294 -2.334882 -1.823888 -2.210534 -2.284043 -2.141748 -1.038060 -0.471596 -0.492513 -2.274004 -0.305070  3.312582 -3.142874 -1.379994 -1.422331  0.471461  1.592721 -1.005106
 60 A  60 -0.040934 -1.053548 -0.706992 -1.275506 -1.758414 -0.682465 -0.771337 -0.662556 -0.524088 -1.377780 -1.458920 -0.970170 -1.015120 -1.028870 -1.684639 -0.225698 -0.649289 -1.739994 -0.315026 -0.941295
 61 R  61 -0.405261  0.381172  0.378147 -0.562966 -2.064984  0.171298  0.034050 -1.143481 -0.438374 -1.944726 -1.782708  0.243355 -1.050467 -2.129105 -1.322021  0.428807 -0.069676 -2.612222 -1.528716 -1.623109
 62 G  62 -0.352980 -0.530678 -0.205669 -1.167809 -2.278219 -0.750233 -0.986804  1.119643 -1.053609 -2.395899 -2.222446 -0.669141 -1.528070 -1.959413 -1.654334 -0.182084 -1.065587 -1.973391 -1.572013 -1.904241
 63 A  63 -0.889307 -1.122024  0.122800  0.963405 -2.252225 -0.230242  0.381566 -1.021860 -0.701089 -1.909612 -2.092186 -0.710915 -1.431295 -1.603438 -1.429976  0.000042 -0.562995 -2.362633 -1.351698 -1.682956
 64 H  64 -1.411101 -0.383801  0.379709 -0.897975 -2.445332 -0.123635 -0.176028 -1.706664  4.288928 -2.183362 -2.166527 -0.865888 -1.391070 -1.030894 -1.692169 -0.660204 -1.333447 -1.842058  0.863949 -2.095170
 65 G  65 -0.429608 -1.100233  0.106870 -0.757285 -2.307492 -0.944396 -1.027500  1.629816 -1.189298 -2.526197 -2.444938 -1.024184 -1.717884 -2.014110 -1.455262  0.042012 -0.907980 -1.941547 -1.753468 -2.009385
 66 D  66 -1.308391 -1.717403  0.188196  2.973613 -1.561845 -0.480233  0.594418 -0.944570 -1.114487 -2.232399 -2.849800 -1.069919 -2.100448 -2.314951 -1.179359 -0.162602 -0.819641 -3.069608 -2.262382 -2.116651
 67 F  67 -0.259459 -1.285019 -0.291639 -0.958794 -1.670627 -1.008194 -1.046616  0.667166 -1.247290 -2.119355 -2.117547 -1.056577 -1.447528 -1.745116 -1.242286  0.143172 -0.834937 -2.103664 -1.599162 -1.688718
 68 H  68 -0.918011 -1.021265 -0.413308 -1.033994 -1.935572 -0.505656 -0.630621 -1.348483 -0.160989 -1.573294 -1.503951 -0.903302 -1.027178 -0.672029 -1.748768 -0.304989 -0.793935 -1.187433  0.287011 -1.419621
 69 A  69 -0.454023 -1.560148 -1.266037 -0.945298 -1.802915 -0.898901 -0.899077 -1.481044 -1.491125 -1.844471 -1.948451 -0.962083 -1.316711 -2.383409  2.015659 -0.478304 -0.630845 -2.839581 -1.844918 -1.239366
 70 F  70 -1.347441 -2.173638 -2.074835 -2.239998 -1.765791 -2.025751 -2.094036 -2.401923 -0.991241 -0.329254 -0.337158 -2.079786 -0.202294  3.147928 -2.906344 -1.294127 -1.313142 -0.186319  1.532843 -0.823471
 71 D  71 -1.278273 -1.587342  0.392701  3.234630 -2.445323 -0.205421  0.965646 -0.965892 -1.024915 -2.301701 -2.855839 -0.904822 -2.120915 -2.269720 -1.138668  0.009637 -0.633398 -3.088735 -2.186686 -2.171964
 72 G  72 -0.095531 -1.715474 -0.309988 -0.970304 -2.402376 -1.522976 -1.532958  3.300066 -1.756521 -2.755229 -2.829754 -1.613990 -2.081772 -2.287085 -1.746132 -0.077096 -1.267970 -1.976873 -2.277143 -2.008759
 73 K  73 -0.648841 -0.862969 -0.947238 -0.937380 -2.332305 -0.264016 -0.309261 -1.684237 -1.331220 -1.833334 -1.734721 -0.247388 -1.060667 -2.412209  1.209343 -0.379176 -0.486020 -2.816710 -1.802926 -1.214042
 74 G  74 -0.258702 -1.462256  0.011245 -0.622016 -2.380076 -1.190460 -1.143254  2.230684 -1.418810 -2.663836 -2.571466 -1.294071 -1.907347 -2.310132 -1.511516  0.059032 -1.046829 -2.205238 -2.130619 -2.076428
 75 G  75 -0.411066 -1.068734  0.365782 -0.687650 -2.573653 -0.817886 -0.994907  2.419374 -1.164586 -2.929456 -2.852922 -0.979410 -1.973901 -2.423136 -1.678236  0.059542 -1.145120 -2.100031 -2.039355 -2.264445
 76 I  76 -0.344814 -1.628766 -1.328963 -1.657486 -1.450403 -1.171746 -1.105037 -2.165289 -1.683374  0.171669 -0.315012 -1.273501 -0.280048 -0.924073 -1.739194 -0.503580  0.672726 -2.106374 -0.906525  0.573566
 77 L  77 -0.621464 -1.785593 -2.400872 -3.114873 -1.078864 -1.589677 -2.306816 -2.966813 -2.279948  1.026598  2.081529 -1.726629  1.011755 -0.152839 -2.529255 -1.441532 -0.743520 -1.727516 -0.623023  0.586844
 78 A  78  2.716535 -1.023816 -1.532097 -1.672068 -0.575788 -0.968168 -0.972384  0.103223 -1.793096 -1.199122 -1.190883 -0.977568 -1.054628 -1.890046 -1.031213  0.665783 -0.166237 -2.713055 -1.863011 -0.380217
 79 H  79 -1.593030 -0.422768  0.231532 -1.220690 -2.582607 -0.286402 -0.404863 -1.887925  4.805596 -2.281940 -2.296419 -0.989963 -1.517057 -0.786573 -1.643944 -0.862673 -1.486010 -1.699273  1.314142 -2.213563
 80 A  80  2.616231 -0.914309 -1.369677 -1.675553 -0.359149 -0.880055 -0.942194 -0.253772 -1.689705 -1.183956 -1.143971 -0.873291 -1.006113 -1.845197 -1.091502  0.842188  0.242865 -2.603662 -1.737226 -0.383044
 81 F  81 -1.534850 -2.177487 -1.940578 -2.270285 -1.830392 -1.795142 -2.044179 -2.470228 -0.456915 -0.497210 -0.526094 -2.082822 -0.412307  2.906632 -2.960896 -1.346809 -1.224395  0.387506  2.425774 -0.879266
 82 G  82 -0.762450 -1.643653 -1.606982 -1.934295 -1.737736 -1.219335 -1.549008 -1.948178 -0.993188 -0.813684 -0.643247 -1.464320 -0.447127  0.642900 -1.504313 -0.723271 -0.972410 -1.190213  0.465939 -0.890809
 83 P  83 -0.822152 -1.626092 -1.419166 -0.762505 -2.610428 -0.761878 -0.732868 -1.597206 -1.605000 -2.554140 -2.522798 -0.848054 -1.683080 -3.295726  4.621799 -0.642455 -0.754304 -3.380002 -2.483180 -1.762230
 84 G  84 -0.531247 -0.994243 -0.093364 -0.605573 -2.178088 -0.650882 -0.673530  0.602219 -1.052092 -2.209056 -2.152840 -0.788684 -1.439434 -2.015295 -0.926574 -0.068710 -0.676617 -1.991127 -1.628749 -1.694214
 85 S  85 -0.631888 -0.498706  0.352527 -0.176313 -2.026558 -0.158810 -0.114246 -1.041281 -0.481257 -1.924302 -1.877296 -0.289930 -1.229185 -1.943520 -0.467401  0.291951 -0.182369 -2.507554 -1.342198 -1.622119
 86 G  86 -0.333675 -1.413533 -0.182299 -0.750193 -2.201844 -1.167660 -1.132778  1.842594 -0.921952 -2.310649 -2.370740 -1.302353 -1.692765 -1.932280 -1.418636 -0.066108 -1.122086 -1.915693 -1.691159 -1.807557
 87 I  87 -0.534686 -0.805265 -1.141105 -1.429214 -1.649657 -0.798100 -0.850378 -1.970523 -1.235097 -0.250960 -0.392697 -0.849060 -0.273147 -1.195823 -1.654411 -0.661664 -0.390445 -2.117414 -1.093714 -0.192056
 88 G  88 -0.313532 -1.152292 -0.324631 -0.555618 -2.011868 -0.794647 -0.708861  0.441972 -0.990693 -2.054073 -2.018700 -0.985243 -1.443190 -1.683714 -1.536111  0.010669 -0.809248 -2.100267 -1.538536 -1.674399
 89 G  89 -0.121728 -1.547063 -0.246260 -1.115223 -2.297013 -1.395656 -1.440753  2.513727 -1.010709 -2.538916 -2.585110 -1.460554 -1.927529 -2.133706 -1.787474 -0.069345 -1.262237 -2.052647 -1.848485 -1.909384
 90 D  90 -1.330092 -1.110831  0.286425  2.072505 -2.493584 -0.096860  0.771070 -1.256892 -0.423240 -2.132001 -2.505495 -0.683078 -1.742386 -2.053712 -1.248879 -0.205259 -0.768263 -2.767269 -1.700779 -1.984811
 91 A  91 -0.091277 -1.865912 -1.647122 -1.842822 -1.100386 -1.478681 -1.570253 -2.119686 -1.916560  0.597014  0.003289 -1.620133 -0.084207 -0.716245 -1.920759 -0.729164  0.044429 -1.863925 -0.846244  0.782094
 92 H  92 -1.422545 -0.884110 -0.202230 -1.073592 -2.135037 -0.589802 -0.598686 -1.967101  2.837276 -1.813303 -1.877771 -1.137579 -1.253275 -0.742434 -2.044541 -0.905095 -1.256103 -1.363370  0.688367 -1.744727
 93 F  93 -1.107043 -2.019908 -1.723603 -1.817472 -1.830343 -1.823151 -1.797541 -2.060814 -1.167410 -0.366416 -0.351025 -1.916893 -0.327694  1.780910 -2.788760 -1.114485 -1.200226 -0.978527  0.558893 -0.751692
 94 D  94 -1.537868 -1.365640  1.147076  3.078628 -2.712854 -0.161282  0.980927 -0.710325 -0.512370 -2.583109 -3.104119 -0.764331 -2.265954 -2.396424 -1.329998  0.058850 -0.808197 -3.192580 -2.085573 -2.474770
 95 E  95 -0.570193 -1.065030 -0.080083  0.806333 -2.280863 -0.028970  0.798098 -1.158484 -0.859802 -2.031960 -2.201875 -0.473055 -1.520493 -2.059271 -1.149512  0.179848 -0.394117 -2.415572 -1.558989 -1.589757
 96 D  96 -0.966664 -1.067663  0.133150  1.681132 -2.386973  0.044526  0.861554 -1.350188 -0.758344 -2.140807 -2.410815 -0.537647 -1.649610 -2.109032 -1.308849  0.059269 -0.486216 -2.560018 -1.685799 -1.864768
 97 E  97 -0.807700 -0.710050 -0.646667 -0.262138 -2.549617  0.309930  1.199529 -1.720193 -0.585513 -1.951090 -1.849515 -0.196704 -1.143268 -1.554570 -1.540965 -0.261645 -0.481284 -1.428083 -0.876482 -1.375194
 98 F  98 -0.934348 -1.114337 -0.145891 -1.103781 -1.950289 -0.792424 -0.961552 -1.468288 -0.579528 -1.481045 -1.401194 -0.945893 -0.936441 -0.835525 -1.583525 -0.167016 -0.170897 -1.498810 -0.477027 -1.322552
 99 W  99 -1.495671 -1.817155 -1.588465 -1.965984 -1.935629 -1.157137 -1.474585 -1.388531 -1.286554 -2.046864 -1.660798 -1.666607 -0.998718 -0.338232 -2.499808 -1.101034 -0.803133  2.877338  0.124219 -1.877989
100 T 100 -0.616312 -1.174186 -0.279294 -0.805059 -1.707915 -0.793629 -0.771215 -1.388733 -1.222817 -1.324799 -1.321334 -0.850111 -0.953563 -1.271354 -1.506791  0.094827  0.685987 -1.680628 -1.111060 -0.973042
101 T 101 -0.648742 -0.923879 -0.353630 -0.797848 -1.858552 -0.482043 -0.509043 -1.216502 -0.909399 -1.509561 -1.475385 -0.530960 -0.932662 -1.424308 -1.405304 -0.167977 -0.493145 -2.059303 -1.063207 -1.206815
102 H 102 -0.574240 -0.835648  0.239349 -0.052983 -2.238651 -0.298905 -0.210164 -0.510074 -0.891390 -2.201217 -2.221318 -0.493387 -1.454365 -2.320182 -0.491220  0.336463 -0.257282 -2.696218 -1.818611 -1.763108
103 S 103 -0.536959 -0.949404 -0.280646 -0.496318 -2.058694 -0.362101 -0.283031 -1.031689 -0.674383 -1.819275 -1.815552 -0.554589 -1.192778 -1.504828 -1.103263  0.163703 -0.414785 -2.026683 -0.828508 -1.464593
104 G 104 -0.578100 -0.465508  0.075896 -0.154189 -2.220817 -0.073026  0.070653 -0.833103 -0.685674 -2.139994 -2.057455 -0.223185 -1.308807 -2.158558 -1.189468  0.218855 -0.275847 -2.217806 -1.600135 -1.727761
105 G 105 -0.065661 -1.265681  0.005393 -0.782235 -2.406159 -1.038585 -1.074668  2.478210 -1.342869 -2.795930 -2.726584 -1.091026 -1.953715 -2.445805 -1.500202  0.082223 -1.138897 -2.241293 -2.163335 -2.076882
106 T 106 -0.655867 -1.263200 -0.635264 -1.401940 -1.627394 -0.944581 -1.051460 -1.907427 -1.090219 -0.471148 -0.702045 -1.088475 -0.396639 -0.725822 -1.845773 -0.393667  0.235200 -1.754278 -0.528167 -0.248563
107 N 107 -1.367081 -0.913045  1.583669  1.449873 -2.343389 -0.133483  0.294272 -0.987930 -0.033559 -2.289076 -2.526083 -0.590860 -1.733712 -1.902952 -1.536157  0.308595 -0.497609 -2.724925 -1.183464 -2.225395
108 L 108 -0.886629 -1.984805 -2.447519 -3.164343 -1.076976 -1.911076 -2.588280 -2.771637 -2.435072  1.041491  2.163975 -1.921232  1.046083  0.168652 -2.753068 -1.539813 -1.036296 -1.709768 -0.717367  0.402183
109 F 109 -1.317262 -1.217147 -1.821656 -2.136007 -2.085480 -1.033682 -1.218176 -2.703827 -0.774904 -0.444814 -0.069491 -1.313525 -0.088883  1.050136 -2.565211 -1.396647 -1.291257 -0.995190  0.746453 -0.706560
110 L 110 -0.507444 -1.006494 -0.561939 -1.430148 -1.668509 -0.298523 -0.855240 -1.675283 -0.973322 -1.045238 -0.625754 -0.777689 -0.296719 -1.198241 -1.807053  0.012165 -0.191434 -1.696631 -0.911317 -0.920085
111 T 111  0.010724 -2.355391 -2.190678 -2.453691 -1.018203 -1.747688 -1.772792 -2.672098 -2.624043  1.877586  0.513756 -1.732576  0.448086 -1.185928 -1.706744 -1.195997  0.792260 -2.770180 -1.255922  2.631712
112 A 112  2.388782 -1.402716 -2.146841 -2.324174 -0.400591 -1.316815 -1.467633 -0.952625 -2.090506 -0.212649 -0.123538 -1.332681 -0.343953 -1.135042 -1.534190  0.160387 -0.200250 -2.524244 -1.434322  0.345141
113 V 113  0.784452 -1.538661 -1.900623 -2.204428 -0.880406 -1.239275 -1.368137 -2.065065 -2.256282  0.595951  0.350399 -1.281350  0.240509 -1.307758 -1.664722 -0.444029  0.520176 -2.540576 -1.493304  1.104401
114 H 114 -1.911524 -0.065812  0.885756 -1.001682 -2.891002 -0.027011 -0.049549 -1.965965  7.446105 -2.865034 -2.858282 -0.992647 -1.898920 -0.909534 -1.934528 -0.940769 -1.858498 -1.920519  1.881913 -2.858534
115 E 115 -0.952400 -0.013881 -0.024944  1.814663 -3.751588  1.956450  4.624789 -1.957175 -0.034047 -2.881302 -2.856352  0.908615 -1.865235 -2.903298 -0.996023  0.000188 -0.913217 -2.887191 -1.916697 -1.916011
116 I 116 -1.086077 -2.590552 -2.819186 -3.059234 -1.202071 -2.501701 -2.743776 -3.473805 -2.389557  2.271960  1.774148 -2.523878  0.976531  1.244853 -2.999364 -1.845163 -1.083553 -1.724245 -0.084747  1.486173
117 G 117 -0.025403 -1.835657 -0.028684 -0.999862 -2.836648 -1.881226 -1.902238  5.558390 -1.899637 -3.797963 -3.773588 -1.850421 -2.827680 -2.862032 -1.933524 -0.027590 -1.904641 -1.934949 -2.839645 -2.858618
118 H 118 -1.886990 -0.037779  0.899931 -0.980969 -2.871915 -0.021490 -0.027174 -1.924083  7.523040 -2.871432 -2.871432 -0.970084 -1.917916 -0.978681 -1.833838 -0.959682 -1.907794 -1.932477  1.883391 -2.855626
119 S 119  1.665057 -1.294512 -1.221747 -1.650802 -0.581830 -0.959970 -1.042923 -0.996622 -1.836770 -0.462116 -0.476776 -0.981571 -0.450597 -1.505657 -1.364030  0.970998  0.449031 -2.612055 -1.623698 -0.037132
120 L 120 -0.960352 -1.932531 -2.825894 -3.684113 -0.995005 -1.946313 -2.815780 -3.778958 -2.811330  2.006763  3.482921 -1.954232  1.817285 -0.008226 -2.817637 -1.887250 -0.960352 -1.994903 -0.947991  1.096266
121 G 121 -0.026535 -1.947286 -0.033811 -0.989192 -2.903430 -1.921413 -1.922030  5.692715 -1.936681 -3.872746 -3.862141 -1.935347 -2.886166 -2.876895 -1.961221  0.002623 -1.922791 -1.826022 -2.862960 -2.915986
122 L 122 -0.971987 -1.919389 -2.828269 -3.754809 -1.021932 -1.897521 -2.829828 -3.788148 -2.806893  1.829606  3.572998 -1.917527  1.852202  0.088152 -2.890838 -1.845533 -0.959200 -1.905317 -0.895908  0.908394
123 G 123 -0.174388 -0.903173 -0.057769  0.208078 -2.300918 -0.224160  0.168719  0.356253 -1.028840 -2.501919 -2.483688 -0.396342 -1.633724 -2.269628 -1.191887  0.508201 -0.714387 -2.532020 -1.931552 -1.964732
124 H 124 -1.916969 -0.062201  0.899269 -0.894029 -2.907568  0.032775  0.029118 -1.924813  7.395199 -2.873724 -2.886450 -0.965208 -1.917960 -0.991132 -1.933809 -0.960252 -1.911430 -1.938037  1.860433 -2.849464
125 S 125  0.481659 -1.084946  0.555775 -0.244037 -1.290247 -0.227518 -0.236777 -0.530283 -1.111904 -1.786067 -1.854721 -0.291327 -1.025318 -2.086783 -0.357250  2.641196  0.890090 -2.920483 -1.932981 -1.593870
126 S 126 -0.361643 -0.680960  0.747196 -0.078196 -1.987751 -0.164394 -0.174108 -0.440480 -0.454521 -2.185450 -2.137686 -0.377918 -1.335440 -2.068992 -1.133330  0.981447 -0.064073 -2.647552 -1.583442 -1.898570
127 D 127 -0.641849 -1.287800 -0.074790  0.950437 -1.916734 -0.399277  0.214535 -1.410922 -1.137583 -1.249586 -1.864023 -0.728471 -1.269260 -2.036761 -1.414274 -0.117948 -0.444329 -3.059729 -1.757348 -0.910105
128 P 128 -0.717118 -0.252694 -0.652253 -0.765580 -2.484205  0.150777  0.109954 -1.729344 -0.776472 -2.169543 -1.997228  0.164004 -1.209723 -2.384814  0.578270 -0.250813 -0.496782 -2.672568 -1.426112 -1.562020
129 K 129 -0.623704 -0.685278  0.959506  0.820273 -2.529782 -0.067939  0.505650  0.219964 -0.715227 -2.622512 -2.691163 -0.242875 -1.841779 -2.563176 -1.323488  0.508973 -0.515980 -2.908008 -2.135295 -2.153160
130 A 130  2.158672 -0.973017 -0.461841 -0.774048 -0.606156 -0.475257 -0.418962 -0.145860 -1.445283 -1.467528 -1.482949 -0.502692 -1.020029 -1.956509 -0.981397  2.165014  0.534670 -2.878039 -1.934145 -0.970740
131 V 131 -0.592060 -2.474111 -2.667623 -3.021609 -1.013224 -2.149620 -2.447067 -3.237134 -2.750695  2.480311  1.834262 -2.172058  1.053639 -0.409206 -2.460844 -1.713954 -0.486330 -2.388798 -0.969050  2.249877
132 M 132 -0.930612 -0.883034 -1.799213 -2.745821 -1.037294  0.012282 -1.795074 -2.791578 -1.857084  0.786538  1.706403 -0.906975  4.437953 -0.125854 -1.900445 -0.901096 -0.878218 -1.057394 -1.002057  0.813106
133 F 133 -0.832955 -1.268485 -1.118721 -1.978942 -1.749085 -0.696809 -1.260785 -1.903648  0.706314 -1.298393 -1.204591 -1.311634 -0.882839  1.033369 -2.285978 -0.703637 -1.091187 -0.074161  2.596124 -1.215553
134 P 134 -0.560847 -1.675137 -1.646685 -1.139424 -2.373525 -0.907195 -0.980836 -1.639977 -1.528405 -2.378682 -2.355245 -0.975744 -1.622203 -2.855450  4.303993 -0.626111 -0.636365 -3.032303 -1.927114 -1.579021
135 T 135 -0.899195 -1.485366 -1.006475 -1.835145 -1.469861 -1.108205 -1.431355 -1.943611 -0.661501 -0.552928 -0.628395 -1.358303 -0.381117  0.352404 -2.169146 -0.613585 -0.266098 -0.331691  0.748701 -0.520298
136 Y 136 -1.257295 -1.774449 -1.626027 -2.277558 -1.490360 -1.093062 -1.698751 -2.227689  0.447066 -0.453665 -0.591233 -1.699621 -0.484696  1.428019 -2.434187 -1.317410 -1.360116  0.325791  3.427266 -0.482884
137 K 137 -0.198203  0.095980  0.110483 -0.529404 -1.794719  0.470557  0.181683 -1.142184 -0.715172 -1.719718 -1.449150  0.369355 -0.762330 -1.980430 -1.127733  0.608313  0.098933 -2.360687 -1.494757 -1.319932
138 Y 138 -0.793997 -1.349371 -0.716944 -1.160717 -2.112471 -0.865949 -1.086931 -0.002906 -0.630324 -1.980751 -1.901491 -1.116492 -1.351924 -0.815387 -0.912609 -0.519148 -1.109798 -1.011248 -0.007690 -1.608514
139 V 139 -0.568746 -0.727491 -0.425747 -1.207663 -1.629882 -0.412426 -0.784415 -1.082364 -0.577378 -1.062240 -0.969449 -0.734570 -0.529454 -0.878777 -1.603241 -0.243433 -0.323958 -1.507475 -0.253203 -0.823382
140 D 140 -0.923383 -0.406794  0.461334  0.930123 -2.241070  0.146634  0.568923 -0.848624 -0.483863 -2.030161 -2.116680 -0.150419 -1.395351 -2.010668 -1.151031  0.044454 -0.366757 -2.477068 -1.558894 -1.725085
141 I 141 -0.449677 -1.002287 -0.587950 -0.755584 -1.821028 -0.544796 -0.594020 -0.995860 -1.296225 -1.536516 -1.553428 -0.687275 -1.056578 -2.052518  0.507590 -0.045968  0.257549 -2.224367 -1.696835 -1.023757
142 N 142 -0.381833 -0.110496  0.129227 -0.439991 -2.008818 -0.008060 -0.015797 -0.305668 -0.427516 -2.009784 -1.826244  0.139179 -1.187759 -1.841704 -1.171161  0.180231 -0.637571 -2.106712 -1.195246 -1.620770
143 T 143 -0.744184 -0.223378  0.515163 -0.051405 -2.092464 -0.056448  0.060114 -0.963358 -0.647424 -1.924977 -1.798554  0.438173 -1.137807 -2.147280 -0.606176  0.103900 -0.206235 -2.579936 -1.661264 -1.493685
144 F 144 -1.082311 -1.437195 -1.811847 -2.171821 -1.589460 -1.408096 -1.710449 -2.314034 -0.867143 -0.155064 -0.145586 -1.490020 -0.113059  1.459366 -2.170073 -1.286458 -0.975321 -0.525045  1.110770 -0.359756
145 R 145 -0.529611  0.225633 -0.062543 -0.297970 -2.011924  0.620662  0.526111 -1.352478 -0.609363 -1.764283 -1.531934  0.615009 -0.809071 -2.041065 -1.025289  0.202530 -0.044780 -2.296661 -1.453216 -1.274210
146 L 146 -0.897375 -1.902963 -2.603411 -3.291858 -1.065553 -1.844428 -2.569770 -3.322302 -2.598878  1.584193  2.826070 -1.839939  1.396127 -0.162276 -2.184442 -1.718710 -0.928457 -1.954399 -0.968293  0.845501
147 S 147 -0.447908 -0.795983  0.087563 -0.285699 -1.929266 -0.005077 -0.167538 -1.010882  0.030850 -2.009929 -1.931525 -0.487918 -1.010760 -2.077299 -0.115763  0.593053 -0.009189 -2.525576 -1.397553 -1.610191
148 A 148 -0.608849 -0.571930 -0.543164 -0.439376 -2.116019  0.532097  0.207141 -1.587564 -0.825193 -1.737221 -1.515555 -0.198780 -0.770355 -1.920688 -0.608305 -0.116279 -0.535302 -1.998182 -1.161557 -1.294451
149 D 149 -1.328411 -1.535442  0.533996  3.418127 -2.403216 -0.075451  1.188637 -0.993262 -0.809611 -2.315863 -2.919579 -0.787539 -2.105363 -2.273959 -1.103550  0.109252 -0.734707 -3.124222 -2.054768 -2.205484
150 D 150 -1.868214 -1.853767  0.926884  5.590196 -2.838440  0.028894  1.926003 -0.955778 -0.926884 -2.823992 -3.750876 -0.912436 -2.809545 -2.823992 -0.941331  0.000000 -0.941331 -3.750876 -2.809545 -2.809545
151 I 151 -0.703371 -1.583594 -2.109760 -2.489035 -1.289797 -1.740807 -1.907157 -3.077067 -2.275979  1.985922  0.966960 -1.443460  0.624764 -0.764982 -2.304586 -1.496205 -0.633213 -2.711737 -1.126481  1.762407
152 R 152 -0.181425 -0.133455 -0.147339 -0.579907 -1.797333  0.268283  0.092995 -1.394340 -0.758857 -1.683045 -1.389949  0.018905 -0.806703 -1.980506 -1.489988  0.019067 -0.486833 -2.285436 -1.397885 -1.299647
153 G 153  1.003050 -1.108709 -0.374127 -1.191004 -1.908314 -1.261772 -1.310851  2.893884 -1.582536 -2.676691 -2.626695 -1.236075 -1.995324 -2.474887 -1.571068  0.273158 -1.083191 -2.300209 -2.350225 -1.848069
154 I 154 -0.599851 -2.576056 -2.741755 -2.870327 -0.904846 -2.390915 -2.554235 -3.412408 -2.728144  3.103817  1.784632 -2.427694  1.084891 -0.204136 -2.559008 -1.726240 -0.756484 -2.635280 -0.951167  2.576406
155 Q 155 -0.931634  1.071404 -0.101650 -0.426630 -2.532522  3.202792  1.233774 -1.871722  0.034629 -2.594542 -1.810304  0.913644 -0.327304 -2.547546 -1.197204 -0.196745 -0.875205 -1.871680 -0.984915 -1.881359
156 S 156  0.213602 -0.098600 -0.535636 -1.037871 -1.700698  0.395614 -0.021306 -1.216474 -0.365251 -1.762265 -1.459891  0.150646 -0.793160 -1.463870 -1.382705  0.296866 -0.499454 -1.871720 -0.582720 -1.278228
157 L 157 -0.896263 -1.881977 -2.583786 -3.362443 -0.976587 -1.838160 -2.595728 -3.528579 -2.556469  1.944404  3.013362 -1.852209  1.609686 -0.062873 -2.662882 -1.738850 -0.905487 -1.962727 -0.838443  1.144945
158 Y 158 -1.825803 -1.815141 -1.809811 -2.728043 -1.831133 -0.907571 -1.815141 -2.733373  1.857786 -0.923563 -0.923563 -1.820472 -0.918232  2.717382 -2.733373 -1.820472 -1.825803  1.804480  6.363656 -0.923563
159 G 159  0.000000 -1.435467  0.000000 -0.717733 -2.153200 -1.435467 -1.435467  4.306400 -1.435467 -2.870933 -2.870933 -1.435467 -2.153200 -2.153200 -1.435467  0.000000 -1.435467 -1.435467 -2.153200 -2.153200
