  119         A         R         N         D         C         Q         E         G         H         I         L         K         M         F         P         S         T         W         Y         V    
  1 G   1  0.118212 -0.164240  0.056075 -0.059261 -0.192433 -0.087453 -0.087453  0.231291 -0.174597 -0.318124 -0.318124 -0.087453 -0.202789 -0.289932 -0.164240  0.317505 -0.000310 -0.338527 -0.289932 -0.269220
  2 S   2  0.138946 -0.173240  0.023009 -0.127928 -0.227279 -0.064785 -0.069568 -0.156188 -0.262321 -0.288070 -0.288935 -0.043136 -0.165977 -0.386800 -0.218709  0.379303  0.214251 -0.535732 -0.363455 -0.210789
  3 H   3 -0.090695 -0.204025  0.075499  0.046736 -0.501188 -0.001135  0.055173 -0.230936 -0.049430 -0.493316 -0.518330 -0.094539 -0.319324 -0.535302 -0.276031  0.239781  0.046280 -0.691734 -0.400007 -0.403622
  4 M   4 -0.131109 -0.286011 -0.105270 -0.372313 -0.556835 -0.210304 -0.272346 -0.368487 -0.405368 -0.326298 -0.240003 -0.206348 -0.125826 -0.501703 -0.437651 -0.021860 -0.128048 -0.792134 -0.489197 -0.271879
  5 G   5  0.017280 -0.435980 -0.156524 -0.204276 -0.770274 -0.242279 -0.173142  0.227776 -0.481989 -0.866614 -0.860531 -0.271999 -0.603123 -0.898517  0.101668  0.100291 -0.207134 -0.922125 -0.754424 -0.611710
  6 S   6 -0.025509 -0.442358  0.138136  0.432398 -0.765611 -0.019674  0.228531 -0.315513 -0.412151 -0.867415 -0.954566 -0.153450 -0.618500 -0.965906 -0.292032  0.598361  0.145226 -1.253005 -0.869497 -0.726032
  7 D   7 -0.453857 -0.550600 -0.125739  0.426369 -1.290461 -0.080275  0.244813 -0.586054 -0.486474 -1.237850 -1.311741 -0.224720 -0.866990 -1.246064  0.323942  0.010608 -0.343334 -1.540619 -1.039830 -1.010206
  8 Y   8 -0.130807 -0.682857 -0.591293 -0.819914 -0.766825 -0.445328 -0.499903 -0.799212 -0.491121 -0.402228 -0.449501 -0.552678 -0.326633 -0.607907 -0.885301 -0.119852 -0.279209 -1.105649 -0.375752 -0.289643
  9 I   9 -0.468655 -0.937593 -0.825330 -0.732964 -1.020108 -0.561682 -0.526806 -1.001499 -0.867846 -0.659642 -0.679338 -0.742248 -0.475365 -0.788137 -0.635850 -0.443227 -0.253161 -0.368228 -0.584853 -0.486485
 10 I  10 -0.316050 -0.670400 -0.594250 -0.780056 -1.218159 -0.371746 -0.504745 -0.924807 -0.802991 -0.871735 -0.832959 -0.494080 -0.518602 -1.177898  0.154257 -0.131672 -0.158391 -1.464080 -0.895572 -0.620722
 11 K  11 -0.495025  0.316861  0.020813 -0.132565 -1.914670  0.701914  0.722402 -0.537769 -0.226854 -1.819888 -1.579585  0.447683 -0.882450 -1.782559 -0.656308 -0.069011 -0.612460 -1.729638 -1.138065 -1.364427
 12 E  12 -0.555020 -0.576817 -0.817185 -0.512328 -1.747547  0.042833  0.159030 -1.477044 -0.871856 -1.441581 -1.338355 -0.250528 -0.811395 -1.866511  0.991531 -0.390981 -0.347643 -2.070831 -1.315011 -0.947840
 13 K  13 -0.751169  1.365844 -0.379031 -1.142289 -1.925549  0.303575  0.084028 -1.644113 -0.081210 -1.493329 -1.088525  0.815580 -0.597599 -1.485676 -1.318776 -0.602059 -0.734103 -1.861989 -0.798350 -1.331250
 14 T  14 -0.601559 -0.717734 -0.592420 -0.585362 -1.428726 -0.345168 -0.124533 -1.871046 -0.977432 -0.811167 -0.674113 -0.476676 -0.511587 -1.411230 -1.174326 -0.243675  0.439502 -2.035682 -1.242509 -0.521898
 15 V  15 -0.251223 -2.211393 -2.238849 -2.305415 -0.014603 -1.739737 -1.877810 -2.592564 -2.295883  1.617779  0.673567 -1.767667  0.446014 -0.859047 -1.676136 -1.303450 -0.245022 -2.320776 -1.028181  1.859150
 16 L  16 -0.519419 -1.036382 -0.983912 -1.188393 -1.512435 -0.673520 -0.409548 -2.222225 -1.136373 -0.031444 -0.450795 -0.760623 -0.316684 -1.297004 -1.570201 -0.532387  0.335920 -2.278432 -1.086806  0.309173
 17 L  17 -0.757665 -1.836194 -2.211101 -2.614295 -1.054491 -1.605033 -1.909238 -3.099457 -2.232189  1.626348  1.919027 -1.683346  1.011225 -0.339700 -2.309194 -1.473809 -0.641067 -2.094244 -0.908327  1.195105
 18 Q  18 -0.717047 -0.898265 -1.082887 -1.446351 -1.617515 -0.286098 -0.534317 -2.240056 -0.823599 -0.255351 -0.222936 -0.734569 -0.021355 -1.146754 -1.641891 -0.742693 -0.493770 -1.954738 -0.796619 -0.095959
 19 K  19 -0.832298  2.157964 -0.101466 -1.080000 -2.551369  0.723059  0.536608 -1.790290 -0.462275 -2.394202 -1.720917  2.561386 -0.889607 -2.509205 -1.172842 -0.334236 -0.803786 -2.652796 -1.669560 -1.895684
 20 K  20 -0.541278  0.782267  0.226368 -0.309133 -2.182189  0.599425  0.566131 -0.881758 -0.552742 -2.205990 -1.810151  1.315691 -1.019825 -2.241490 -0.933137  0.167994 -0.521143 -2.338431 -1.596574 -1.708525
 21 D  21 -0.501446 -1.266514 -0.026086  0.561352 -2.474131 -0.478459  0.098349  0.820393 -1.192850 -2.686202 -2.806571 -0.764466 -1.986353 -2.626125 -0.262356  0.162758 -0.770974 -2.622997 -2.299421 -2.064401
 22 S  22 -0.375228 -0.705378  0.755672 -0.214267 -2.135874 -0.286281 -0.239172  0.134449 -0.752088 -2.323150 -2.312867 -0.382979 -1.516938 -2.444048 -0.656064  0.574050 -0.228898 -2.751136 -1.955133 -1.821072
 23 E  23 -0.484823 -0.218903  0.147550 -0.113363 -2.354802  0.293065  0.450598 -0.146202 -0.815214 -2.320931 -2.112254  0.280331 -1.241212 -2.298174 -1.288859  0.271561 -0.554511 -2.399318 -1.785548 -1.738534
 24 G  24 -0.011195 -1.455141  0.067079 -0.609564 -2.462787 -1.245283 -1.175346  3.413102 -1.607946 -3.191092 -3.181640 -1.190114 -2.292859 -2.677596 -1.386456  0.474649 -1.088632 -2.235696 -2.558281 -2.424385
 25 F  25 -1.382917 -2.232180 -2.739114 -3.354673 -1.380362 -2.106037 -2.730152 -3.346789 -1.636732  0.884189  1.878079 -2.227632  0.889429  2.230868 -3.152503 -1.894865 -1.384210 -0.433395  1.230366  0.067391
 26 G  26 -0.001055 -1.904719 -0.004163 -0.966740 -2.842055 -1.898487 -1.901744  5.619698 -1.906385 -3.759938 -3.761895 -1.898487 -2.822224 -2.844181 -1.910308 -0.002023 -1.883071 -1.925233 -2.844154 -2.816361
 27 F  27 -1.550118 -2.666869 -2.834486 -2.993101 -1.599464 -2.631828 -2.808494 -3.126764 -1.559084  0.877420  0.849804 -2.638779  0.517752  3.783630 -3.455179 -1.868429 -1.575609 -0.147936  1.589515 -0.005857
 28 V  28  0.069288 -0.651277  0.635378 -0.536738 -1.449245 -0.276358 -0.283453 -0.877963 -0.704083 -1.527516 -1.590413 -0.324485 -0.923908 -1.841554 -1.311827  1.586994  0.944412 -2.630971 -1.555677 -1.236348
 29 L  29 -0.844574 -2.595378 -2.883082 -3.170785 -0.966311 -2.469316 -2.761344 -3.719970 -2.875397  3.133035  2.362273 -2.473641  1.259303 -0.098682 -2.765187 -1.920613 -0.844574 -2.580008 -0.947098  2.418366
 30 R  30  0.269206  0.068899 -1.090371 -1.740205 -1.441411 -0.346239 -0.688598 -1.671920 -1.034395 -0.609351 -0.701110 -0.139476 -0.339309 -1.731402 -1.550841 -0.411787 -0.334707 -2.566837 -1.335705 -0.178044
 31 G  31  0.148804 -1.408679 -0.046230 -0.749975 -2.156896 -1.290557 -1.260649  3.543753 -1.292017 -2.823692 -2.845567 -1.346868 -2.100367 -2.269944 -1.511781  0.254933 -1.196230 -1.820298 -2.166939 -2.114359
 32 A  32 -0.074965 -1.330822 -0.275340 -0.767932 -2.023982 -1.133934 -1.071180  2.434011 -1.264076 -2.235731 -2.266245 -1.216004 -1.691341 -1.753970 -1.517526 -0.037637 -1.173595 -1.628727 -1.674537 -1.693494
 33 K  33 -0.274357  0.473767 -0.503813 -0.975041 -1.497917 -0.047661 -0.104278 -1.453996 -0.898971 -0.950059 -0.849655  0.886418 -0.472981 -1.614587 -1.072503 -0.231202 -0.248663 -2.096279 -1.267898 -0.583137
 34 A  34 -0.380289 -0.870687  0.179410  0.806787 -1.741461 -0.251175  0.353390  0.194639 -0.772118 -1.638600 -1.911024 -0.515572 -1.338817 -1.784386 -0.904203  0.170254 -0.532380 -2.090069 -1.598897 -1.280320
 35 Q  35 -0.579812 -0.182474  0.376190 -0.353886 -1.484724  0.129525  0.005748 -0.607399  0.239982 -1.471053 -1.354163 -0.085307 -0.815944 -1.163425 -0.960091  0.101096 -0.309093 -1.417472 -0.407410 -1.212906
 36 T  36 -0.361355 -0.659944 -0.154531 -0.367562 -1.359522 -0.294671 -0.364275 -0.467409 -0.838466 -1.282350 -1.232251 -0.313705 -0.780992 -1.541632  0.298005  0.061358  0.060027 -1.691175 -1.234176 -0.891610
 37 P  37 -0.418084 -0.699389 -0.381886 -0.572351 -1.341042 -0.385823 -0.413272  0.004096 -0.197664 -1.318586 -1.252129 -0.563600 -0.817323 -1.101436 -0.091225 -0.259140 -0.705102 -1.210972 -0.650019 -1.023354
 38 I  38 -0.403891 -0.683953 -0.609041 -0.760275 -0.957107 -0.515987 -0.553778 -0.702820 -0.663922 -0.318429 -0.344730 -0.642270 -0.263842 -0.247003 -1.025748 -0.420362 -0.491088 -0.839356 -0.321722 -0.313086
 39 E  39 -0.212719 -0.398678 -0.412197 -0.490150 -0.898545 -0.187216 -0.255540 -0.506885 -0.599379 -0.575422 -0.394325 -0.190159 -0.264035 -0.811538 -0.578971 -0.138895 -0.351381 -1.106167 -0.717643 -0.454761
 40 E  40 -0.250411 -0.154690 -0.075240 -0.106442 -0.878717  0.078635  0.082589 -0.481411 -0.209292 -0.827346 -0.812572 -0.147044 -0.506948 -0.879919 -0.559648 -0.064348 -0.260687 -1.056398 -0.547573 -0.647083
 41 F  41 -0.255356 -0.583617 -0.239078 -0.379629 -0.645322 -0.379243 -0.442336 -0.336262 -0.442847 -0.529545 -0.517009 -0.514698 -0.365237 -0.375062 -0.781043 -0.092290 -0.293942 -0.801220 -0.384545 -0.485120
 42 T  42 -0.341437 -0.322360 -0.020068 -0.247684 -0.788028 -0.154898 -0.187265 -0.532195 -0.158838 -0.686200 -0.690425 -0.242670 -0.457321 -0.702180 -0.542467 -0.046959 -0.111044 -0.997006 -0.473566 -0.567344
 43 P  43 -0.379870 -0.563706  0.162184  0.229517 -1.074270 -0.217938 -0.048704 -0.387157 -0.491848 -1.153932 -1.213400 -0.268053 -0.828896 -1.282265  0.385637  0.121970 -0.201422 -1.533887 -1.056066 -0.945792
 44 T  44 -0.103174 -0.628598 -0.211882 -0.402479 -0.777841 -0.356789 -0.313196 -0.427740 -0.681088 -0.657472 -0.661273 -0.379672 -0.422451 -0.701475 -0.814778  0.289633  0.081544 -1.143661 -0.733597 -0.510846
 45 P  45 -0.411253 -0.569564 -0.062174  0.499407 -1.244162 -0.041745  0.303154 -0.479611 -0.539911 -1.245609 -1.320408 -0.277473 -0.908873 -1.349243 -0.216964 -0.032313 -0.403217 -1.595148 -1.108047 -0.999707
 46 A  46 -0.239428 -0.381604 -0.432443 -0.387885 -1.244034 -0.136522 -0.003426 -0.843971 -0.672897 -0.985396 -0.897161 -0.131284 -0.600278 -1.264587 -0.439079 -0.147295 -0.377865 -1.653976 -1.043114 -0.718995
 47 F  47 -0.369159 -0.875177 -0.396012 -0.606791 -1.189177 -0.514147 -0.537114 -0.422180 -0.655870 -0.925859 -0.945923 -0.664765 -0.656285 -0.678973 -0.955304 -0.107376 -0.324553 -1.124988 -0.447736 -0.718512
 48 P  48 -0.458668 -0.468625 -0.118741  0.653943 -1.757954  0.017026  0.543675 -0.787170 -0.744122 -1.651234 -1.723207 -0.136781 -1.145219 -1.878821 -0.321786  0.041344 -0.342470 -2.220070 -1.592901 -1.297404
 49 A  49 -0.157770 -0.753964 -0.768313 -0.916753 -1.422582 -0.291184 -0.298338 -1.291330 -1.180218 -0.776748 -0.757071 -0.427992 -0.241932 -1.558166 -0.576769 -0.167100 -0.171852 -2.108051 -1.367586 -0.368244
 50 L  50 -0.254410 -1.469545 -0.559931 -1.086750 -1.809408 -1.247921 -1.333408  1.484174 -1.182010 -2.146829 -2.106373 -1.281629 -1.565658 -2.080138 -0.486620 -0.259572 -1.114223 -2.050563 -1.835357 -1.603106
 51 Q  51 -0.813658 -1.726277 -1.768658 -2.087057 -1.318460 -1.013302 -1.504920 -2.861844 -1.166191  1.342069  0.452366 -1.671053  0.416605 -0.822863 -2.100644 -1.299288 -0.661916 -2.420574 -0.697848  1.246619
 52 Y  52 -1.457355 -2.123663 -2.300232 -2.739479 -1.683733 -1.825189 -2.190948 -2.888574 -0.535019  0.206972  0.080117 -1.981063  0.008406  2.557078 -2.937638 -1.714396 -1.408008 -0.029133  2.405877 -0.141449
 53 L  53 -0.551743 -2.854555 -2.906842 -2.964989 -0.971916 -2.427701 -2.492222 -3.437784 -2.884376  3.254571  1.560623 -2.437240  1.013150 -0.350349 -2.508752 -1.914968 -0.553453 -2.781741 -0.925893  3.134436
 54 E  54 -0.170555 -0.103906 -0.051534 -0.713423 -1.669376 -0.023918 -0.069610 -0.877350 -0.892798 -2.100193 -1.821432  0.512993 -1.059107 -2.178162 -1.388072  0.887319  0.054190 -2.338906 -1.718349 -1.659953
 55 S  55 -0.470327  0.269618  0.148109 -0.281543 -2.245659  0.353454  0.439879 -1.149713 -0.369245 -2.304528 -2.016298  0.706163 -1.142478 -2.139395 -1.360860  0.440303 -0.447449 -2.595919 -1.523396 -1.883604
 56 V  56 -0.504565 -2.759152 -2.848957 -2.951217 -1.009949 -2.291737 -2.398564 -3.353627 -2.882135  3.033498  1.533055 -2.279673  1.010629 -0.554620 -2.299920 -1.869873 -0.474648 -2.829054 -1.030235  3.027429
 57 D  57 -0.757416 -1.222080 -0.932098 -0.753989 -1.866204 -0.583978 -0.463822 -2.172133 -1.300775 -0.416565 -0.585464 -0.899098 -0.416774 -1.210419 -1.865766 -0.595994 -0.411717 -2.480080 -1.162648 -0.303642
 58 E  58 -0.572513 -0.746645 -0.790721  0.042762 -2.663437  0.171021  0.860712 -1.659169 -1.023641 -2.543876 -2.472560  0.125269 -1.611271 -2.977664  1.559594 -0.173392 -0.762810 -3.230785 -2.172533 -1.773164
 59 G  59 -0.531266 -1.222939  0.615078  0.262655 -2.799901 -0.882714 -0.536753  2.590505 -1.187946 -3.268855 -3.321574 -0.979637 -2.383341 -2.786562 -1.634388  0.193784 -1.276400 -2.595769 -2.519552 -2.627227
 60 G  60  0.218927 -1.522747  0.179155 -0.760629 -2.151702 -1.152482 -1.256204  3.277117 -1.589787 -3.028765 -2.961257 -1.218691 -2.040710 -2.508419 -1.597073  1.060277 -0.902985 -2.249564 -2.463828 -2.396350
 61 V  61  0.619228 -1.670857 -1.911991 -1.647205 -1.511917 -1.117487 -1.160326 -1.533057 -2.026146 -1.051475 -1.303246 -1.108540 -0.924884 -2.430569  1.777961 -0.384582 -0.444738 -3.139989 -2.081264 -0.303308
 62 A  62  3.389103 -1.069190 -1.900465 -1.895194 -0.050299 -1.005927 -1.023790 -0.207143 -1.938925 -0.799133 -0.868790 -1.014566 -0.866515 -1.849307 -1.066515  0.759255 -0.049425 -2.837409 -1.859288  0.085998
 63 W  63 -0.294096 -0.968685 -0.396857  0.730666 -2.180526  0.081374  0.843817 -0.891969 -0.380859 -2.226363 -2.329530 -0.558553 -1.596073 -1.920926 -1.375767  0.044617 -0.871544 -2.173618 -1.364006 -1.773356
 64 R  64 -0.635115  1.226029 -0.457526 -1.257605 -2.181525  0.652313  0.163621 -1.932823 -0.613078 -1.829495 -1.165944  0.986818 -0.537964 -2.188075 -1.612989 -0.450096 -0.760088 -2.553487 -1.492681 -1.509703
 65 A  65  0.588628 -1.332271 -0.239756  0.871858 -0.980959 -0.567887 -0.030656 -0.495416 -1.356168 -1.864450 -2.123543 -0.910467 -1.621691 -2.277783 -1.131932  0.728089 -0.065407 -3.011206 -2.196978 -1.438767
 66 G  66 -0.033830 -1.484622 -0.002607 -1.002020 -2.812434 -1.607192 -1.678145  4.882649 -1.779047 -3.684064 -3.595489 -1.493460 -2.646131 -2.866126 -1.872638  0.015674 -1.759733 -2.054880 -2.771738 -2.782204
 67 L  67 -0.936789 -2.066821 -2.901414 -3.733829 -0.990017 -1.971102 -2.850365 -3.840382 -2.903593  2.169017  3.476150 -2.011415  1.958621 -0.055406 -2.854723 -1.917934 -0.936789 -2.077715 -0.987838  1.334484
 68 R  68 -0.863874  1.424491 -0.485498 -1.412182 -2.174898  0.917948  0.080402 -2.043643 -0.531144 -2.186130 -1.434182  1.296636 -0.535746 -2.198738 -1.585465 -0.506092 -0.874444 -2.288882 -1.346028 -1.791418
 69 M  69 -0.092053 -1.308600 -1.534758 -1.419775 -1.706383 -0.745549 -0.593562 -2.164098 -1.880037 -0.246249 -0.772148 -0.772937 -0.366579 -1.982450 -0.415840 -0.622178 -0.070952 -2.960218 -1.730489  0.404791
 70 G  70 -0.145976 -1.691018  0.279383 -0.792537 -2.908795 -1.570259 -1.576070  4.819654 -1.568254 -3.726885 -3.700038 -1.668491 -2.715880 -2.870459 -1.922759  0.043741 -1.747376 -2.122450 -2.695568 -2.834263
 71 D  71 -1.857591 -1.904918  0.874359  5.520634 -2.898566  0.020105  1.877370 -1.041955 -0.994923 -2.865481 -3.771950 -0.955342 -2.775911 -2.899852 -1.024957 -0.003564 -0.955943 -3.868064 -2.882016 -2.831178
 72 F  72 -0.808732  1.174208 -0.852270 -1.628336 -2.170633  0.566073 -0.083642 -2.298562 -0.603289 -1.542763 -1.061217  0.529540 -0.422810 -1.870347 -1.895926 -0.839506 -0.907271 -2.447994 -1.206893 -1.290460
 73 L  73 -0.887413 -2.657035 -2.984704 -3.310276 -0.997394 -2.555440 -2.881012 -3.869385 -2.980346  3.204473  2.525824 -2.555440  1.311378 -0.095282 -2.883191 -1.985767 -0.895798 -2.652512 -0.990692  2.417113
 74 I  74 -0.684327 -2.174718 -2.731159 -3.366278 -0.991054 -1.964895 -2.578337 -3.550048 -2.811656  2.145038  2.586088 -1.962388  1.490195 -0.345160 -2.620856 -1.703925 -0.555121 -2.300459 -1.055112  1.688882
 75 E  75  0.085219 -0.213951 -0.264093  0.033598 -2.266965  0.748360  1.580827 -1.311900 -0.423133 -2.261420 -2.098195  0.377095 -1.268129 -2.187112 -1.249533  0.640808 -0.472655 -2.614462 -1.512902 -1.613894
 76 V  76 -0.224809 -2.953695 -2.977982 -2.990899 -0.931175 -2.240474 -2.261816 -3.225529 -2.977982  3.166372  1.253961 -2.243411  0.985440 -0.744001 -2.256328 -1.952325 -0.275775 -2.970946 -1.014287  3.620676
 77 N  77 -1.830450 -0.281797  4.982101  1.273506 -2.820925 -0.044577  0.109826 -0.013576  0.673931 -2.960113 -3.038864 -0.185087 -2.053188 -2.916195 -1.888580  0.840629 -0.187459 -3.819631 -2.031879 -2.910672
 78 G  78 -0.396923 -1.523980  0.534176 -0.089985 -2.935164 -1.196795 -0.926215  3.789729 -1.270850 -3.609761 -3.656771 -1.364250 -2.657898 -2.879766 -1.793576  0.173940 -1.534040 -2.381873 -2.637898 -2.837145
 79 Q  79 -0.591795 -1.097175 -1.198630 -1.237399 -1.875656 -0.133843 -0.066375 -2.478927 -1.325605 -0.137378 -0.608024 -0.644800 -0.192924 -1.639625 -1.705424 -0.719366 -0.030672 -2.498184 -1.180688  0.417497
 80 N  80 -0.754278 -1.144595  1.123821  1.109970 -1.803108 -0.312992  0.102780 -0.911608 -0.830393 -2.235342 -2.505674 -0.574836 -1.663120 -2.532079 -0.599247  0.916409 -0.176785 -3.385506 -2.188408 -2.057511
 81 V  81 -0.470393 -2.411035 -2.713793 -3.153808 -0.944050 -1.902346 -2.341438 -3.281904 -2.799695  2.220978  1.864973 -1.963510  1.359461 -0.449708 -2.364669 -1.688486 -0.174264 -2.382695 -0.974409  2.325389
 82 V  82 -0.631455  0.096689 -0.532610 -0.537443 -2.378062  0.487166  0.700385 -2.001684 -0.738294 -1.527645 -1.346010  0.134851 -0.781100 -2.113146 -1.545269 -0.246413 -0.359698 -2.653102 -1.489049 -1.110666
 83 K  83 -0.701802 -0.851455  1.149245  0.094280 -2.756612 -0.586077 -0.348522  1.703319 -0.686918 -3.148574 -3.096999 -0.469792 -2.144896 -2.696894 -1.682793  0.327311 -0.975555 -2.640518 -2.208623 -2.560888
 84 V  84  0.296140 -1.266494 -1.872293 -2.176912 -1.006397 -0.984691 -1.188548 -2.136619 -1.807335  0.056852  0.212530 -0.855937  0.297477 -0.939305 -1.911409 -0.597049 -0.589599 -2.234803 -1.048146  0.319453
 85 G  85 -0.054375 -0.825637  0.084317 -0.503026 -1.484608 -0.450105 -0.373724 -1.129780 -1.324612 -1.685925 -1.692820 -0.494762 -1.155256 -2.201403 -0.711342  1.134225  1.813138 -2.557672 -1.950896 -1.083692
 86 H  86 -1.729518 -0.121298  0.641736 -1.184417 -2.642834 -0.085973 -0.286058 -2.038657  5.648212 -2.446547 -2.345285 -0.916455 -1.550981 -0.943760 -2.051930 -0.867272 -1.618641 -1.946681  1.462379 -2.456051
 87 R  87 -0.415464 -0.144443 -0.064404  0.415829 -2.487940  0.840308  1.333136 -1.371968 -0.499361 -2.341574 -2.173803  0.301628 -1.329959 -2.401331 -1.159298  0.248360 -0.500480 -2.744876 -1.639375 -1.750537
 88 Q  88 -1.007657  0.029605  0.184272  1.205308 -3.025120  1.960808  2.264069 -1.731321 -0.213586 -2.671884 -2.458174  0.565519 -1.300241 -2.672778 -1.159904  0.007816 -0.751087 -2.722989 -1.609807 -1.980107
 89 V  89  1.795844 -1.905377 -2.395934 -2.453327 -0.484726 -1.518640 -1.566008 -1.576849 -2.432896  0.899032  0.077630 -1.519016  0.013200 -1.366793 -1.591116 -0.441622 -0.040782 -2.888044 -1.477281  1.684758
 90 V  90  0.072647 -2.384216 -2.542315 -2.771234 -0.995933 -1.781974 -1.909481 -2.740894 -2.615521  2.162042  0.830741 -1.773833  0.721922 -0.989936 -2.051496 -1.471901 -0.173720 -2.824325 -1.081646  2.741167
 91 N  91 -0.099617 -0.171878  0.339316  0.353798 -2.326356  0.796665  1.124818 -1.082536 -0.556518 -2.308293 -2.148212  0.195228 -1.303697 -2.509921 -1.212920  0.528320 -0.366514 -2.919845 -1.830807 -1.725517
 92 M  92 -0.055989 -1.485653 -2.319969 -2.871824 -1.013962 -1.426677 -1.960138 -2.781856 -2.288805  1.082976  1.354754 -1.392437  0.944713 -0.680622 -2.267291 -1.171287 -0.626539 -2.314820 -1.115001  0.984168
 93 I  93 -0.959001 -2.350118 -2.940344 -3.518847 -1.013846 -2.287344 -2.899092 -3.839088 -2.863582  2.552064  2.930687 -2.319106  1.611010  0.172863 -2.938766 -1.931447 -0.990718 -2.221334 -0.851978  1.678480
 94 R  94 -0.834385  2.063037 -0.241943 -1.320020 -2.620838  0.967452  0.351582 -1.976532 -0.729219 -2.427722 -1.542177  2.466674 -0.716398 -2.624267 -1.456243 -0.347612 -0.747498 -2.688106 -1.755194 -1.910776
 95 Q  95 -0.258734  0.177988  0.644497 -0.231386 -2.119710  0.653562  0.509931 -0.914571 -0.400179 -2.384490 -2.091759  0.534403 -1.193565 -2.525012 -1.360227  0.588594 -0.311699 -2.860967 -1.767188 -1.849465
 96 G  96  1.184024 -1.383896 -0.918430 -1.404882  0.006110 -1.028582 -1.205384 -0.407469 -1.744848 -1.290574 -1.337613 -1.082628 -0.977631 -1.841311 -1.328957  0.971885  0.203536 -2.553223 -1.835090 -0.806866
 97 G  97 -0.210893 -1.116493 -0.250988 -0.674628 -2.526889 -0.852696 -0.826950  2.286234 -1.450759 -3.073442 -2.953887 -0.799412 -2.067066 -2.721087 -0.806256  0.048904 -1.182904 -2.336013 -2.388001 -2.273520
 98 N  98 -0.768637 -0.545787  1.051289  0.703460 -2.549446  0.174915  0.439922 -0.132377 -0.664155 -2.610790 -2.591245 -0.188411 -1.681634 -2.644190 -0.996321  0.411508 -0.563441 -2.980384 -2.098738 -2.176192
 99 T  99 -0.503060 -0.314278 -0.527610 -0.821157 -1.955961 -0.001397  0.098249 -1.866236 -0.871608 -1.492716 -1.414993 -0.003311 -0.839143 -2.019167 -0.764961 -0.019773  0.222658 -2.503793 -1.491147 -0.966592
100 L 100 -0.222225 -2.530810 -2.709608 -2.924411 -0.859093 -1.941521 -2.148198 -3.021092 -2.763125  2.426443  1.417188 -1.945318  1.006783 -0.691406 -2.103097 -1.700458 -0.167154 -2.593143 -1.003825  2.774227
101 M 101 -0.493637  0.287482 -0.207747 -0.981605 -1.752959 -0.012924 -0.229033 -1.794639 -0.881581 -1.440347 -1.274495  0.226864 -0.688704 -2.024582 -1.400986  0.053646  0.599739 -2.459892 -1.527049 -0.983174
102 V 102 -0.965700 -1.994084 -2.764481 -3.531418 -1.011241 -1.863120 -2.720761 -3.624809 -2.659292  1.912212  3.113566 -1.953640  1.912698  0.264743 -2.763696 -1.814390 -0.965700 -1.792264 -0.744995  1.128616
103 K 103 -0.536466 -0.964437 -1.349236 -1.842126 -1.533024 -0.723654 -0.894454 -2.414183 -1.752266  0.083034  0.207480 -0.456283  0.132759 -1.328309 -1.751627 -0.704961  0.197422 -2.297462 -1.239688  0.394537
104 V 104 -0.132985 -2.463763 -2.552073 -2.712950 -0.792217 -1.906551 -2.026382 -2.840731 -2.625998  2.353111  1.161222 -1.911297  0.812513 -0.682660 -2.029174 -1.554891 -0.023809 -2.527365 -0.952865  2.734214
105 V 105 -0.268078 -0.736226 -1.403158 -1.829004 -0.798330 -0.363701 -0.975100 -2.072125 -1.442814 -0.078761 -0.061099 -0.674280  0.159186 -1.294919 -1.691774 -0.724585 -0.384329 -2.016869 -1.032566  0.199609
106 M 106 -0.670254  1.250892 -0.156153 -0.770142 -1.959902  0.189480 -0.132700 -1.349225 -0.168992 -1.934944 -1.599957  0.495092 -0.897954 -1.774604 -0.686148 -0.219888 -0.533129 -2.091069 -1.044810 -1.789653
107 V 107 -0.442368 -0.562949 -0.630173 -0.700793 -1.504418 -0.455753 -0.436133 -0.519764 -1.013333 -0.942365 -0.918472 -0.361011 -0.628067 -1.407955 -0.712656 -0.445174 -0.588842 -1.727800 -1.230081 -0.657583
108 T 108 -0.399192 -0.538108 -0.329901 -0.197408 -1.484690 -0.219850  0.030108 -0.684950 -0.686725 -1.225652 -1.214438 -0.279249 -0.855622 -1.375554 -0.320901 -0.071220 -0.219648 -1.660927 -1.023898 -0.907037
109 R 109 -0.355391  0.102546 -0.257265 -0.241785 -1.504976  0.215784  0.381904 -0.933083 -0.529074 -1.348672 -1.175369  0.241332 -0.705926 -1.569463  0.110607 -0.084793 -0.336598 -1.715869 -1.162334 -1.015375
110 H 110 -0.486022 -0.389458 -0.279951 -0.194579 -1.217636 -0.158006 -0.184447 -0.870112 -0.464058 -0.889374 -0.826803 -0.209912 -0.532457 -1.095151 -0.449067 -0.250272 -0.397085 -1.465539 -0.773667 -0.731984
111 P 111 -0.249614 -0.655893 -0.649083 -0.459205 -1.164142 -0.223264 -0.226128 -0.902849 -0.785936 -1.015360 -0.976907 -0.238129 -0.618013 -1.408489  1.344963 -0.110689 -0.301292 -1.610131 -1.060629 -0.688557
112 D 112 -0.305796 -0.209517 -0.000782  0.341859 -1.251608  0.209773  0.703010 -0.562513 -0.301329 -1.007366 -1.063172  0.053512 -0.698248 -1.133234 -0.411279  0.037905 -0.320344 -1.339555 -0.848828 -0.751998
113 M 113 -0.283587 -0.584572 -0.609199 -0.676447 -0.771138 -0.375718 -0.410446 -1.009945 -0.628134 -0.304465 -0.200994 -0.373443 -0.095157 -0.291021 -0.527354 -0.241219 -0.051588 -0.841180 -0.294024 -0.200573
114 D 114 -0.466212 -0.177785  0.167167  0.992947 -1.253258  0.471193  1.074177 -0.593206 -0.168110 -1.081540 -1.157475  0.100152 -0.748677 -1.114447 -0.414603  0.036606 -0.329851 -1.259402 -0.854755 -0.871884
115 E 115 -0.232199 -0.032296  0.095980  0.385670 -1.006502  0.355595  0.677229 -0.429251 -0.206259 -0.920472 -0.889341  0.166358 -0.561036 -0.958477 -0.378505  0.070409 -0.228688 -1.034988 -0.713409 -0.699288
116 A 116 -0.081438 -0.242053 -0.307071 -0.452447 -0.319636 -0.156475 -0.233215 -0.591257 -0.329544 -0.293192 -0.286837 -0.135012 -0.143646 -0.359151 -0.532363 -0.040167 -0.126100 -0.664790 -0.247735 -0.209251
117 V 117 -0.173829 -0.599265 -0.672655 -0.777521 -0.176341 -0.485055 -0.617671 -0.809539 -0.573023  0.331448  0.306500 -0.532608  0.254502  0.092070 -0.666259 -0.375000 -0.199891 -0.447784 -0.065684  0.284484
118 H 118 -0.219420  0.334349  0.036622 -0.132454 -0.590468  0.305231  0.225684 -0.383258  0.216732 -0.548006 -0.434077  0.313629 -0.210426 -0.499256 -0.285184 -0.072154 -0.215110 -0.516066 -0.211217 -0.444974
119 K 119 -0.124810  0.277541  0.000000 -0.091792 -0.386994  0.215443  0.170392 -0.249620 -0.068542 -0.374431 -0.262183  0.423164 -0.117856 -0.374431 -0.148998 -0.024188 -0.124810 -0.354913 -0.230103 -0.273808
