2	4.9235
3	4.3950
4	5.7444
5	5.9367
6	11.2995
7	8.3382
9	20.9652
10	24.0445
11	32.5329
13	29.2474
15	36.7119
16	33.3523
17	30.8010
18	35.9450
19	32.7598
20	30.9648
21	34.7694
22	32.4332
23	32.6411
24	31.6088
25	36.4925
26	32.2731
27	32.2503
28	34.2525
29	34.3616
30	33.1374
31	30.9260
32	29.2633
33	26.5844
34	26.9687
35	25.7502
36	25.8098
37	26.8847
38	30.4598
39	28.5565
40	27.3034
41	26.2348
42	25.7057
43	24.0912
44	24.9793
45	25.9354
47	32.9089
48	27.7165
49	30.6083
50	30.7029
51	27.5970
52	35.9054
53	32.9719
54	31.6377
55	28.0010
56	30.5460
57	33.0298
58	29.7325
59	35.3694
60	33.6206
61	31.6245
62	31.8769
63	29.5525
64	32.8172
65	22.4575
66	15.0025
67	12.8334
68	13.9900
69	13.2793
70	15.4815
71	14.6543
72	23.1392
73	25.7954
74	28.2158
75	26.8452
76	26.3184
77	25.9358
78	22.6693
79	35.8401
80	31.1534
81	30.5517
82	34.5846
83	34.5817
84	32.5186
85	37.4888
86	34.9967
87	36.1652
88	36.6038
89	38.7267
90	36.4416
91	33.5716
92	23.2629
93	38.5826
94	30.5758
95	32.0529
96	29.7873
97	33.4140
98	31.8174
99	30.8562
100	30.5105
101	26.2374
102	28.9880
103	27.9508
104	32.7617
105	33.1318
106	30.7703
107	31.0150
108	35.2010
109	32.0203
110	32.9172
111	36.0336
112	34.9496
113	30.9379
114	30.1988
115	38.8048
116	32.0294
118	32.5167
119	30.6275
120	33.6353
122	31.3848
123	35.6498
124	34.6389
125	27.3202
126	28.0184
127	27.4726
128	20.5360
129	11.8482
130	5.0566

