2	3.9239
3	3.0996
4	3.6030
5	4.6318
6	8.9876
7	5.7095
9	16.6542
10	17.4543
11	24.4411
13	23.4367
15	26.9973
16	27.4628
17	25.1003
18	26.3597
19	24.9897
20	24.5613
21	26.4535
22	25.3598
23	24.9578
24	24.0676
25	28.5154
26	26.4347
27	26.3994
28	26.4124
29	25.5656
30	25.8795
31	22.6220
32	23.1247
33	21.9556
34	21.5705
35	20.0702
36	19.6788
37	20.8943
38	21.7577
39	24.6126
40	22.6282
41	21.6456
42	20.7700
43	19.2465
44	17.9290
45	22.4832
47	25.8905
48	24.8665
49	22.7143
50	24.6050
51	22.4363
52	24.0587
53	26.2470
54	23.6785
55	21.1356
56	24.5164
57	25.7269
58	23.8852
59	25.9060
60	26.7893
61	25.8849
62	26.1838
63	23.4970
64	25.2361
65	17.2658
66	10.6781
67	10.2437
68	11.8526
69	10.4500
70	12.2353
71	12.3022
72	17.9264
73	20.4928
74	22.3967
75	20.8342
76	21.4649
77	20.5602
78	17.6121
79	26.1558
80	23.8826
81	23.1045
82	27.6509
83	27.4513
84	25.1119
85	28.8980
86	27.6249
87	28.2555
88	26.8160
89	29.0214
90	29.6501
91	27.6363
92	14.9761
93	32.3019
94	26.7598
95	24.1446
96	22.7793
97	24.2781
98	23.2937
99	24.8095
100	22.8101
101	19.2743
102	22.0383
103	20.7726
104	25.1102
105	24.9285
106	23.4189
107	24.2900
108	27.5298
109	24.4265
110	26.3336
111	28.0644
112	27.2506
113	23.7193
114	23.5573
115	29.4717
116	25.8761
118	24.9575
119	23.1488
120	26.6040
122	24.4846
123	26.8275
124	26.9378
125	24.1839
126	21.3240
127	21.8575
128	15.6059
129	9.1283
130	4.1440

