  175         A         R         N         D         C         Q         E         G         H         I         L         K         M         F         P         S         T         W         Y         V    
  1 G   1  0.000000 -0.225081  0.000000 -0.112540 -0.337621 -0.225081 -0.225081  0.675242 -0.225081 -0.450161 -0.450161 -0.225081 -0.337621 -0.337621 -0.225081  0.000000 -0.225081 -0.225081 -0.337621 -0.337621
  2 R   2 -0.124122  0.062373  0.029000  0.132816 -0.454582  0.225154  0.434627 -0.207905  0.015365 -0.379023 -0.349983  0.151745 -0.214172 -0.366801 -0.145974  0.002932 -0.124570 -0.363892 -0.229442 -0.272000
  3 K   3 -0.320176  0.256652  0.542675  0.053061 -0.783812  0.335542  0.290083 -0.247562  0.048122 -0.756796 -0.649506  0.276717 -0.358241 -0.748873 -0.388586  0.062768 -0.159194 -0.793830 -0.464447 -0.633683
  4 L   4 -0.157404 -0.499179 -0.647720 -0.806433 -0.355016 -0.432025 -0.601684 -0.893800 -0.690108  0.381255  0.414250 -0.458255  0.315630 -0.153466 -0.691264 -0.353674 -0.097869 -0.660526 -0.295893  0.326652
  5 L   5 -0.281009 -0.160924 -0.297329 -0.384002 -0.800560  0.302929  0.075280 -0.772418 -0.206021 -0.503004 -0.368171 -0.098702 -0.109579 -0.383341 -0.626560 -0.111798 -0.176574 -0.623653 -0.127307 -0.370311
  6 T   6 -0.298536 -0.572638 -0.500225 -0.717989 -0.625345 -0.345934 -0.444332 -0.945079 -0.260293 -0.031141 -0.196292 -0.483145 -0.137664 -0.130530 -0.760088 -0.319912  0.016353 -0.530257  0.221096  0.090143
  7 Y   7 -0.514384 -0.751028 -0.671665 -1.006357 -0.755576 -0.530239 -0.669791 -1.187219  0.404482  0.063791 -0.212044 -0.743276 -0.156396  0.154600 -1.016684 -0.644316 -0.400471 -0.455379  0.800554  0.115130
  8 Q   8 -0.179605 -0.378732 -0.482703 -0.693726 -0.713260 -0.311928 -0.349514 -1.056492 -0.755789 -0.005754 -0.206223 -0.256498 -0.120077 -0.713452 -0.699054 -0.203664  0.405049 -1.132479 -0.634634  0.225553
  9 V   9  0.177800 -0.958062 -1.016142 -1.006520 -0.500343 -0.675643 -0.666735 -1.032655 -1.090221  0.512143  0.061931 -0.697362  0.055665 -0.651236 -0.413289 -0.431038  0.014158 -1.307057 -0.650474  0.806625
 10 K  10 -0.383476  0.356346  0.050231 -0.125987 -1.214695  0.442526  0.310984 -0.668256 -0.230211 -1.167065 -0.974990  0.489807 -0.517713 -1.254599 -0.293074 -0.054789 -0.316271 -1.304634 -0.836586 -0.903808
 11 Q  11 -0.420377 -0.057530 -0.001639  0.035821 -1.251495  0.289324  0.394944 -0.707312 -0.121408 -1.157489 -1.064681  0.251152 -0.661014 -1.034990 -0.245286 -0.052188 -0.377783 -1.171453 -0.490793 -0.889823
 12 G  12 -0.293870 -0.499339  0.307152  0.174675 -1.397855 -0.282407 -0.044275  1.123888 -0.405529 -1.588945 -1.602750 -0.363978 -1.140378 -1.329370 -0.759927  0.061881 -0.616565 -1.203833 -1.134955 -1.257278
 13 D  13 -0.633649 -0.306498  0.446019  1.291455 -1.431480  0.316799  0.981362 -0.520667 -0.160054 -1.322424 -1.455783 -0.017113 -1.008219 -1.295642 -0.557899  0.063659 -0.331071 -1.526251 -1.018589 -1.139689
 14 T  14 -0.030418 -0.505534  0.032610 -0.384194 -0.665705 -0.325016 -0.361006 -0.756131 -0.730286 -0.715161 -0.711829 -0.363761 -0.526774 -1.037468 -0.059779  0.513047  1.375846 -1.164291 -0.902125 -0.352667
 15 L  15 -0.520971 -0.993919 -1.418105 -1.831485 -0.558288 -0.977200 -1.406494 -1.838150 -1.310649  0.802547  1.566181 -1.000989  0.843937  0.297092 -1.481236 -0.930406 -0.507735 -0.783685 -0.270016  0.368597
 16 N  16 -0.318616 -0.464769 -0.569066 -0.281617 -1.404229  0.125083  0.606026 -1.141170 -0.566362 -0.801024 -0.713023 -0.213220 -0.488620 -1.025542 -0.718717 -0.230834 -0.458700 -1.201384 -0.734802 -0.558831
 17 S  17 -0.126669 -0.508148 -0.225386  0.239927 -1.093611 -0.026249  0.191194 -0.762616 -0.565103 -0.936281 -0.932450 -0.149734 -0.478529 -1.047223 -0.771416  0.150912 -0.264998 -1.498246 -0.863371 -0.727079
 18 I  18 -0.566888 -1.537012 -1.670585 -1.806975 -0.632314 -1.481238 -1.623168 -2.127526 -1.545987  1.639222  1.182097 -1.489409  0.618226  0.273743 -1.643932 -1.105530 -0.563414 -1.313902 -0.319823  1.188335
 19 A  19  1.707115 -0.632895 -0.782023 -0.936625 -0.309609 -0.572333 -0.582835  0.402349 -1.068208 -0.833498 -0.830570 -0.571326 -0.685229 -1.197912 -0.656503  0.663642 -0.078528 -1.619317 -1.199715 -0.344287
 20 A  20 -0.065019  0.757851 -0.122979 -0.323936 -1.473392  0.470034  0.674400 -0.854858 -0.324737 -1.386835 -1.143073  0.646693 -0.675087 -1.497834 -0.794054  0.000210 -0.368284 -1.655869 -1.068990 -1.049790
 21 D  21 -0.583894  0.876156  0.013487 -0.348686 -1.581504  0.648681  0.350446 -1.059381  0.188097 -1.518592 -1.189404  0.778939 -0.607800 -1.325912 -0.882264 -0.226101 -0.545609 -1.427346 -0.649262 -1.277500
 22 F  22 -1.071887 -1.227598 -1.149856 -1.547198 -1.165219 -1.003235 -1.256830 -1.627661  0.409942 -0.367395 -0.328678 -1.270137 -0.306185  1.992385 -1.845908 -1.010205 -1.015955  0.455215  2.312301 -0.614624
 23 R  23 -0.744337 -0.138044  0.749275  0.482745 -1.652076  0.213347  0.226066 -0.200649  0.640843 -1.725774 -1.715214 -0.145502 -1.097513 -1.440721 -0.894042 -0.003977 -0.633803 -1.672900 -0.803093 -1.547626
 24 I  24 -0.362095 -1.118011 -1.362547 -1.662429 -0.690086 -0.800556 -1.210852 -1.842383 -1.481001  0.939841  0.860049 -0.964792  0.940221 -0.410426 -1.206899 -0.795292 -0.102408 -1.311919 -0.686909  0.966636
 25 S  25 -0.076049 -0.924338  0.042743 -0.052435 -1.434711 -0.720459 -0.601906  1.588246 -1.010842 -1.843891 -1.892150 -0.774803 -1.373151 -1.649769 -0.786791  0.295703 -0.476078 -1.525320 -1.603901 -1.432496
 26 T  26 -0.706513 -0.948570 -1.193761 -1.360438 -1.180168 -0.571306 -0.754656 -1.707188 -0.533255 -0.184843 -0.064578 -0.875490 -0.095664  0.272411 -1.302251 -0.836270 -0.643452 -0.469297  0.629262 -0.210437
 27 A  27 -0.338700 -0.486807 -0.107686 -0.266600 -1.256289 -0.044013 -0.091916 -0.860017 -0.665636 -0.876691 -0.675740 -0.346873 -0.430228 -1.147591 -0.988731  0.036664 -0.279397 -1.573902 -0.948151 -0.768667
 28 A  28 -0.202718 -0.485253 -0.218548 -0.276328 -1.388770  0.068268  0.293772 -0.898680 -0.461176 -1.003025 -0.830771 -0.301970 -0.586602 -1.002785 -1.015395 -0.093303 -0.447394 -1.492709 -0.699047 -0.772151
 29 L  29 -0.566682 -1.276792 -1.677693 -2.122923 -0.648240 -1.111901 -1.657117 -2.237714 -1.692989  1.311938  1.709826 -1.242617  1.325835 -0.041907 -1.688811 -1.070985 -0.556252 -1.253654 -0.607865  0.915815
 30 L  30 -0.298968 -0.437883 -0.957061 -1.419884 -0.965872 -0.450257 -0.776932 -1.575190 -1.046611 -0.056746  0.258541 -0.267226  0.257708 -0.729333 -1.188669 -0.485554 -0.325126 -1.380041 -0.633178 -0.004742
 31 Q  31  0.227519  0.003852 -0.451564 -0.516524 -1.275530  0.274307  0.379603 -0.941408 -0.586991 -1.044869 -0.820059  0.076462 -0.486701 -1.335567 -0.914806  0.013070 -0.396242 -1.693663 -0.977960 -0.701868
 32 A  32  1.230681 -0.785799 -1.283277 -1.501224 -0.342851 -0.723414 -0.930313 -0.864840 -1.325917 -0.063736  0.166431 -0.770415 -0.047789 -0.836505 -1.045586  0.071013 -0.169897 -1.667237 -0.976881  0.146748
 33 N  33 -1.120027 -0.096074  3.113620  0.400301 -1.792858 -0.058912 -0.070142 -0.172222  0.454953 -1.703803 -1.689580 -0.085955 -1.096314 -1.735895 -1.169209  0.488777 -0.050192 -2.361825 -1.172351 -1.677045
 34 P  34 -0.657204 -0.891426 -0.901327 -0.655828 -1.930612 -0.455070 -0.538302 -1.175676 -1.060527 -1.883193 -1.818397 -0.387873 -1.181408 -2.300438  3.139187 -0.527210 -0.641987 -2.411920 -1.681035 -1.331672
 35 S  35 -0.219338 -0.867791  0.020249 -0.264215 -1.648647 -0.661066 -0.550375  0.999549 -0.932120 -1.672840 -1.670300 -0.710435 -1.237045 -1.613306 -1.151620  0.028872 -0.615097 -1.719763 -1.493195 -1.304490
 36 L  36 -0.029641 -1.402016 -1.468717 -1.508754 -0.933729 -0.991614 -0.984014 -1.711629 -1.580720  0.756386  0.170832 -1.003875  0.143350 -0.849825 -1.178293 -0.723066 -0.123027 -1.890454 -0.879695  1.061951
 37 Q  37 -0.899232 -0.846731  0.622776  2.264144 -1.879208  0.145073  0.814891 -0.727045 -0.595762 -1.906299 -2.220787 -0.360949 -1.549723 -2.010349 -0.465713  0.199989 -0.472425 -2.548760 -1.781782 -1.765415
 38 A  38 -0.332689 -1.315792 -1.393957 -1.223580 -1.505517 -0.944310 -1.003416 -1.444551 -1.342226 -0.905356 -0.980245 -0.945302 -0.675514 -1.154950  1.213326 -0.602532 -0.447518 -1.997765 -1.122454 -0.547130
 39 G  39 -0.771141 -1.201526 -1.040938 -1.225178 -1.440058 -0.823407 -0.992275 -1.151253 -0.718463 -1.276216 -1.167853 -1.028950 -0.777445 -0.000858 -1.557935 -0.617577 -0.660928  0.547451  0.351295 -1.147842
 40 L  40 -0.574207 -1.024142 -1.465113 -1.896389 -1.090773 -0.974708 -1.305684 -2.200653 -1.549271  0.652839  0.952487 -0.878010  0.521331 -0.632873 -1.632962 -1.040327 -0.503183 -1.709528 -0.811443  0.518171
 41 T  41 -0.600576 -1.010814 -1.274558 -1.091978 -1.872573 -0.541977 -0.706490 -1.583740 -1.337747 -1.377901 -1.290797 -0.427706 -0.826391 -2.089688  2.065803 -0.661108 -0.665791 -2.402614 -1.562960 -0.891337
 42 A  42  0.171097 -0.757536 -0.682933 -0.607309 -1.685372 -0.446704 -0.323323 -0.135812 -1.101487 -1.666013 -1.664697 -0.363176 -1.169941 -1.951197 -0.084816 -0.098993 -0.657091 -2.207867 -1.552834 -1.088114
 43 G  43 -0.062139 -1.029394 -0.360569 -0.464359 -1.888947 -0.649883 -0.546883  0.810976 -1.278921 -2.077109 -2.106584 -0.768464 -1.479070 -2.140135 -0.238513  0.109655 -0.398899 -2.063573 -1.889927 -1.444226
 44 Q  44 -0.468316 -0.391030 -0.007692  0.001497 -2.021197  0.422826  0.469478 -0.493704 -0.812637 -1.867502 -1.707890 -0.107937 -1.007958 -1.946347 -1.055085  0.128503 -0.150443 -1.946525 -1.492270 -1.338965
 45 S  45 -0.484927 -0.639255 -0.950051 -1.335342 -1.507428 -0.377684 -0.629010 -1.841263 -1.029243 -0.536592 -0.500606 -0.378451 -0.256765 -0.858493 -1.328424 -0.423379 -0.162196 -1.640048 -0.579759 -0.304297
 46 I  46 -0.489084 -1.223055 -1.762229 -2.166064 -1.153882 -1.232295 -1.535160 -2.319284 -1.815126  0.998865  0.651952 -1.132777  0.419389 -0.760822 -1.789212 -1.163121 -0.431770 -1.968908 -0.918395  0.992741
 47 V  47 -0.523955 -0.893427 -1.549215 -1.940668 -1.258813 -1.029654 -1.309588 -2.286126 -1.636563  0.475720  0.262600 -0.881332  0.153309 -0.911281 -1.569808 -0.978810 -0.319760 -1.857383 -0.947816  0.491033
 48 I  48 -0.437795 -1.259780 -1.404646 -1.403717 -1.343755 -0.637035 -0.931942 -2.002050 -1.473132 -0.174379 -0.512771 -0.932145 -0.236790 -1.562029  0.009208 -0.720631 -0.432280 -2.392029 -1.279485  0.129619
 49 P  49 -0.251836 -1.017394 -0.794665 -0.977818 -1.577602 -0.514710 -0.624672 -1.397087 -1.159697 -0.852639 -0.976652 -0.732694 -0.615044 -1.701879  0.041714 -0.243447 -0.193309 -2.364331 -1.380686 -0.484870
 50 G  50 -0.386481 -0.407389 -0.408449 -0.730139 -1.868873  0.351142 -0.096627 -1.164581 -0.897543 -1.347365 -1.387951 -0.227635 -0.663423 -2.029713 -0.234447 -0.227689 -0.270271 -2.314391 -1.400379 -0.756411
 51 L  51 -0.476294 -1.198952 -1.436710 -1.774161 -1.298556 -0.957267 -1.260890 -1.826476 -1.263779  0.056340  0.149885 -1.088391  0.212156 -0.293798 -1.561575 -0.839849 -0.661145 -1.501127 -0.375343  0.065987
 52 P  52 -0.542242 -1.607037 -1.533426 -1.564177 -1.405682 -1.215232 -1.358059 -1.844566 -1.310509 -0.017557 -0.314263 -1.352555 -0.366663 -0.748087 -0.464645 -0.858647 -0.682920 -1.820715 -0.449822  0.020181
 53 D  53 -0.698560 -0.935074 -0.736620 -1.086647 -1.579183 -0.638046 -0.836124 -1.920794 -1.349765 -0.501511 -0.008696 -0.674535 -0.153888 -1.270686 -1.019252 -0.582999 -0.518135 -2.258205 -1.263078 -0.550765
 54 P  54 -0.521924 -0.994496 -0.991592 -0.857096 -2.128213 -0.567747 -0.634869 -1.084919 -1.387437 -2.016604 -1.918493 -0.514832 -1.291664 -2.554007  2.272493 -0.389948 -0.344646 -2.695958 -2.003239 -1.361569
 55 Y  55 -0.727559 -0.708206  0.032761  0.401121 -2.146427 -0.110853  0.161273 -1.000676 -0.839265 -1.935244 -1.950288 -0.216060 -1.315200 -2.134379 -0.135260 -0.093844 -0.521739 -2.605937 -1.710556 -1.555251
 56 T  56  0.130587 -0.685361 -0.633877 -0.687824 -1.621494 -0.216176  0.097334 -1.105429 -1.005198 -1.255541 -1.327705 -0.324802 -0.902490 -1.619119 -0.989130  0.141577  0.284053 -2.120298 -1.229866 -0.634477
 57 I  57 -0.136656 -0.916689 -0.906169 -0.815423 -1.926319 -0.410287 -0.293565 -1.090674 -1.380088 -1.553079 -1.556102 -0.297465 -1.026005 -2.298776  0.779265 -0.172594 -0.404679 -2.685813 -1.875059 -0.939847
 58 P  58 -0.746689  0.085684 -0.860675 -0.987687 -2.397068 -0.252260 -0.392743 -1.403690 -0.715201 -2.229437 -2.069380 -0.076371 -1.308156 -2.499192  1.090952 -0.690254 -0.791394 -2.513184 -1.689431 -1.718445
 59 Y  59 -0.563830 -0.780796 -0.607291 -0.868174 -2.309739 -0.371106 -0.190866 -0.228294 -0.847226 -1.782540 -1.771409 -0.452350 -1.196044 -1.646405 -1.452019 -0.420101 -0.814430 -1.927894 -1.003781 -1.206150
 60 H  60 -0.310299 -0.424675 -0.171444 -1.114581 -2.072680 -0.718513 -0.927838  0.556582 -1.052436 -2.298629 -2.075321 -0.661915 -1.438340 -2.080993 -1.583327  0.174173  0.218415 -1.799825 -1.738820 -1.724429
 61 I  61 -0.821190 -2.788272 -2.917334 -3.027102 -0.990943 -2.657388 -2.770199 -3.763368 -2.919412  3.493164  2.009786 -2.661973  1.092358 -0.152954 -2.797686 -1.919862 -0.858946 -2.829207 -0.999967  2.780777
 62 A  62 -0.350825 -2.377157 -2.311612 -2.254185 -1.331551 -1.605624 -1.418262 -2.879491 -2.319164  1.943470  0.613291 -1.726572  0.485143 -0.938709 -2.058994 -1.493501 -0.259278 -2.760578 -0.970114  2.393206
 63 V  63 -0.319822 -2.780044 -2.892256 -2.946320 -0.938281 -2.378629 -2.430100 -3.315416 -2.892256  3.154324  1.491424 -2.376037  0.926418 -0.520306 -2.435285 -1.813227 -0.521312 -2.901527 -1.036434  3.097760
 64 S  64 -1.542084 -0.718793  2.956951  2.328280 -2.691746  0.038085  0.684350 -0.570438  0.087075 -2.735415 -3.040807 -0.293782 -2.087963 -2.677931 -1.504229  0.772972 -0.348553 -3.626590 -2.109214 -2.698422
 65 I  65 -0.623479 -0.970001 -1.476191 -2.263147 -1.478938 -1.148182 -1.493696 -2.774940 -2.156586  0.236976  0.677876 -0.488848  0.246946 -1.328776 -1.637650 -0.692795  0.440834 -2.471726 -1.509932  0.303873
 66 G  66  0.958555 -0.694337 -0.621685 -0.799690 -1.543623 -0.374893 -0.386450 -0.444324 -1.340262 -1.974663 -1.857550 -0.295840 -1.280744 -2.354545 -0.301781  0.782053 -0.149265 -2.894827 -1.987584 -1.333232
 67 A  67 -0.550998 -0.038157  0.571300  0.778568 -2.801673  0.838081  1.995665 -1.318173 -0.284212 -2.492330 -2.428183  0.456538 -1.600524 -2.625207 -1.224825  0.356349 -0.252505 -2.932671 -1.865876 -1.825563
 68 K  68 -1.083632  1.148806 -0.200249 -1.757150 -2.268924  0.279903 -0.568865 -2.055956 -0.177008 -1.652402 -0.827343  0.542855 -0.005727 -1.646404 -1.952585 -0.654091 -0.841545 -2.230311 -0.966314 -1.575559
 69 T  69 -1.002999  1.858182 -0.590243 -1.784033 -2.461767  0.406197 -0.357075 -2.207218 -0.363106 -1.921677 -1.327230  0.714975 -0.624520 -1.475337 -1.988238 -0.804977 -0.603141 -2.056662 -0.775481 -1.768614
 70 L  70 -0.837509 -2.034694 -2.893837 -3.738928 -0.962584 -1.918480 -2.799776 -3.761684 -2.905235  1.989242  3.477299 -1.948540  1.871738 -0.121945 -2.810742 -1.886675 -0.871692 -2.064242 -1.006452  1.233056
 71 T  71 -1.148668 -1.413180 -1.546192 -2.396176 -1.793510 -0.913867 -1.544417 -2.420630  0.679375 -1.000938 -0.952271 -1.472960 -0.849752  1.378695 -2.488479 -1.195290 -0.976888  0.323099  3.642891 -0.867072
 72 L  72 -0.896286 -2.051860 -2.416149 -3.113328 -1.395015 -1.532534 -2.203057 -2.972818 -0.742824  0.541601  0.831059 -1.928296  0.270531  1.087614 -2.688728 -1.698596 -1.201591 -0.557353  2.054162  0.401659
 73 S  73 -1.334976 -2.344358 -2.421619 -2.862511 -1.657873 -1.792478 -2.213119 -2.915370 -0.570124  0.404207  0.035747 -2.126681 -0.050171  2.160024 -2.905216 -1.806599 -1.304679  0.017442  2.700850  0.281225
 74 L  74 -0.867305 -0.427502 -0.560402 -0.306989 -2.588647  0.372736  0.373092 -1.825123 -0.950876 -2.150636 -1.830571  0.019742 -1.038739 -2.542817  0.413736 -0.349300 -0.755026 -2.884991 -1.815288 -1.643711
 75 N  75 -0.883049 -0.803141  0.859259  0.968433 -2.864800 -0.105193  0.502723  0.248498 -0.770302 -3.010466 -3.052770 -0.086103 -2.103375 -2.932526 -0.564095  0.177300 -0.923428 -3.150173 -2.360874 -2.430697
 76 N  76 -0.730060 -1.244549  1.238566  0.519168 -2.856051 -0.831635 -0.475399  2.308596 -1.008370 -3.281160 -3.393932 -0.949119 -2.434367 -2.883794 -1.430021  0.278377 -1.115308 -2.833939 -2.544204 -2.691706
 77 R  77 -0.643676  0.195641  0.394728 -0.685848 -2.626928  0.216252  0.001975 -0.033094 -0.904908 -2.501478 -2.235633  0.710856 -1.333121 -2.587780 -1.524134  0.068923 -0.747857 -2.666092 -1.927826 -1.868148
 78 V  78 -0.688636 -0.572409 -1.496867 -2.103439 -1.743639 -0.519914 -1.021375 -2.628261 -1.657490 -0.168696  0.129309 -0.328463  0.217585 -1.375799 -1.608181 -0.927618 -0.293698 -2.302625 -1.181309  0.051352
 79 M  79  0.486648 -2.148741 -2.475184 -2.616524 -0.929493 -1.564840 -1.766820 -2.447681 -2.334394  1.533289  0.653279 -1.715326  0.449736 -0.837940 -1.975954 -1.131394 -0.306565 -2.567915 -0.876912  1.980710
 80 K  80 -0.272125 -0.181413 -1.183757 -1.848380 -1.763674 -0.445765 -0.760393 -2.060618 -1.126232 -0.626675 -0.492150  0.016842 -0.105042 -1.435547 -1.830013 -0.616281 -0.671878 -2.405307 -1.081845 -0.367388
 81 T  81 -0.166271 -0.040803 -0.651921 -1.519880 -1.615049 -0.402140 -0.701004 -1.930049 -1.454088 -0.655198 -0.885040 -0.247080 -0.426436 -1.901385 -1.570068  0.029959  0.894010 -2.660318 -1.612209 -0.157320
 82 Y  82 -1.781665 -2.109115 -2.151944 -2.914707 -1.900216 -1.407905 -2.120869 -2.936508  1.039872 -0.637096 -0.543820 -2.110463 -0.630893  3.090029 -3.072521 -1.858816 -1.803785  1.301108  5.213391 -0.855687
 83 P  83 -0.558696 -1.661486 -1.340117 -0.996116 -2.733548 -1.038068 -1.060770 -0.407619 -1.810033 -2.911798 -2.905730 -1.017698 -1.990698 -3.480934  3.975648 -0.534361 -0.931701 -3.407072 -2.762460 -2.000363
 84 I  84 -0.072627 -2.708712 -2.791340 -2.852448 -0.788925 -2.242987 -2.286314 -3.080689 -2.794435  2.802102  1.187449 -2.249851  0.769506 -0.701084 -2.289929 -1.626001 -0.346899 -2.902768 -1.090794  2.956740
 85 A  85  1.236468 -1.436479 -0.467021 -1.177439 -1.665400 -1.359816 -1.373070  2.748456 -1.852102 -2.596660 -2.587721 -1.350877 -1.973922 -2.479463 -1.499052  0.807349 -0.447311 -2.382688 -2.470524 -1.733291
 86 V  86 -0.416342 -2.619055 -2.534706 -2.718599 -0.985118 -2.187458 -2.264249 -3.164779 -2.784625  2.641356  1.222356 -2.197074  0.775695 -0.692723 -2.234848 -1.475565 -0.009843 -2.799843 -1.146385  2.678839
 87 G  87  0.003978 -1.962600 -0.059849 -0.999779 -2.911968 -1.936686 -1.918636  5.607240 -1.940563 -3.839534 -3.839534 -1.942703 -2.874243 -2.814710 -1.950976  0.015204 -1.920763 -1.964337 -2.850824 -2.891241
 88 K  88 -0.621612  1.868199  0.133688 -0.909200 -2.491834  0.937115  0.495897 -1.639913 -0.644453 -2.488473 -1.825177  1.985077 -0.884975 -2.636380 -1.349579  0.173287 -0.338592 -2.777042 -1.845333 -2.000252
 89 I  89 -0.352950 -0.995472 -0.901497 -0.367981 -2.163439 -0.092257  0.270542 -1.667464 -1.341822 -1.497958 -1.449672 -0.438224 -0.857934 -2.170431 -0.068716 -0.152511 -0.479773 -2.767066 -1.821068 -1.012017
 90 L  90 -0.286681 -1.391013  0.056080  0.241022 -2.655641 -0.848455 -0.328677  2.193288 -1.364534 -3.013877 -3.055140 -1.011665 -2.240703 -2.649972 -1.515928  0.227191 -1.189020 -2.528360 -2.451652 -2.355191
 91 T  91 -1.082912 -0.857088 -1.005515 -1.770715 -1.844867 -0.951656 -1.239108 -1.885629 -0.946861 -1.592323 -1.224227 -0.899838 -0.709463 -0.200308 -2.237967 -0.517154  0.184484  0.333434 -0.188806 -1.443456
 92 Q  92 -0.616400 -0.902128 -0.851894 -0.278672 -2.493767  0.004720  0.290401 -1.423398 -1.109919 -2.326181 -2.165124 -0.297960 -1.365977 -2.621355  1.381173 -0.312537 -0.795960 -2.613207 -1.928093 -1.689822
 93 T  93 -0.166420 -1.233464 -0.421137 -1.176245 -1.133762 -0.966099 -1.043002 -1.689407 -1.808834 -1.257280 -1.178748 -1.080499 -0.941733 -1.566375 -1.374814  0.842636  3.117086 -0.778690 -1.489703 -0.606821
 94 P  94 -0.966920 -1.778659 -1.841257 -1.102619 -2.520931 -0.934128 -1.001919 -1.761724 -1.748004 -2.520876 -2.472727 -0.984686 -1.621197 -3.109045  5.092717 -0.957298 -0.907510 -2.534298 -2.261836 -1.733712
 95 T  95 -0.240757 -1.100292 -0.927382 -1.291723 -1.607629 -0.651473 -0.590058 -1.975530 -1.560149 -0.526750 -0.577103 -0.763804 -0.413809 -1.626001 -1.250840  0.028942  0.431953 -2.584253 -1.526872 -0.206404
 96 G  96 -0.249777 -1.820564 -0.244227 -1.185547 -2.689690 -1.662318 -1.855098  4.148544 -1.878301 -3.327911 -3.213250 -1.774237 -2.095449 -2.556304 -1.708817 -0.164877 -1.662349 -1.578739 -2.541486 -2.502448
 97 E  97 -0.598979 -0.705170 -0.417084 -0.673727 -1.961267 -0.280200 -0.049975 -1.926300 -1.286217 -1.017458 -1.236091 -0.341846 -0.764000 -1.921690 -1.483191 -0.110724  0.578012 -2.322074 -1.539195 -0.492954
 98 F  98 -0.848345 -1.683839 -1.656482 -2.163216 -1.610272 -1.343190 -1.671336 -2.268467 -0.745124 -0.795313 -0.651605 -1.622346 -0.355040  1.146773 -2.318076 -0.793845 -0.014104 -0.131327  0.866348 -0.721606
 99 Y  99 -0.534844  0.495638 -0.288659 -1.070709 -2.073440  0.178305 -0.007102 -1.853258 -0.899086 -1.806356 -1.486899  0.912435 -0.842506 -2.020716 -1.405281  0.182064  0.433948 -2.257387 -1.387621 -1.265866
100 I 100 -0.396165 -2.742683 -2.791700 -2.841667 -1.001505 -2.320370 -2.357742 -3.305329 -2.844845  3.057382  1.335733 -2.318815  0.884003 -0.581594 -2.337887 -1.747143 -0.458666 -2.920363 -1.070261  3.019476
101 I 101 -0.241245 -1.142258 -1.012153 -1.528563 -1.515101 -0.812833 -0.993348 -1.880407 -1.741548 -0.137646 -0.391010 -0.750921 -0.207868 -1.516893 -1.721105 -0.140964  0.311261 -2.517591 -1.464681  0.158075
102 N 102 -0.496519  0.437922  0.459043 -0.429826 -2.430180  0.736578  0.451842 -0.924546 -0.399160 -2.319137 -2.029494  0.186532 -1.031722 -2.386797 -1.532290  0.157365 -0.501403 -2.529458 -1.602306 -1.841019
103 R 103 -0.950629  1.556660 -0.428191 -1.413012 -2.636505  0.564414  0.336761 -2.197504 -1.132934 -2.063833 -1.357595  3.490875 -0.404047 -2.510257 -1.283409 -0.361474 -0.950629 -2.828942 -1.803356 -1.354879
104 Q 104  0.081465 -0.328914 -1.142770 -1.313074 -1.859753 -0.138002 -0.399333 -1.734578 -1.302892 -1.094262 -1.166717 -0.094234 -0.646495 -1.999157 -0.868048 -0.396268 -0.567532 -2.746285 -1.464567 -0.557605
105 R 105 -0.595356 -0.403431 -1.109093 -0.857397 -2.618175 -0.097018  0.178462 -1.810616 -1.233768 -2.130286 -2.029839  0.328493 -1.228183 -2.821234  1.484460 -0.549243 -0.807109 -3.130335 -2.042418 -1.366489
106 N 106 -1.358249 -1.168361  1.178244 -0.349242 -2.616339 -0.756705 -0.789184  0.631030 -0.379464 -2.940092 -2.801495 -1.065497 -1.842132 -1.974888 -2.087188 -0.174359 -0.952248 -0.665400 -1.271733 -2.619208
107 P 107 -1.033354 -1.852027 -1.870718 -1.173444 -2.821716 -0.945526 -1.042908 -1.819388 -1.686540 -2.822426 -2.741097 -1.038761 -1.808174 -3.408662  5.310075 -1.004700 -1.036034 -2.999488 -2.415663 -1.964439
108 G 108 -1.124265 -0.967124  1.482543  1.645705 -2.803440 -0.287568  0.444143  0.433509 -0.555768 -2.895231 -3.137164 -0.534489 -2.218164 -2.763515 -1.399313  0.262321 -0.759613 -3.189474 -2.332393 -2.524908
109 G 109 -1.376065 -0.489407  4.145470  0.397741 -2.762519 -0.398836 -0.420050  0.825027  0.182409 -2.853634 -2.883459 -0.424263 -1.918747 -2.806615 -1.875503  0.786693 -0.297742 -3.420208 -2.092469 -2.637226
110 P 110 -0.820995 -1.825110 -1.728995 -0.966990 -2.805679 -0.916261 -0.890090 -1.533100 -1.861424 -2.748043 -2.770167 -0.925505 -1.841802 -3.623079  5.549568 -0.840008 -0.968483 -3.655598 -2.743418 -1.810873
111 F 111 -1.007585 -2.033197 -2.654034 -3.402434 -1.169541 -1.714389 -2.593729 -3.380275 -2.381900  1.478273  2.442724 -1.914257  1.935663  0.628938 -2.774368 -1.746194 -1.011664 -1.420905 -0.347860  0.954602
112 G 112 -0.013391 -1.973679 -0.059503 -1.030410 -2.904817 -1.947276 -1.964102  5.674687 -1.960488 -3.794619 -3.815340 -1.958089 -2.837209 -2.877023 -1.971125 -0.033455 -1.929133 -1.958921 -2.863832 -2.823382
113 A 113  0.595721 -0.795493 -0.770738 -1.103048 -1.468164 -0.538630 -0.500220 -1.177403 -1.423443 -1.356587 -1.191565 -0.526301 -0.867932 -2.055944 -0.717589  0.458213  0.404179 -2.709703 -1.796419 -0.797450
114 Y 114 -1.179471  1.294237 -0.967032 -2.330951 -2.290196 -0.248286 -0.996005 -2.396133  0.432500 -1.488249 -1.120429 -0.085304 -0.591583 -0.588265 -2.349062 -1.316454 -1.186009 -1.469904  0.638679 -1.508461
115 W 115  0.812791 -1.786615 -2.691831 -2.763042 -0.950648 -1.375476 -1.809376 -0.872477 -1.908989 -1.724684 -1.332170 -1.725484 -0.868037 -0.652191 -2.246967 -0.730698 -0.871107  2.544377 -0.253692 -1.177519
116 L 116 -1.013441 -1.903420 -2.562799 -3.279019 -1.049636 -1.555908 -2.561560 -3.557198 -2.531683  2.026610  2.594676 -1.892110  2.564850  0.105963 -2.641325 -1.623107 -1.001416 -1.849488 -0.889725  1.394641
117 S 117 -0.819712 -0.439805 -0.600447 -1.243124 -2.425740 -0.435192 -0.873827 -0.023656 -0.223230 -2.358089 -2.167604 -0.784659 -1.522912 -1.072470 -2.022179 -0.606711 -1.275533 -1.229236  0.365429 -1.964991
118 L 118 -1.052486 -2.132464 -2.865903 -3.663710 -1.087772 -2.115864 -2.887265 -3.777549 -2.716939  1.851010  3.185160 -2.125502  1.585714  0.503796 -2.987364 -1.883443 -0.895827 -1.737842 -0.599761  0.948560
119 S 119 -0.103595 -1.372447  0.494967 -0.535350 -1.988886 -0.900398 -0.912344  1.271999 -0.825579 -2.478071 -2.496232 -1.022502 -1.719587 -1.602766 -1.709555  1.124611 -0.446261 -2.005778 -1.268892 -2.133353
120 K 120 -0.832804 -0.120998 -0.392197 -1.057775 -2.298412 -0.050642 -0.258676 -1.040176 -0.923225 -2.053806 -1.717128  0.295125 -0.969421 -1.763504 -1.766260 -0.268999 -0.841011 -1.238842 -1.147733 -1.679909
121 Q 121 -0.387800 -1.170086 -0.067062 -0.403676 -2.387683 -0.798928 -0.718521  0.754922 -1.446383 -2.701949 -2.680160 -0.780717 -1.879655 -2.807536  0.409276  0.207136 -0.308439 -2.730105 -2.420558 -1.985107
122 H 122 -0.526070 -1.203790 -0.249880 -0.886151 -1.901902 -0.657329 -0.664069 -0.547781 -0.905235 -1.357528 -1.293126 -0.943921 -0.871517 -1.735970 -1.713153  0.034395 -0.308395 -2.297500 -1.438346 -1.054488
123 Y 123 -1.802625 -2.139268 -2.145511 -2.957417 -1.845456 -1.350908 -2.142768 -3.046464  1.119923 -0.350719 -0.526220 -2.128592 -0.648423  2.741239 -3.005519 -1.946321 -1.812366  1.231817  5.509485 -0.515890
124 G 124  0.081881 -0.452454 -0.984504 -2.011146 -2.094042 -1.241790 -1.664427  1.115777 -1.740065 -1.956537 -1.336772 -1.051205 -1.122983 -1.945546 -2.095020 -0.530233 -1.281833 -2.221273 -2.015001 -1.642803
125 I 125 -1.017407 -2.840912 -2.948451 -3.055991 -1.034192 -2.809557 -2.931666 -3.872822 -2.855416  3.518190  2.051465 -2.824127  1.092404  0.262322 -2.978184 -1.960778 -1.017407 -2.654840 -0.801602  2.578656
126 H 126 -1.965123  0.051120  0.977450 -0.997898 -2.963021  0.010224  0.000000 -1.975347  7.819597 -2.963021 -2.952797 -0.957002 -1.965123 -1.008122 -1.975347 -0.987674 -1.965123 -1.985571  1.934451 -2.963021
127 G 127  0.098713 -1.939754 -0.027526 -0.994160 -2.870795 -1.925201 -1.925201  5.712482 -1.960794 -3.858468 -3.858468 -1.925201 -2.891835 -2.927428 -1.939754  0.079254 -1.889607 -2.010941 -2.927428 -2.885348
128 T 128  0.103648 -0.983165  0.154113 -0.891897 -1.036992 -0.908280 -0.908280 -1.641325 -1.844297 -1.142642 -1.142642 -0.908280 -1.034822 -2.008283 -1.020609  1.198114  4.362969 -2.104228 -1.989561 -0.248574
129 N 129 -1.430803 -0.581794  3.237355  0.322875 -2.632200 -0.303477 -0.298035 -0.689359  0.101654 -2.520379 -2.558719 -0.366786 -1.729429 -2.712651 -0.516394  0.548208 -0.033221 -3.526224 -1.834499 -2.317093
130 N 130 -0.513644  0.232071  0.167581  0.015484 -2.513134  0.702889  1.036708 -1.440327 -0.523947 -2.364004 -2.076537  0.821723 -1.243601 -2.403447 -1.369173  0.058528 -0.598335 -2.511976 -1.628318 -1.772004
131 P 131 -1.089500 -1.484610 -1.027022 -0.398728 -2.890401 -0.625006 -0.429283 -1.750487 -1.337835 -2.819520 -2.837511 -0.716998 -1.893047 -3.419658  4.278977 -0.695393 -0.870719 -3.461407 -2.488564 -2.046104
132 A 132 -1.076806 -1.529319 -0.960867 -0.853229 -2.106676 -0.651781 -0.534050 -1.336850 -0.736855 -2.034949 -1.867486 -1.167152 -1.143372 -0.116700 -2.214173 -0.298482 -0.967972  0.583452  0.039724 -1.954424
133 S 133  0.114551 -1.089895  0.125827 -0.813404 -1.781818 -0.768463 -0.830176  0.844368 -1.352975 -2.166139 -1.992510 -0.642235 -1.352574 -1.946397 -1.501337  1.321525  0.246550 -2.227971 -1.863424 -1.746535
134 I 134 -0.812279 -2.872603 -2.904672 -2.934532 -0.996458 -2.674923 -2.720493 -3.681998 -2.867511  3.555494  1.762716 -2.692841  1.009784 -0.074906 -2.745699 -1.933420 -0.812279 -2.804907 -0.899139  2.955059
135 G 135 -0.044327 -1.864584  0.066518 -0.843521 -2.868837 -1.807741 -1.782316  5.283523 -1.839011 -3.781470 -3.787071 -1.791412 -2.819095 -2.824545 -1.929120  0.111741 -1.817642 -2.031215 -2.782884 -2.876159
136 K 136 -0.657570  0.369456 -0.725970 -1.710543 -1.948471  0.261724 -0.511911 -2.074519 -1.137207 -1.317962 -0.530849  0.767427  0.323576 -1.710764 -1.607328 -0.277232 -0.137929 -2.075418 -1.329956 -0.919052
137 A 137  0.090382  0.618243 -0.450011 -1.350653 -1.896223 -0.086964 -0.474533 -1.417794 -0.547091 -1.889048 -1.558540  0.009465 -1.000273 -1.749031 -1.316791 -0.077871 -0.358563 -2.448654 -1.093021 -1.534701
138 V 138  0.589434 -2.075003 -2.095783 -2.194788 -1.045198 -1.351829 -1.320596 -2.060910 -2.328067  1.237484  0.149448 -1.476275  0.303739 -1.276433 -1.745471 -0.818333 -0.061795 -2.820732 -1.313843  1.946556
139 S 139  0.909247 -0.987674  0.909247 -0.073848 -0.987674 -0.073848 -0.073848 -0.143118 -1.056944 -1.901499 -1.901499 -0.073848 -0.987674 -1.970769 -0.987674  3.719993  1.255597 -2.884594 -1.970769 -1.832229
140 K 140 -0.645128 -0.198937  0.800648 -0.674297 -2.179059  0.079709 -0.073000 -1.100132  2.764591 -2.406675 -2.245940 -0.311220 -1.377643 -1.637464 -1.604443  0.652032 -0.779304 -2.464902 -0.191064 -2.283665
141 G 141 -0.032482 -1.942866  0.097445 -0.955192 -2.963021 -1.942866 -1.942866  5.828597 -1.926625 -3.934454 -3.934454 -1.942866 -2.946780 -2.963021 -1.975347  0.016241 -1.942866 -2.007829 -2.946780 -2.963021
142 C 142  0.016241 -2.930539 -2.898058 -2.914299  8.726655 -2.914299 -3.885731 -2.914299 -2.930539 -1.003915 -1.003915 -2.914299 -0.987674 -1.975347 -2.930539 -0.906469 -0.955192 -1.991588 -1.975347 -1.003915
143 I 143 -0.812955 -2.891049 -2.933182 -2.980606 -1.052547 -2.647053 -2.707369 -3.623803 -2.806604  3.322143  1.650712 -2.663652  1.002535  0.162918 -2.774364 -1.941265 -0.802912 -2.631018 -0.725521  2.817519
144 R 144 -0.990494  4.499958  0.065838 -1.886402 -2.924199  0.928577 -0.025614 -1.886086  0.040663 -2.855492 -1.966162  1.780306 -0.983618 -2.899019 -1.958542 -0.944180 -0.971211 -2.945792 -1.900235 -2.810337
145 M 145 -0.981067 -1.450919 -2.402593 -3.365672 -0.980922 -0.888631 -2.391663 -3.369474 -2.357994  1.403192  2.734788 -1.437654  3.553744  0.028426 -2.405925 -1.423990 -0.983402 -1.420211 -0.942627  1.001011
146 H 146 -1.071505 -0.314134 -0.869200 -1.951137 -1.949579 -0.652615 -1.177992 -2.298664 -0.072189 -1.180745 -0.806488 -0.757162 -0.528666 -0.240819 -2.037399 -0.782350 -0.261865 -1.225415  0.629173 -1.116559
147 N 147 -1.513998 -0.530082  3.259129  0.522193 -2.846640 -0.192332 -0.108202 -0.625486  0.030791 -2.818627 -2.821344 -0.192617 -1.838909 -3.089527  0.124578  0.426435 -0.265403 -3.791831 -2.202962 -2.514578
148 K 148 -1.013890 -0.191674 -0.209186  0.502369 -2.896599  0.960522  1.644492 -1.547861 -0.445613 -2.776270 -2.526124  0.428621 -1.508236 -2.333869 -1.289095 -0.190344 -0.917195 -1.423237 -1.433029 -2.168686
149 D 149 -1.861976 -1.709892  1.112747  4.865459 -2.893426 -0.001761  1.652385 -0.980069 -0.521693 -2.879118 -3.679069 -0.913033 -2.717050 -2.703548 -1.156015  0.005622 -0.976586 -3.704388 -2.546645 -2.857769
150 V 150  0.230258 -2.574858 -2.742749 -2.754366 -0.850510 -2.130862 -2.143517 -2.850851 -2.754774  2.601298  1.039114 -2.152772  0.698360 -0.761863 -2.194107 -1.431575 -0.407553 -2.928077 -1.160568  2.785169
151 I 151 -0.537381 -0.329540 -0.747390 -0.543326 -2.418603  0.247794  1.010222 -2.143538 -1.150734 -1.149541 -1.158473  0.339604 -0.713070 -2.087273 -1.431509 -0.267317 -0.463948 -2.761914 -1.685123 -0.677518
152 E 152 -0.899624 -0.782212 -0.407925  0.971349 -2.608732  0.396627  1.315691 -1.574592 -0.558895 -2.298608 -2.336671 -0.293651 -1.541939 -1.953328 -1.488534 -0.257554 -0.803121 -1.772565 -1.269995 -1.850781
153 L 153 -0.956409 -2.048917 -2.951813 -3.852055 -1.004187 -2.003200 -2.911996 -3.875195 -2.913478  2.014555  3.675264 -2.011754  1.889104  0.072534 -2.931164 -1.958831 -0.967025 -1.977555 -0.913658  1.115068
154 A 154 -1.111582 -2.256936 -2.270483 -2.580947 -1.740966 -1.827756 -2.161113 -2.307985 -0.062964 -0.645891 -0.664726 -2.220618 -0.600576  3.201283 -3.035287 -1.432777 -1.639157  0.607236  3.368098 -0.916274
155 S 155 -0.694782 -0.450790  0.795790  0.980903 -2.617612  0.288110  0.915818 -0.620672 -0.537735 -2.685548 -2.689774  0.132337 -1.778201 -2.641710 -0.899347  0.497338 -0.569244 -3.048723 -2.039497 -2.223500
156 I 156 -0.912633  0.456911 -0.805156 -1.898785 -2.026802  0.063150 -0.793652 -2.304626 -0.861867 -1.025056 -0.395056 -0.111560  0.182292 -1.425980 -2.051643 -0.769670 -0.721881 -1.850234 -1.047657 -1.016640
157 V 157  0.111160 -2.655181 -2.679986 -2.785819 -0.882379 -1.936353 -1.978344 -2.832049 -2.821006  2.473112  0.912734 -1.938829  0.756545 -0.986849 -1.975261 -1.565971  0.209566 -2.844811 -1.121204  3.186978
158 P 158 -0.645269 -0.643898 -0.633925 -0.465998 -2.615076 -0.160395 -0.081725 -1.407967 -1.192949 -2.688706 -2.527786  0.194106 -1.596111 -3.148562  2.318303 -0.066204 -0.555007 -3.335753 -2.351675 -1.944694
159 N 159 -0.435909 -1.811937 -1.858446 -2.217955 -1.440156 -1.363568 -1.506234 -2.616735 -2.212618  1.067338  0.316518 -1.212841  0.323736 -1.321939 -1.444455 -1.203024 -0.273193 -2.786502 -1.272582  1.467632
160 G 160 -0.171298 -1.683407  0.341751 -0.784458 -2.951731 -1.660744 -1.642408  5.094125 -1.706476 -3.816295 -3.789955 -1.606801 -2.798476 -2.949188 -1.886680  0.070292 -1.785633 -2.148590 -2.835046 -2.908609
161 T 161  0.312431 -1.123681 -0.416935 -1.096879 -0.944343 -0.942197 -0.916442 -1.819816 -1.956677 -0.731449 -0.846886 -1.001059 -0.736741 -1.861203 -1.099580  0.764923  3.585136 -2.176842 -1.877628  0.149908
162 R 162 -0.733185  0.378111 -0.756417 -1.114930 -2.504494  0.084848 -0.151829 -1.916826 -1.260699 -2.194814 -1.845130  0.764652 -1.088496 -2.841210  0.909723 -0.371801 -0.263424 -3.027441 -2.110825 -1.555171
163 V 163 -0.034151 -2.912099 -2.907672 -2.919191 -0.986637 -1.982883 -1.990884 -2.909934 -2.919606  2.908809  0.991091 -1.985332  0.961783 -0.948576 -1.990884 -1.933071 -0.053903 -2.916009 -0.990547  3.803977
164 T 164 -0.666061 -0.643905 -0.936178 -1.433700 -1.888113 -0.256580 -0.472875 -2.338694 -1.245340 -0.271000 -0.559692 -0.506428 -0.232136 -1.526045 -1.795008 -0.710749 -0.088462 -2.392195 -1.082290  0.103745
165 I 165 -0.715482 -2.834123 -2.845649 -2.889488 -1.093487 -2.459202 -2.499956 -3.332689 -2.617207  2.859157  1.320090 -2.468702  0.874463  0.377385 -2.633906 -1.864678 -0.688284 -2.346631 -0.472046  2.636552
166 N 166 -0.608737 -1.047132 -1.593652 -2.073150 -1.319448 -1.098697 -1.412438 -2.541830 -1.700676  0.988928  0.499537 -1.067157  0.337687 -0.909069 -1.953257 -1.055217 -0.290511 -2.237210 -0.956285  0.935654
167 R 167 -1.018323 -0.182339  1.139022  0.540050 -2.274919  0.153961  0.354493 -0.447905 -0.139883 -2.259945 -2.222763 -0.008443 -1.461030 -2.142193 -0.445691  0.014273 -0.597700 -2.389252 -1.426282 -1.943071
168 G 168 -0.242045 -0.050891  0.052634  0.068533 -1.537080  0.830646  0.719256 -0.306746 -0.361731 -1.525960 -1.344935  0.159232 -0.691646 -1.535299 -0.575708  0.186188 -0.381802 -1.438243 -1.020382 -1.083012
169 S 169 -0.303302 -0.756353 -0.603617 -0.399735 -1.264317 -0.372095 -0.361069 -0.766579 -0.828112 -1.277386 -1.277620 -0.357898 -0.837429 -1.646812  2.097360 -0.133497 -0.249974 -1.763641 -1.284917 -0.883785
170 H 170 -0.334356 -0.230258 -0.230455 -0.359957 -0.623830 -0.097742 -0.130217 -0.507563  0.073995 -0.390926 -0.379763 -0.188695 -0.260984 -0.007761 -0.530823 -0.249021 -0.334560 -0.265874  0.371951 -0.334732
171 H 171 -0.068655  0.006238  0.004511 -0.139828 -0.512312 -0.021262 -0.013447 -0.055420 -0.213646 -0.559172 -0.490506  0.225704 -0.297668 -0.557990 -0.168683  0.094495 -0.112286 -0.593625 -0.432091 -0.410995
172 H 172 -0.079707 -0.306506 -0.253629 -0.225379 -0.337455 -0.229605 -0.203151 -0.315904 -0.160093 -0.196257 -0.215377 -0.257197 -0.157083  0.144048 -0.357409 -0.117343 -0.201964 -0.266927  0.038550 -0.195586
173 H 173 -0.148442 -0.127492 -0.122111 -0.091742 -0.315810 -0.016717 -0.023143 -0.263057 -0.058822 -0.218848 -0.204272 -0.096303 -0.106108 -0.053104 -0.106644 -0.096589 -0.142121 -0.228742 -0.035055 -0.191683
174 H 174 -0.073544  0.057315  0.000407  0.012996 -0.278528  0.116739  0.168683 -0.141692 -0.017871 -0.242445 -0.211773  0.122799 -0.120128 -0.230104 -0.118969 -0.013874 -0.089569 -0.249000 -0.146250 -0.175307
175 H 175 -0.068457 -0.009158  0.143520  0.033269 -0.122940  0.036392  0.017593 -0.033991  0.047576 -0.124784 -0.120600 -0.004511 -0.070587 -0.107393 -0.076404  0.032058 -0.019091 -0.136621 -0.048079 -0.116980
