
Last position-specific scoring matrix computed, weighted observed percentages rounded down, information per position, and relative weight of gapless real matches to pseudocounts
           A  R  N  D  C  Q  E  G  H  I  L  K  M  F  P  S  T  W  Y  V   A   R   N   D   C   Q   E   G   H   I   L   K   M   F   P   S   T   W   Y   V
    1 M   -6 -7 -8 -9 -7 -6 -8 -8 -7 -4  1 -7 11 -5 -8 -7 -6 -7 -6 -2    0   0   0   0   0   0   0   0   0   0   9   0  88   0   0   0   0   0   0   3  3.51 1.26
    2 R   -2  3  3  0 -5  1  1 -2 -2 -3 -2  2 -3 -4 -4  2  2 -6 -5 -3    3  16  15   5   0   5   7   3   1   1   4  11   1   0   0  16  11   0   0   1  0.43 0.33
    3 Q   -3  0  0  1 -3  3  4  0  2 -3 -4  2 -4 -6 -2 -1 -1 -3 -4 -4    1   4   4   8   1  15  27   8   5   1   1  14   0   0   2   4   4   0   0   1  0.56 0.40
    4 L    0 -1 -2 -3 -3 -2 -3 -5 -1  3  3 -1  3 -1 -2 -2 -1 -1  1  0    9   4   2   1   0   1   2   0   1  16  30   3   8   2   2   4   3   1   5   6  0.36 0.27
    5 A    2 -1  2  0 -3 -2  3 -3 -3  1 -2 -2  0 -2 -2  0  0 -6 -4  0   20   3  12   5   0   1  18   2   0  10   2   2   3   2   2   8   4   0   0   5  0.29 0.27
    6 K   -2  1  2  0 -2  2  4 -4  0 -2 -3  3 -3 -2 -2 -1 -2 -6 -1 -2    2   7   8   5   1   9  27   1   2   2   3  17   1   2   2   5   2   0   2   3  0.49 0.36
    7 D   -2  1 -1  4 -5  3  4 -4 -5 -3 -4  2 -4 -4 -4 -1 -3 -4 -3 -4    3   8   2  20   0  14  27   1   0   2   2  10   0   1   1   4   2   0   1   1  0.77 0.51
    8 I   -3  0 -3 -5 -4 -2 -4 -5 -3  4  4 -4  2 -2 -4 -2  0 -4 -3  1    2   5   2   0   0   2   1   1   1  22  38   1   5   2   1   3   5   0   1   9  0.72 0.41
    9 N   -2 -2  2  4 -3  0  3 -2 -2 -2 -3  0 -1 -2 -3  0  0 -3  1 -2    3   2   9  26   1   5  18   2   1   2   2   5   2   2   1   7   5   0   5   3  0.48 0.35
   10 A    0  1  0  1 -2  3  2  0  2 -3 -4  1 -3 -4  0  0  0 -2 -3 -3    8   8   4   6   1  12  15   7   6   2   1   8   0   1   4   6   7   1   1   1  0.27 0.24
   11 F   -2 -1 -2 -3  0  0 -2 -4  0  1  3 -2  0  3 -3  0  0 -1  2  0    4   3   1   2   2   4   2   1   2   6  27   2   2  14   1   8   6   1   6   6  0.29 0.24
   12 L   -3 -5 -6 -5 -3 -5 -6 -7 -7  4  5 -6  2  2 -6 -5 -3 -3 -2  3    2   0   0   1   1   1   0   0   0  18  45   0   4   8   0   1   2   0   1  15  1.08 0.56
   13 N    0  1  4 -1  0  0 -1  3  0 -3 -3  0 -3 -2 -2  1 -2 -6 -3 -3    6   8  21   3   2   4   4  21   2   2   2   6   1   2   3   9   3   0   1   2  0.39 0.30
   14 E   -2  2 -2  1 -5  3  3 -3  3 -4 -3  0 -3  1 -3 -2 -1  1  3 -3    3   9   2   7   0  13  17   2   7   1   3   6   1   7   1   3   4   2  11   2  0.44 0.33
   15 V    0 -2 -4 -5 -4  0 -4 -5 -2  4  3 -3  1  0 -5 -2 -2  0  1  2   10   3   1   1   0   4   1   0   1  20  27   1   3   4   0   3   2   1   5  13  0.52 0.33
   16 I    0 -2 -3 -5 -3 -2 -4 -4 -1  3  4 -3  2  2 -5 -2 -2 -4  0  0    7   3   1   1   1   2   1   1   1  15  39   1   5   8   0   3   2   0   3   6  0.61 0.37
   17 L    0  1  0 -2 -1  0 -1 -2  1  0  1  0  1  0 -3  0  1  1  1  1    7   7   4   1   1   4   3   3   4   5  14   5   5   3   0   8   9   2   4  10  0.07 0.10
   18 Q   -2  3  0 -1 -3  2  0 -4  0  0  0  2  2 -1 -4 -1 -2 -4 -2  0    4  18   3   4   0   9   6   1   3   5  10  12   5   2   0   5   2   0   1   8  0.26 0.23
   19 A    3 -3 -1 -4 -2 -3 -3 -4 -2  2  2 -4  0  2 -5  0  0 -3 -1  1   25   1   3   1   1   1   2   1   1  11  21   1   2   8   0   6   5   0   2  10  0.40 0.29
   20 E    2  1  0 -1 -4  1  2 -2  1 -2 -2  1  2  1 -3  1 -1 -3  1 -2   16   7   5   3   0   6  14   2   4   2   2   8   5   6   1   9   4   0   4   2  0.20 0.21
   21 N   -3  5  4 -2 -4  2 -1 -4  4 -4 -4  1 -2 -4 -3 -2 -2 -2 -3 -4    2  30  18   2   0  10   4   1   8   1   2   9   1   1   1   3   3   1   1   1  0.83 0.50
   22 Q    1  1 -1 -1 -3  3  1 -2  1 -1  0  1 -1 -2 -3  0  0 -3 -1 -1   11   9   3   3   0  14   9   3   4   4   8   9   2   2   1   7   5   0   2   3  0.17 0.18
   23 H   -1  0 -1 -2 -3 -1 -2 -2  5  1  1 -1  3  0 -3 -1 -1 -1  1  1    6   5   3   2   0   2   2   3  13   9  15   3   9   3   1   4   3   1   5  11  0.26 0.21
   24 E   -1  3  1  0 -3  2  2 -2  1 -2 -1  1 -1 -1 -3  0 -1  0 -2 -2    4  19   5   5   1   8  13   3   3   2   6   9   2   3   1   8   3   1   1   3  0.25 0.22
   25 I    0  3  0 -1 -3  1  0 -2  0  0  1  1  1 -2 -3  0  0 -2 -1  0    7  16   4   2   0   7   5   3   2   7  12   8   3   1   1   7   5   0   2   6  0.11 0.13
   26 L    0  1 -2 -2 -2 -1 -1 -3 -1  2  3 -1  3  0 -3 -1 -1  1  0  0   10   9   2   2   1   2   4   2   1  11  26   3   7   3   1   4   3   2   3   6  0.23 0.19
   27 I    0 -1 -2 -2 -2 -1  1 -2 -1  1  2 -2  2  3 -2 -2 -1  0  1  1    8   3   1   2   1   3   9   2   2   7  20   2   5  12   2   3   3   1   6   8  0.17 0.16
   28 G    1  0  3  2 -4  1  1  2  1 -3 -4  1 -2 -3 -3  0 -1 -2 -3 -3   13   5  13  11   0   5   9  14   3   1   1   7   1   1   1   7   3   1   1   1  0.30 0.24
   29 H    1  4  0  1 -3  2  2 -2  2 -4 -3  1 -3 -3 -2  0 -1 -5 -3 -3   10  19   3   8   0   9  14   2   5   1   3   9   0   1   2   6   3   0   1   2  0.37 0.28
   30 C    1  0 -1 -2  3  0 -1 -2  0  0  1 -2  1  2 -3  0 -1 -2  2 -1   14   6   3   2   6   3   5   2   3   4  13   2   5  11   1   6   4   0   6   4  0.13 0.14
   31 T    0 -1 -2 -2  1  0 -1 -1 -3  0  3 -2  1  1 -3 -1  0 -3 -1  0    8   3   2   2   3   5   5   5   0   5  32   2   3   5   1   5   7   0   2   5  0.20 0.18
   32 S    2  3  0  0 -3  1  1  0 -1 -4 -3  1 -2 -4 -3  1  0 -5 -4 -4   19  14   4   5   0   5  10   6   1   1   3  10   1   1   1  12   7   0   0   1  0.32 0.27
   33 E   -1  1 -1  3 -3  1  4  0 -1 -3 -5  0 -4 -5  2 -2 -2 -5 -5 -4    4   6   2  17   1   6  28   7   2   2   1   6   0   1  10   3   2   0   0   1  0.58 0.40
   34 V   -2 -2 -2 -2 -2 -1 -2 -4  4  1  3 -1  1  3 -4 -1 -2 -2  3  0    3   2   2   2   1   3   2   1   9   7  24   4   3  10   1   5   3   0  11   7  0.37 0.25
   35 A   -2 -4  0  3 -3 -1  0  6 -2 -8 -6  0 -5 -7  0 -1 -3 -7 -7 -5    3   1   4  16   1   3   6  48   1   0   1   5   0   0   5   4   1   0   0   1  1.03 0.58
   36 L   -6 -6 -7 -6 -5 -6 -8 -7 -6  4  5 -6  2 -1 -7 -6 -4 -2 -1  1    0   0   0   0   0   0   0   1   0  19  57   1   4   3   0   0   1   1   2  10  1.40 0.68
   37 T   -5 -4  1 -4 -5 -4 -5 -4  1 -5 -6 -3 -5 -3 -2  4  6 -8  1 -6    1   1   6   1   0   1   1   1   3   1   1   2   0   1   3  25  49   0   5   0  1.37 0.80
   38 N    0  0 -1 -2 -4 -1 -2 -1  2  0  1 -3  1 -1  4  0 -1 -3  1  0    8   5   4   2   0   2   2   5   5   6  12   1   4   3  21   6   4   0   5   6  0.25 0.22
   39 T    2 -1  0 -3 -5  0 -3  1 -3 -3 -4 -2 -1 -4  3  2  3 -4 -4 -1   15   3   4   1   0   5   2  11   0   1   1   2   2   1  15  15  16   0   0   4  0.42 0.35
   40 Q   -4  0 -5  1 -6  8  4 -5 -1 -7 -6 -3 -4 -6 -7 -4 -5 -4 -5 -7    2   5   0   7   0  55  22   1   1   0   1   2   0   0   0   1   1   0   0   0  1.85 0.96
   41 E    0 -4 -4 -4 -3 -4 -2 -1 -1  2  1 -5  4  4 -3 -2 -3  6  3  0    9   1   1   1   1   1   3   4   2  10  11   0   8  17   2   3   2   9  10   6  0.58 0.35
   42 H   -1  2 -1  0 -5  1 -1  0  7 -2 -1  0  0 -1 -2 -1 -3 -3 -1 -2    5  11   3   5   0   5   3   7  26   2   7   6   2   3   2   5   2   0   2   3  0.54 0.35
   43 I    1 -7 -7 -7  2 -6 -7 -6 -5  4  1 -6  1 -1 -3 -5  1 -7 -3  5   11   0   0   0   4   0   0   0   0  20  14   0   4   2   1   1   8   0   1  34  0.93 0.50
   44 L   -6 -7 -9 -10 -7 -6 -7 -10 -9  4  6 -8  4 -4 -9 -8 -6 -8 -7 -1    1   0   0   0   0   0   0   0   0  18  68   0   8   1   0   0   0   0   0   3  1.89 0.85
   45 M    1  1 -2  0  0  0  2 -1 -1 -1  0  0  3  0 -4  0 -1 -1 -1  0   10   9   2   6   2   5  12   4   1   4   9   4  10   5   0   7   2   1   2   5  0.12 0.15
   46 L    2 -2 -3 -4  2 -1 -1 -4 -1  1  2 -3  1  0 -4 -2  0  1  1  1   18   3   1   0   5   3   4   1   2   7  23   1   4   3   0   3   5   2   4  12  0.29 0.24
   47 L   -5 -6 -9 -7 -7 -6 -7 -7 -8  5  6 -8 -1 -3 -8 -7 -5  1 -4  0    1   0   0   0   0   0   0   0   0  27  59   0   1   1   0   0   0   2   1   7  1.63 0.76
   48 S    1  2  0  0 -4 -1  1  3  2 -5 -5 -1 -1 -3 -5  2 -2  4  0 -4   13  10   4   5   0   2   9  19   5   1   1   3   2   1   0  15   2   6   3   1  0.40 0.31
   49 E   -2  2  0  1 -4  3  4  0  3 -6 -3  2 -1 -5 -3 -1 -3 -7 -3 -5    4  10   5   8   0  10  22   7   8   0   2  12   2   0   1   4   1   0   1   0  0.52 0.37
   50 E   -2  0  0  2 -5  2  4  3  1 -6 -6  0 -5 -5 -2 -1 -3 -7 -1 -5    3   4   4  13   0   8  23  22   3   0   0   6   0   0   3   4   1   0   3   1  0.60 0.41
   51 S   -1 -1  0  0  1 -2 -1  4 -1 -4 -6 -1 -4 -6  5 -1 -3 -5 -5 -4    5   4   5   6   2   2   5  25   2   1   1   3   0   0  31   4   2   0   0   1  0.81 0.50
   52 L   -1 -1 -3 -3  2  1 -3 -5 -3  2  3 -1  4 -3  0 -2 -2 -4 -2  1    6   4   1   2   4   6   2   0   1  13  28   3  10   1   5   3   2   0   1   9  0.38 0.27
   53 T   -3  2  2 -4 -4 -3 -5 -3 -1 -4 -4  0 -2 -5  1  2  6 -7 -4 -5    2   9  11   1   0   1   0   2   1   1   1   5   1   0   7  15  40   0   1   1  0.91 0.58
   54 N   -1 -5  0 -5 -3  4 -5 -3 -3  2 -1 -5  6 -3  2 -1 -3 -7 -4  2    6   0   6   0   1  17   0   3   1   9   6   0  19   1  11   4   2   0   1  16  0.70 0.48
   55 S    0  0  0 -3 -4 -1 -3  2 -2 -2 -4  2 -2 -3 -4  4  3 -4 -5 -2    9   6   5   1   0   3   1  15   1   2   1  11   1   1   0  26  15   0   0   3  0.47 0.37
   56 E    0 -1 -3  3 -5  3  6 -3 -3 -6 -5 -1 -3 -2 -6 -2 -2 -4 -3 -4    7   3   1  14   0  11  45   2   1   0   1   4   1   2   0   3   3   0   1   1  1.01 0.60
   57 L   -4 -8 -9 -9 -4 -8 -8 -9 -4  5  6 -8 -1 -3 -8 -8 -5 -7 -7  1    1   0   0   0   0   0   0   0   1  26  63   0   1   1   0   0   0   0   0   7  1.76 0.79
   58 A    6 -4 -5 -6 -1 -2 -4  1 -5 -4 -5 -3 -5 -6 -5  2 -3 -4 -5 -2   64   1   0   0   1   2   1   8   0   1   1   1   0   0   0  14   1   0   0   2  1.37 0.74
   59 R    0  4  0  2 -4  2  4 -3  0 -6 -5  2 -4 -6 -5 -1 -1 -3 -4 -4    8  18   5   9   0   8  25   2   2   0   1  13   0   0   0   4   3   0   0   1  0.65 0.43
   60 R    0  4 -2 -2 -3  1  1 -4  2 -1 -1  3  0 -3 -4 -1 -1 -3  0 -1    9  20   2   2   0   6  10   1   5   4   7  17   3   1   0   4   4   0   3   3  0.35 0.28
   61 L   -2 -3 -4 -7 -1 -4 -4 -5 -4  0  5 -5  5  1 -6 -3  0 -2 -2  0    3   2   1   0   1   1   1   1   0   4  51   0  14   5   0   2   6   1   1   5  0.93 0.52
   62 N   -1  0  2  0 -1  0  0  4  2 -3 -1  0  0 -1 -3  0 -2 -3  0 -3    5   5  10   6   1   3   5  28   5   1   6   5   3   3   1   5   1   0   4   2  0.27 0.22
   63 V   -2 -4 -5 -5  0 -3 -5 -7 -4  4  3 -3  3 -2 -6 -4 -2 -6 -2  4    2   1   1   1   2   1   0   0   0  24  24   2   8   1   0   1   3   0   1  28  0.86 0.45
   64 S    0 -1 -2  4 -6 -2  0 -4 -2 -5 -5 -1 -5 -5 -3  2  5 -7 -6 -3    7   3   1  21   0   1   6   1   1   0   1   4   0   0   1  17  33   0   0   2  0.79 0.52
   65 Q    0  2 -1 -4 -1  1 -2 -2 -1 -4 -2  3 -1 -4  4  1  0 -6 -4 -2    6  11   3   0   2   7   2   3   1   1   3  22   2   1  18   9   6   0   0   3  0.45 0.34
   66 A    2 -2 -2 -5 -6 -1 -4  4 -3 -4 -6 -4 -3 -7  2  4 -1 -7 -6 -3   17   2   2   0   0   3   0  29   0   1   0   1   1   0  11  27   4   0   0   2  0.83 0.52
   67 A    3 -3  2 -3 -5 -3 -5 -1 -2 -6 -4 -4 -3 -5 -4  2  5 -3 -4 -3   26   1  10   1   0   1   0   5   1   0   1   1   1   0   1  13  37   0   0   1  0.92 0.58
   68 V    1 -6 -7 -7 -2 -6 -6 -7 -7  4  2 -6  4 -2 -4 -4  0 -6 -5  5   10   0   0   0   1   0   0   0   0  21  19   0   8   1   1   1   6   0   0  33  0.96 0.50
   69 T   -2 -5 -3 -6 -3 -3 -6 -4 -2 -6 -5 -6 -3 -8 -6  4  7 -8 -7 -3    3   1   1   0   1   1   0   1   1   0   1   0   1   0   0  27  61   0   0   2  1.77 0.91
   70 K   -1  4 -1 -1 -3  1 -1  2  0 -2 -3  2 -2 -4  0 -1  0 -5 -1  0    5  24   2   3   0   5   3  15   2   2   3  14   1   1   5   3   5   0   2   6  0.33 0.26
   71 A    1 -1 -2 -5 -2  0 -4 -4  0  2  3 -3  4 -3 -4 -1  0 -5 -3  1   15   3   1   0   1   4   0   1   3  13  25   1  11   1   0   4   7   0   1  10  0.42 0.31
   72 I   -1 -6 -5 -7  1 -4 -6 -7 -6  4  3 -6  1 -3 -6 -2 -1 -6 -5  5    4   0   1   0   3   1   0   0   0  23  24   0   3   1   0   3   4   0   0  33  0.97 0.49
   73 K   -1  1  2  6 -4  0 -2 -3 -2 -5 -5  3 -4 -5 -4 -1 -1 -7 -5 -5    5   6  11  38   0   5   2   2   1   0   1  19   0   1   0   4   4   0   0   1  0.89 0.51
   74 S   -2  6 -1 -3 -4 -1 -3 -2 -1 -3 -5  4 -3 -5 -4 -1 -2 -3 -5 -4    3  49   3   2   0   2   1   4   1   2   1  21   0   0   1   5   2   0   0   1  1.17 0.62
   75 L   -5 -7 -9 -9 -7 -7 -8 -9 -8 -2  7 -8  5 -3 -8 -6 -4 -7 -6 -3    1   0   0   0   0   0   0   0   0   1  83   0  12   1   0   1   1   0   0   1  2.13 0.93
   76 V   -2 -4 -4 -3 -1 -1  6 -5 -3  1 -1 -3 -1 -4 -6 -3 -2 -3 -3  2    4   1   0   1   1   3  54   0   0   7   5   1   1   1   0   2   3   0   1  15  1.06 0.62
   77 K    1  3 -1  1 -3  2  3 -2 -2 -5 -5  4 -4 -6 -4  0 -2 -6 -5 -4   12  13   3   8   0   7  16   2   1   0   1  27   0   0   0   6   2   0   0   1  0.63 0.41
   78 E    1  4  1  0 -3  1  1 -2 -1 -5 -2  4 -1 -4 -5 -1 -3 -3 -3 -4   11  19   6   4   0   6   7   2   2   0   4  29   2   1   0   4   1   0   1   1  0.58 0.39
   79 G   -4 -3  1  0 -4 -2  0  7 -3 -9 -8 -2 -7 -8 -5 -3 -5 -8 -5 -8    1   1   6   4   0   2   7  72   1   0   0   3   0   0   0   1   0   0   0   0  1.73 0.79
   80 M   -5 -5 -8 -7 -2 -6 -7 -8  0 -1  5 -5  2  3 -8 -6 -5  3  5 -3    1   1   0   0   1   0   0   0   3   3  55   0   4  12   0   0   0   3  16   1  1.40 0.69
   81 L   -2 -8 -8 -8 -3 -7 -8 -8 -8  5  2 -7 -2 -4 -7 -6 -4 -8 -6  6    4   0   0   0   1   0   0   0   0  26  15   0   0   0   0   0   1   0   0  53  1.61 0.74
   82 E   -1  3 -1 -1 -2  1  4 -4  0  0 -3  1 -2 -4 -5 -1  1 -6 -1  0    5  13   2   2   1   6  29   0   2   5   2   7   1   0   0   4  10   0   2   8  0.45 0.35
   83 T   -4  8 -6 -7 -6 -3 -4 -6 -4 -6 -7  2 -5 -5 -5 -2 -2 -3 -6 -5    1  73   0   0   0   1   1   0   0   0   0  13   0   1   1   4   2   0   0   1  2.15 0.98
   84 S   -1  3 -1 -1 -2  1  2 -3  0  0 -2  1 -1 -1 -4  0  1 -3  1  1    4  15   2   2   1   6  16   1   3   5   3   7   1   2   0   7  10   0   4  12  0.22 0.22
   85 K    0  5 -2 -2 -4  2 -3 -4  1 -2 -4  1 -3 -4  4 -2 -1 -7 -3 -2    7  33   1   2   0   9   1   1   3   2   1   8   0   1  19   3   4   0   1   4  0.77 0.49
   86 D   -2 -2  2  6  1 -3 -2 -2  2 -4 -3 -1 -3 -6 -4  3 -3 -7 -5 -4    3   2  10  39   3   1   2   3   5   1   3   3   1   0   1  20   1   0   0   1  0.88 0.53
   87 S    0 -2 -2  0 -5  0  3 -4 -2 -4 -4  0 -5 -6  6  0 -1 -7 -5 -4    8   2   2   5   0   4  20   1   1   1   2   5   0   0  38   6   3   0   0   1  0.95 0.56
   88 K    0  0  2  3 -4  1  3 -1  1 -4 -4  1 -3 -5 -4  0  1 -6 -5 -2    8   5   9  16   0   6  18   5   3   1   1  10   0   0   0   7   8   0   0   3  0.39 0.30
   89 D   -8 -5  4  8 -4 -6 -4 -6 -1 -9 -10 -5 -9 -9 -8 -3 -5 -10 -9 -8    0   0  16  78   0   0   0   0   2   0   0   0   0   0   0   2   0   0   0   0  2.60 1.11
   90 A   -1  7  0 -3 -8  1 -1  0 -2 -7 -5  3 -5 -7 -6 -3 -4 -2 -5 -6    6  49   4   1   0   5   5   7   1   0   1  18   0   0   0   2   1   1   0   0  1.23 0.65
   91 R   -6  8 -4 -8 -9 -4 -6 -8 -6 -9 -7  2 -7 -9 -8 -3 -6 -9 -8 -6    0  84   1   0   0   0   0   0   0   0   0  12   0   0   0   2   0   0   0   1  2.77 1.17
   92 V    1  1 -2 -3 -1  0  1 -2 -3  1 -2  0 -1 -3 -5  1 -1 -6 -3  4   13   8   1   1   1   4  11   3   0   8   2   5   1   1   0  10   2   0   1  28  0.34 0.30
   93 I   -3 -2 -2 -5 -2 -1 -5 -6 -1  3 -1  0  0  0 -5 -1  1 -1  1  5    1   3   2   0   1   3   0   0   1  15   6   6   2   3   0   4   8   1   5  39  0.63 0.40
   94 F   -3  3  0 -4 -2  0 -2 -4  3  0  2 -1 -1  1 -5 -2 -2  0  4  0    2  19   4   1   1   3   2   1   6   5  18   4   1   5   0   2   2   1  16   6  0.44 0.32
   95 Y   -1 -6 -6 -7 -2 -6 -7 -7 -4  4  3 -6  0  1 -5 -5 -4 -2  1  4    6   0   0   0   1   0   0   0   0  20  26   0   1   6   1   1   1   1   4  32  0.98 0.51
   96 Q    0  3 -2 -2  0  0  2 -2  2 -3 -3  0 -3  0 -4  2  1 -2  2 -1    6  14   1   1   2   4  13   2   6   1   1   6   0   4   0  16   7   1   8   5  0.28 0.27
   97 L   -3 -7 -8 -8 -4 -7 -8 -7 -8  1  6 -6 -1 -3 -5 -6 -4 -7 -2 -2    2   0   0   0   0   0   0   0   0   7  82   0   1   1   1   0   1   0   1   2  1.86 0.84
   98 T   -5 -6 -4 -6 -7 -6 -6 -6 -6 -6 -4 -6 -4 -8 -7  0  8 -8 -7 -5    1   0   1   0   0   0   0   0   0   0   2   0   0   0   0   6  87   0   0   1  2.56 1.18
   99 D    0 -2 -3  4 -4  0  4 -2 -3 -5 -6  0 -5 -6  4 -1 -2 -7 -6 -5    9   2   1  21   0   4  29   3   1   1   0   5   0   0  18   4   2   0   0   1  0.85 0.53
  100 L    1  1 -1  0 -6  2  3 -4 -2 -4 -2  5 -4 -4 -4 -1 -1 -6 -2 -4   13   7   2   4   0   8  16   1   1   1   5  32   0   1   1   4   3   0   2   1  0.59 0.41
  101 A    0 -7 -6 -7 -4 -7 -7  7 -7 -8 -7 -6 -8 -5 -6 -3 -5 -8 -8 -7    8   0   0   0   0   0   0  86   0   0   0   0   0   1   0   2   1   0   0   0  2.40 1.00
  102 R   -1  5 -2 -3 -4  2  2 -4  1 -2 -1  3 -1 -4 -5 -2 -2 -2 -3 -2    4  31   2   1   0   9  11   1   3   3   5  19   2   1   0   2   2   1   1   3  0.67 0.41
  103 P    2  1 -1  1 -4  2  3 -2 -2 -2 -2  2 -2 -4 -1 -1  0 -4 -3 -2   18   8   2   6   0   8  19   2   1   2   3  13   1   1   3   4   5   0   1   2  0.32 0.26
  104 I    1 -3 -4 -4 -2 -3 -3 -4 -3  3  3 -2  1  0 -5 -3 -1 -3 -2  2   15   1   1   1   1   1   1   1   1  15  32   2   3   3   0   1   3   0   1  16  0.53 0.32
  105 A    2  0 -2 -2  1 -2 -2 -2  0  1  1 -2  1  2 -4 -2 -2 -1  3  0   20   4   2   2   3   2   2   2   2   7  15   2   3  10   0   3   1   1  12   6  0.24 0.20
  106 E    0  2 -1  1 -2  2  3 -1 -1 -3 -2  2 -2 -3 -2 -1 -1 -3 -3 -3   10  13   3   8   1   8  22   4   1   2   4  10   1   1   1   5   3   0   1   2  0.34 0.25
  107 E    0  2 -1 -1 -2  2  3 -2  0  0  0  1 -1 -2 -2 -1 -1 -1 -1  0   10  10   2   3   1   9  19   2   3   6   9   8   1   1   1   3   4   1   2   5  0.17 0.16
  108 H    1 -2 -2 -3 -1 -2 -3 -3  7  1  1 -3  1 -1 -4 -2 -2 -2 -1  0   13   2   2   1   1   1   2   2  30   8  14   2   3   2   1   3   2   1   2   8  0.73 0.37
  109 H    1  1  0  2 -2  1  2 -2  1 -1 -1  1  0 -1  0 -1  0 -2 -1 -1   12   7   4  10   1   5  14   2   4   3   5   8   3   3   5   3   5   1   1   3  0.12 0.12
  110 H    1  2  0  1 -1  2  1 -2  2 -3 -3  2 -2 -4  2 -1 -1 -4 -2 -2   13  10   4   7   1  10  10   3   4   1   2  13   1   1  10   5   2   0   1   2  0.28 0.23
  111 H   -1 -1 -2 -3 -2  0 -2 -3  1  2  2 -2  2  2 -3 -2 -2  1  2  1    6   4   1   1   1   4   2   2   4  12  21   2   5  10   1   3   2   2   7  11  0.23 0.17
  112 H   -3  1 -2  0 -3  0 -2 -3  8 -2 -2 -2  0  2  0 -2 -3  0  1 -1    3   8   1   5   1   4   2   2  35   2   4   3   2   8   6   3   1   1   4   5  0.88 0.45
  113 E    0  2  1  1 -3  2  4 -1 -1 -4 -3  1 -2 -4 -2 -1 -1 -3 -3 -2    9  10   6   8   1  10  23   4   2   1   3  10   1   1   2   4   3   0   1   3  0.37 0.26
  114 H    1  1  0  1 -2  2  2 -2  1 -1 -3  2 -1 -2  0  0 -1 -2 -1 -1   10   7   5   7   1  10  16   2   3   4   3  11   2   2   4   6   3   1   2   3  0.20 0.17
  115 T    1 -1 -2 -3 -2 -2 -2 -2 -1  2  1 -1  4  0 -3 -1  0  4 -1  1   13   4   2   1   1   2   2   3   2  10  16   3  10   4   1   4   6   6   2   8  0.21 0.17
  116 L    0  0  0  0 -1  1  1 -2  1  1  1 -1  1 -1 -2 -1 -1 -2 -1  1    8   6   5   4   1   6   9   2   3   9  17   3   3   3   1   3   4   0   2   9  0.06 0.08
  117 L    2  1  1  1 -1  2  2 -1  0 -2 -3  1 -2 -3 -2  0 -1 -4 -3 -2   15   9   6   7   2   8  15   5   2   2   3   8   1   1   1   7   4   0   1   3  0.21 0.18
  118 T    0  1  0  0 -1  0  0 -1  1  0  0  0  0  1 -2  0  0 -1  0  0   10  11   4   4   1   4   6   3   4   5   9   7   3   6   2   6   5   1   3   8  0.03 0.05
  119 Y   -1 -1  0  0 -2 -1  0 -2  1  1  1 -2  1  2 -2 -1  0  1  2  0    6   2   4   5   1   2   8   2   4  10  14   2   3  10   1   4   5   2   8   7  0.11 0.09
  120 E    0  1  1  1 -3  2  3 -1  0 -2 -2  1  0 -1 -2  0 -1 -3 -1 -2    8   6   6   9   1   8  20   4   2   2   5   9   2   2   1   6   4   0   2   2  0.22 0.17
  121 Q    1  2  0  1 -1  3  3 -1  0 -3 -3  1 -2 -3 -2 -1 -1 -3 -3 -3   11  11   4   7   1  11  20   4   2   1   2   9   1   1   2   5   3   0   1   2  0.35 0.26
  122 V    0 -1 -4 -4 -1 -2 -3 -4 -3  3  3 -3  3  2 -2 -3 -1 -3 -1  2    9   3   1   1   1   2   2   1   1  15  25   2   6   8   2   2   4   0   2  14  0.41 0.25
  123 A   -2 -3 -6 -5 -2 -4 -4 -5 -5  0  5 -5  2  5 -5 -4  0 -2 -1 -1    4   1   0   1   1   1   1   1   0   5  44   1   5  19   1   1   6   1   2   5  0.91 0.49
  124 T    2  0  0  2 -3  1  2  0 -2 -5 -5  1 -4 -5 -4  2 -2 -6 -5 -4   18   5   5  13   1   7  13   7   1   0   1   8   0   0   0  17   3   0   0   1  0.45 0.35
  125 Q    0  1  2  1 -2  2  0  3  2 -3 -4  1 -3 -4 -1  0 -1 -3 -4 -1    6   7   8   9   1   8   5  21   4   1   2   7   0   1   4   6   3   0   0   5  0.28 0.23
  126 F   -4 -6 -8 -6 -3 -7 -6 -6 -4  0  5 -6  3  6 -7 -6 -5 -2  3 -2    2   0   0   1   1   0   0   1   0   4  44   0   5  29   0   1   1   0   8   3  1.42 0.69
  127 T   -3 -4  1  2 -6 -3 -2 -3 -3 -7 -6 -3 -6 -7 -1  5  4 -8 -7 -6    2   1   5  12   0   1   3   2   1   0   1   2   0   0   4  39  25   0   0   0  1.11 0.70
  128 P    1 -2 -2  3 -5  0  4 -3 -2 -4 -4  0 -4 -7  4 -1 -1 -6 -5 -4   11   2   2  15   0   3  27   2   1   1   2   5   0   0  19   4   3   0   0   2  0.70 0.49
  129 N    0 -3 -1  4 -6  1  6 -3 -1 -6 -7 -1 -5 -6 -5 -1 -2 -2 -6 -6    9   2   2  19   0   5  44   2   1   0   0   4   0   0   0   5   3   1   0   1  1.11 0.67
  130 E   -6 -5 -4  2 -10  2  7 -6 -3 -8 -10 -4 -9 -3 -8 -5 -5 -10 -9 -8    1   1   1  11   0   9  72   1   1   0   0   1   0   1   0   1   1   0   0   0  2.23 1.13
  131 Q   -2  3 -5 -5 -3  3 -3 -6 -2  2  3  1  1  0 -7 -4 -2 -3 -3  0    4  17   0   0   0  14   1   0   1  11  26   8   3   3   0   1   2   0   1   6  0.60 0.41
  132 K    2  1 -1  2 -4  2  4 -2 -2 -4 -3  2 -3 -6 -4 -1 -1 -5 -5 -2   16   7   3  11   0  10  24   2   1   1   2  10   1   0   1   4   4   0   0   3  0.49 0.38
  133 V    1 -2 -2 -2 -3  3  0 -4 -1  0  0 -1  1  0 -5 -1  3 -4 -4  2   12   2   2   2   0  13   7   1   1   6   8   3   3   4   0   3  18   0   0  13  0.33 0.30
  134 I   -2 -8 -9 -9 -4 -7 -7 -7 -7  3  5 -8  2  4 -8 -7 -3 -5 -3  1    3   0   0   0   0   0   0   0   0  16  51   0   4  14   0   0   2   0   1   8  1.36 0.68
  135 Q    0  2 -1 -1 -2  0  1 -1  0  2  1  1  0 -1 -4 -1  0 -2 -1  0    8  11   3   2   0   3   9   4   2  11  14   7   2   3   0   4   6   0   2   7  0.10 0.12
  136 R    0  5  0  2 -4  1  2 -2  1 -5 -4  2 -3 -5 -5  0 -1 -7 -3 -4    7  25   5  10   0   6  11   3   3   1   1  13   1   0   0   7   4   0   1   1  0.55 0.40
  137 F    0 -4 -4 -5 -1 -3 -5 -1 -3  1  3 -5  2  4 -7 -1 -1 -1  0  0    8   1   1   1   2   1   0   5   1   9  30   0   5  18   0   6   4   1   3   5  0.56 0.36
  138 L   -5 -8 -9 -10 -2 -4 -7 -10 -9  0  6 -9  2  1 -9 -6 -5 -8 -2 -2    1   0   0   0   1   1   0   0   0   5  76   0   5   6   0   1   1   0   1   3  1.87 0.90
  139 T    0  2  1  1 -5  1  2 -1  0 -3 -3  2 -3 -5 -4  0  1 -6 -4 -2    7  11   6   8   0   7  15   6   3   2   3  12   1   0   0   8  10   0   0   2  0.30 0.27
  140 A    0  5  0  0 -6  1 -2 -4 -1 -3 -3  5 -3 -5 -5 -3 -1 -8 -5 -3    8  26   4   5   0   6   2   2   1   2   3  31   1   0   1   2   3   0   0   2  0.84 0.53
  141 L   -3 -8 -8 -9 -5 -7 -8 -7 -8  3  5 -8  5  1 -8 -6 -3 -1  0  2    2   0   0   0   0   0   0   0   0  16  45   0  12   5   0   1   1   1   3  13  1.27 0.65
  142 V    0  1  2 -1 -2 -1 -1 -3  0  1  1 -1 -1 -3 -4  0  0 -3  0  1   10   8  12   2   1   2   4   2   2  10  14   4   1   1   0   8   6   0   3  10  0.14 0.16
  143 G    0  1  1  4 -5  0  4  1 -2 -7 -7  1 -5 -7 -5  0 -1 -7 -5 -6    7   6   6  19   0   4  24  10   1   0   0  10   0   0   0   8   3   0   0   0  0.64 0.44
  144 E    0  1  4  1 -6 -1  2 -2  3 -1 -3  1 -1 -1 -4  0 -2 -3 -1 -2    9   7  21   6   0   2  14   2   6   3   2   8   1   3   0   5   2   0   2   3  0.37 0.30
  145 I   -4 -7 -6 -9 -7 -7 -8 -9 -6  4  5 -8  2  3 -8 -7 -5 -3 -5  1    2   0   0   0   0   0   0   0   0  17  54   0   4  12   0   0   1   0   0   9  1.42 0.69
  146 K   -6  4 -5 -5 -9  4  5 -7 -5 -8 -8  5 -7 -8 -6 -5 -6 -8 -7 -8    0  19   0   0   0  17  33   0   0   0   0  31   0   0   0   0   0   0   0   0  1.63 0.83

                      K         Lambda
Standard Ungapped    0.1283     0.3163
Standard Gapped      0.0410     0.2670
PSI Ungapped         0.1839     0.3174
PSI Gapped           0.0563     0.2670
