  177         A         R         N         D         C         Q         E         G         H         I         L         K         M         F         P         S         T         W         Y         V    
  1 M   1 -0.066169 -0.104388 -0.170557 -0.236727 -0.066169 -0.076438 -0.170557 -0.236727 -0.170557  0.104388  0.208776 -0.104388  0.216190  0.000000 -0.170557 -0.104388 -0.066169 -0.104388 -0.066169  0.066169
  2 G   2  0.000000 -0.132339  0.000000 -0.066169 -0.198508 -0.132339 -0.132339  0.397016 -0.132339 -0.264677 -0.264677 -0.132339 -0.198508 -0.198508 -0.132339  0.000000 -0.132339 -0.132339 -0.198508 -0.198508
  3 S   3  0.180826 -0.066169 -0.048487 -0.076438 -0.027951 -0.038219 -0.038219  0.000000 -0.104388 -0.094120 -0.094120 -0.038219 -0.066169 -0.132339 -0.066169  0.150021  0.027951 -0.198508 -0.132339 -0.055901
  4 S   4 -0.010268 -0.142607 -0.086706 -0.114656 -0.066169 -0.114656 -0.114656 -0.152875 -0.142607  0.096974  0.020536 -0.114656  0.010268 -0.055901 -0.142607  0.035365 -0.010268 -0.198508 -0.094120  0.058755
  5 H   5 -0.129673  0.000000  0.045727  0.030710 -0.290056  0.076438  0.191094 -0.167892  0.365817 -0.251838 -0.251838 -0.007508 -0.167892 -0.160383 -0.129673 -0.045727 -0.129673 -0.206111  0.015017 -0.213619
  6 H   6 -0.202067  0.038219  0.170807 -0.046371 -0.360429  0.191094  0.076438 -0.204733  0.530958 -0.360429 -0.322210 -0.025929 -0.163848 -0.232134 -0.202067 -0.046371 -0.166514 -0.275839  0.054523 -0.322210
  7 H   7 -0.214115 -0.108591 -0.001534 -0.215648 -0.357369 -0.072394 -0.072394 -0.322706  0.747867 -0.212581 -0.284975 -0.179451 -0.177917 -0.143254 -0.286509 -0.179451 -0.214115 -0.322706  0.177917 -0.176384
  8 H   8 -0.149452 -0.180440 -0.026982 -0.216948 -0.341129 -0.146538 -0.180440 -0.026437  0.245560 -0.345445 -0.345445 -0.221264 -0.266403 -0.126165 -0.295990 -0.072432 -0.044905 -0.162672  0.131916 -0.271029
  9 H   9 -0.248731  0.077338  0.112810 -0.197251 -0.445982 -0.015107 -0.038219 -0.348280  0.826041 -0.445982 -0.422871 -0.104806 -0.286950 -0.258582 -0.310061 -0.097702 -0.057637 -0.371391  0.102959 -0.407764
 10 H  10 -0.273286 -0.024998  0.289697 -0.102919 -0.472424  0.000000  0.000000 -0.252061  1.006358 -0.497422 -0.497422 -0.126031 -0.323282 -0.245361 -0.323282 -0.002927 -0.227063 -0.419501  0.155843 -0.497422
 11 S  11  0.082865 -0.284448 -0.197534 -0.256845 -0.275205 -0.155409 -0.193628 -0.260822 -0.347665 -0.260612 -0.184175 -0.155409 -0.131573 -0.416021  0.163095  0.194849 -0.017127 -0.592523 -0.400267 -0.219860
 12 S  12  0.080082 -0.301695 -0.123437 -0.029959 -0.305604 -0.143750 -0.093754 -0.170770 -0.266672 -0.365309 -0.390307 -0.168748 -0.257359 -0.301056  0.044160  0.230679 -0.039709 -0.547539 -0.332172 -0.314004
 13 G  13 -0.096532 -0.276565 -0.181004 -0.246892 -0.438966 -0.204171 -0.155914  0.153954 -0.336899 -0.299713 -0.179044 -0.240368 -0.185568 -0.342435 -0.373096 -0.120669 -0.252427 -0.385156 -0.366572 -0.245903
 14 R  14  0.247596  0.071894 -0.123834 -0.162286 -0.273306  0.112224  0.085373 -0.150131 -0.173830 -0.349609 -0.297654  0.030488 -0.175475 -0.424025 -0.204318  0.144569 -0.050068 -0.501322 -0.326843 -0.229966
 15 E  15 -0.170164  0.207123  0.023111  0.115080 -0.545003  0.151350  0.336143 -0.347430 -0.099549 -0.479375 -0.444174  0.120923 -0.297122 -0.517594 -0.243584 -0.020094  0.044042 -0.540705 -0.393653 -0.375529
 16 N  16 -0.286580  0.037205  0.541920  0.366026 -0.541943  0.036197  0.120669 -0.132729 -0.007034 -0.565055 -0.589192  0.012060 -0.393137 -0.565055 -0.308665  0.132661 -0.073420 -0.724913 -0.452445 -0.565055
 17 L  17 -0.177089 -0.436923 -0.632979 -0.711827 -0.240868 -0.355914 -0.515772 -0.477414 -0.470959 -0.121528  0.117179 -0.436923  0.040491  0.008615 -0.596782 -0.364529 -0.240868  0.624817  0.010776 -0.164180
 18 Y  18 -0.210557 -0.324931 -0.182177 -0.400763 -0.378309 -0.236192 -0.276822 -0.533077  0.265873 -0.081887 -0.203447 -0.335135 -0.157806 -0.084081 -0.457189 -0.130469 -0.019463 -0.363479  0.217595 -0.054452
 19 F  19 -0.298124 -0.315459 -0.638892 -0.853734 -0.370518 -0.435249 -0.638892 -0.891953 -0.557632  0.304182  0.523839 -0.424050  0.361912  0.135188 -0.751916 -0.453792 -0.298124 -0.442516 -0.131171  0.107883
 20 Q  20 -0.232669  0.616615 -0.049996 -0.291964 -0.648012  0.604416  0.148376 -0.490337 -0.049996 -0.598017 -0.365347  0.291159  0.016504 -0.623014 -0.366153 -0.133483 -0.232669 -0.548826 -0.341155 -0.498830
 21 G  21 -0.036197 -0.660242 -0.108591 -0.384416 -0.863673 -0.660242 -0.660242  1.510163 -0.660242 -0.958512 -1.030907 -0.660242 -0.791278 -0.827476 -0.660242 -0.072394 -0.587847 -0.660242 -0.863673 -0.718884
 22 S  22 -0.132263 -0.399459 -0.286245 -0.234427 -0.706654 -0.145216  0.044435 -0.596991 -0.448279 -0.492690 -0.541973 -0.115987 -0.340921 -0.525404 -0.042151  0.087786  0.069102 -0.847380 -0.494131 -0.299710
 23 G  23  0.032871 -0.440438 -0.428593 -0.709128 -0.340608 -0.522109 -0.665037  0.204069 -0.641034 -0.444864 -0.227346 -0.505881 -0.267917 -0.570984 -0.704725 -0.179932 -0.387983 -0.698447 -0.628906 -0.383111
 24 S  24  0.086690 -0.547921 -0.083914 -0.100253 -0.588686 -0.232008 -0.122839 -0.114160 -0.574511 -0.493917 -0.538333 -0.293203 -0.357154 -0.719008 -0.538500  0.491804 -0.004715 -1.051819 -0.738117 -0.406790
 25 A  25  2.107275 -0.753510 -1.192714 -1.222954 -0.422596 -0.503709 -0.543371 -0.155197 -1.281621 -0.897718 -0.879347 -0.681582 -0.717794 -1.261065 -0.890728  0.657765 -0.093024 -2.006611 -1.276900 -0.295639
 26 A  26  2.053034 -0.977877 -1.493177 -1.563623 -0.409416 -0.898507 -0.944532 -0.172933 -1.595857 -0.561076 -0.640563 -0.888987 -0.616275 -1.477101 -0.672049  0.252884 -0.185146 -2.194667 -1.467647  0.105084
 27 R  27 -0.511420  2.333252 -0.438479 -1.581726 -1.923544  0.394594 -0.283327 -1.514318 -0.174829 -1.693688 -1.205785  0.804675 -0.593131 -1.556060 -1.526898 -0.731687 -0.740627 -1.850687 -0.805606 -1.580283
 28 L  28 -0.617723 -1.524941 -2.095394 -2.671905 -0.594800 -1.303398 -2.006437 -2.719176 -2.130947  1.253455  2.138510 -1.396092  1.455015 -0.297115 -1.748370 -1.316307 -0.550956 -1.579589 -0.855850  0.904545
 29 S  29 -0.131282 -1.337156 -1.486928 -1.749162  2.188982 -1.321395 -1.809126 -1.718621 -1.520740 -0.753367 -0.647731 -1.318935 -0.570151 -1.265804 -1.134890 -0.419875 -0.388187 -1.590455 -1.006206 -0.636743
 30 S  30  0.282340 -1.604014 -1.477161 -1.501915  3.810193 -1.412624 -1.745876 -1.591936 -1.707130 -0.986728 -0.978448 -1.452083 -0.793399 -1.508553 -1.556185  0.012492 -0.392683 -1.716582 -1.454152 -0.853030
 31 Q  31 -0.203615  0.255490 -0.309748 -0.308462 -1.775148  2.291016  0.958457 -1.300335 -0.350454 -1.674739 -1.244818  0.411669 -0.213070 -1.876723 -0.791975  0.056934 -0.414097 -1.585889 -0.792464 -0.976186
 32 L  32 -0.626211 -1.237292 -1.586711 -2.082056 -1.115803 -1.204475 -1.694138 -1.726833 -1.805898  0.284490  1.286059 -1.211080  0.503320 -0.649044 -1.383268 -1.005032 -0.767545 -1.622755 -1.021997 -0.073721
 33 D  33 -1.065326 -1.068470  0.763805  3.008895 -2.107688 -0.041047  1.053822 -0.556346 -0.748625 -2.168093 -2.628877 -0.341001 -1.937672 -2.208695 -0.846812  0.164350 -0.469715 -2.794386 -2.080121 -1.985780
 34 P  34 -0.612116 -1.359357 -1.251359 -0.741860 -2.060691 -0.620011 -0.603290 -1.451938 -1.384227 -1.992605 -1.913954 -0.636045 -1.242967 -2.628064  3.937841 -0.371701 -0.591513 -2.788612 -1.997474 -1.389311
 35 A  35  1.645438 -0.794507 -0.513196 -0.857320 -0.564319 -0.524568 -0.454938 -0.180925 -1.229782 -1.039768 -1.063704 -0.553936 -0.811811 -1.583309 -0.792247  1.172275  0.447146 -2.237721 -1.534964 -0.520291
 36 R  36 -0.715856  2.280339 -0.081714 -1.005512 -2.180971  0.435053 -0.142115 -0.792698 -0.378338 -2.140451 -1.540181  0.756275 -0.880629 -2.135880 -1.467860 -0.616056 -0.851804 -2.147094 -1.579549 -2.053016
 37 D  37 -1.274508 -0.771631  0.761878  2.874688 -2.116519  0.059991  1.093985 -0.901776 -0.587850 -1.964423 -2.329925 -0.421166 -1.729712 -2.055327 -0.927029 -0.058959 -0.558176 -2.693181 -1.922402 -1.940067
 38 V  38 -0.112994 -1.581345 -1.617353 -1.675550 -0.840268 -1.108369 -1.155973 -1.843122 -1.779213  1.381353  0.323030 -1.138944  0.416509 -0.808459 -1.354189 -0.979417  0.005650 -2.019565 -0.822365  1.865284
 39 L  39 -0.473143 -1.327329 -1.739518 -2.245073 -0.873814 -1.274636 -1.754562 -2.048524 -1.863127  0.726989  1.574493 -1.266357  0.709764 -0.426579 -1.366875 -1.014767 -0.562167 -1.566270 -0.902750  0.353693
 40 S  40 -0.198503 -1.665340 -1.656677 -1.789263  3.356283 -1.410274 -2.038410 -1.944644 -1.751774 -0.569224 -0.407085 -1.563503 -0.414219 -1.257649 -1.346850 -0.592720 -0.514383 -1.510794 -1.194779 -0.529793
 41 L  41 -0.554556 -1.283331 -1.942743 -2.520608 -0.397689 -1.288153 -1.891723 -2.541022 -1.948300  1.138530  2.033733 -1.223284  1.123162 -0.222710 -1.933048 -1.244312 -0.631841 -1.474608 -0.752679  0.697751
 42 R  42 -0.636168  2.027805 -0.070563 -1.044536 -1.941341  0.465461 -0.088176 -1.251258 -0.237670 -1.824598 -1.405517  0.766470 -0.727787 -2.019305 -0.653162 -0.451050 -0.598572 -2.139910 -1.381040 -1.705400
 43 P  43 -0.704239 -1.267873 -1.136864 -0.340185 -2.009945 -0.599679 -0.505452 -1.189998 -1.274827 -2.022802 -2.051893 -0.574703 -1.381911 -2.601934  4.053074 -0.591989 -0.682838 -2.636192 -1.991923 -1.399934
 44 V  44 -0.223085 -1.830039 -1.900858 -2.069301 -0.751293 -1.342273 -1.489849 -1.930715 -1.772282  1.190005  0.536885 -1.403468  0.419182 -0.267873 -1.586203 -1.183500 -0.049826 -1.160251 -0.332481  1.580737
 45 G  45  0.247175 -0.694841 -0.016632 -0.569104 -1.658365 -0.759728 -0.834145  2.327766 -1.089799 -2.242853 -2.180345 -0.775602 -1.546133 -1.891683 -1.170678  0.395558 -0.839812 -1.642901 -1.794054 -1.741310
 46 A  46  1.869286 -0.760443 -1.192942 -1.125262 -0.232979 -0.653642 -0.618956 -0.272493 -1.314852 -0.923555 -0.936383 -0.667935 -0.799073 -1.550579 -0.175625  0.484486 -0.050579 -2.086116 -1.456448 -0.317417
 47 E  47 -0.252378 -0.290615 -0.140176  0.574540 -2.020496  0.789434  1.754896 -0.920667 -0.203021 -1.763495 -1.750251  0.172908 -1.119129 -1.848307 -0.422435  0.215888 -0.433418 -1.957683 -1.268172 -1.199735
 48 S  48  0.208830 -0.550565  0.298579  0.005608 -1.208100  0.096118  0.023620 -0.479804 -0.799499 -1.689163 -1.641938 -0.010627 -0.890356 -1.824511  0.103316  1.799479  0.372039 -2.307287 -1.592211 -1.507788
 49 R  49 -0.442268  1.667259 -0.237349 -1.225603 -0.984776  0.111572 -0.312423 -1.165745 -0.523723 -1.976828 -1.516664  0.583328 -0.876670 -1.938320 -1.491794 -0.130301 -0.475878 -2.021242 -1.428930 -1.864493
 50 G  50 -0.027198 -1.217991 -0.058368 -0.657026 -2.170027 -1.008339 -0.971690  3.000231 -0.983491 -2.726904 -2.708483 -1.171976 -1.968201 -2.194863 -1.092439  0.024332 -1.272248 -1.738791 -1.946193 -2.034680
 51 R  51 -0.335090  1.959907 -0.359601 -1.042095 -1.955032  0.355733 -0.114397 -1.201770 -0.462620 -2.057685 -1.598751  0.704088 -0.922645 -2.244097 -0.345658 -0.468857 -0.655330 -2.341110 -1.619500 -1.832599
 52 P  52 -0.290958 -1.446618 -1.227878 -0.854196 -1.862446 -0.799062 -0.799062 -1.054898 -1.530872 -1.795851 -1.904285 -0.799062 -1.270348 -2.581553  3.334206 -0.276717 -0.324520 -2.759065 -2.056375 -1.091604
 53 F  53 -0.807586 -1.842331 -2.018184 -2.215096 -1.172425 -1.588908 -1.853942 -2.312342 -1.646698  0.451938  0.760461 -1.623830  0.371033  0.838551 -1.612171 -1.174605 -0.707049 -0.856687 -0.016232  0.164375
 54 S  54  0.314581 -0.621859 -0.033266 -0.283838 -1.321558 -0.089280 -0.040535 -0.587227 -0.848086 -1.749467 -1.705291 -0.124454 -0.996068 -1.899497  0.499328  1.520447  0.123195 -2.405246 -1.562529 -1.487622
 55 G  55 -0.000916 -0.319551  0.078369 -0.913594 -2.080697 -0.833720 -0.990311  2.246404 -0.874690 -2.657423 -2.500833 -0.718154 -1.763227 -2.208149 -1.378510  0.159807 -1.000574 -1.883980 -1.927988 -2.134563
 56 S  56 -0.454348 -1.444141 -1.225299 -0.980437 -1.881912 -0.836287 -0.879451 -1.316015 -1.549669 -1.575821 -1.694024 -0.836151 -1.101633 -2.308177  2.767829 -0.265467 -0.272018 -2.710995 -1.904219 -0.989840
 57 L  57 -0.470492 -1.039184 -1.516986 -2.180659 -1.144162 -1.054644 -1.558025 -2.117398 -1.718783  0.168891  1.070876 -0.914301  0.496065 -0.408787 -1.649682 -0.575307 -0.558770 -1.740657 -0.895610 -0.186455
 58 G  58  0.360391 -1.195676 -0.438311 -1.045621 -1.793540 -1.205149 -1.315709  2.702648 -1.467425 -2.292694 -2.186609 -1.255745 -1.667136 -1.864087 -1.361246  0.005187 -1.004514 -1.604634 -1.889884 -1.654894
 59 T  59  0.839068 -0.985663 -0.659771 -0.788800 -1.036113 -0.745571 -0.688860 -0.386325 -1.156884 -1.333592 -1.346503 -0.801095 -1.031878 -1.566935 -0.402493  0.651308  0.458762 -2.164269 -1.510047 -0.825412
 60 L  60 -0.336381 -1.583251 -1.960612 -2.489852 -0.922406 -1.257582 -1.796076 -2.454555 -1.901298  0.878454  1.557445 -1.368817  0.796970 -0.274299 -1.759116 -0.950031 -0.560284 -1.719674 -0.626936  0.612764
 61 S  61  0.092070 -1.220131 -1.111213 -0.861777 -1.672747 -0.580801 -0.595777 -1.179002 -1.447673 -1.666459 -1.744146 -0.620988 -1.084181 -2.454399  2.549944  0.169063 -0.272718 -2.838654 -1.988341 -1.048247
 62 S  62  0.674001 -0.733023 -0.272604 -0.458583 -1.286540 -0.167078 -0.063131 -0.548851 -1.001035 -1.742219 -1.707438 -0.236076 -1.048241 -2.067298  0.515508  1.417287  0.149973 -2.579161 -1.767841 -1.333139
 63 P  63  0.089093 -0.948163 -0.959170 -0.908468 -1.657432 -0.547384 -0.613529 -1.107924 -1.128499 -1.840869 -1.814503 -0.550571 -1.203544 -2.262663  2.136771  0.220019 -0.206666 -2.600565 -1.641468 -1.274638
 64 S  64  0.658202 -0.738904 -0.077690 -0.619028 -0.999123 -0.172740 -0.319221 -0.638246 -1.076667 -1.368726 -1.240496 -0.185378 -0.713127 -1.720390 -0.366404  1.724948  0.586221 -2.348031 -1.568425 -1.099958
 65 P  65  0.076870 -1.100264 -1.082290 -1.034184 -1.554399 -0.634791 -0.768946 -1.384498 -1.504154 -1.418406 -1.334637 -0.728897 -0.945003 -2.273365  1.741780 -0.092112  0.128016 -2.665319 -1.884090 -0.821556
 66 S  66  0.262968 -1.004072 -0.285173 -0.610729 -1.249142 -0.337405 -0.392292 -0.877075 -0.907177 -1.354760 -1.420866 -0.358567 -0.856801 -1.401099 -0.210227  1.257755  0.119087 -2.168079 -1.021320 -1.113540
 67 A  67  2.187136 -0.971041 -1.300722 -1.417671 -0.473343 -0.791786 -0.820662 -0.323963 -1.575089 -0.901162 -0.927840 -0.786021 -0.784817 -1.729301 -0.339723  0.758024 -0.016709 -2.517028 -1.674119 -0.260243
 68 V  68 -0.082789 -1.880134 -1.779688 -2.087836 -1.041159 -1.416371 -1.496294 -1.802156 -2.050274  1.136895  0.358125 -1.270609  0.312924 -0.778694 -1.596502 -1.027024 -0.103135 -2.162147 -0.932603  1.632377
 69 P  69 -0.528710 -1.414029 -1.069173 -0.540084 -1.984470 -0.531194 -0.577733 -1.401542 -1.447866 -1.888533 -1.856640 -0.680001 -1.189879 -2.604314  3.227368 -0.072935 -0.487576 -2.912843 -2.078847 -1.364986
 70 T  70  0.912894 -0.850437 -0.617163 -0.946657 -1.004775 -0.638900 -0.574663 -0.572762 -1.384048 -1.174569 -1.173686 -0.667622 -0.890190 -1.810911 -0.291510  0.687018  0.727653 -2.274383 -1.697631 -0.600950
 71 D  71 -0.352950 -1.369524  0.179996  1.385605 -1.641656 -0.425427  0.217777 -0.741245 -1.045301 -1.479727 -1.950946 -0.744239 -1.371918 -1.813109 -0.698859  0.513157 -0.290420 -2.752262 -1.803647 -1.285318
 72 H  72 -0.731701 -0.670749 -0.068751 -0.576797 -1.952772 -0.400121 -0.324925 -1.130806  2.379150 -1.870199 -1.981585 -0.873189 -1.394214 -1.290975 -0.658396 -0.485911 -0.972532 -1.951084  0.104254 -1.603366
 73 G  73  0.112494 -1.225258 -0.377153 -0.775397 -2.149766 -0.828338 -0.919668  2.533242 -1.417633 -2.612061 -2.514297 -1.102746 -1.792386 -2.335670 -0.741736  0.004182 -1.194020 -1.924559 -2.111883 -1.870942
 74 A  74  1.578416 -0.758985 -0.781589 -0.618573 -0.792297 -0.222107 -0.284742 -0.396258 -1.229136 -1.320021 -1.291074 -0.517541 -0.903804 -1.801387 -0.372710  0.909940 -0.078553 -2.446090 -1.627711 -0.778134
 75 H  75 -1.186194 -0.243024  0.480201 -0.572786 -2.220410 -0.186997 -0.258177 -0.751157  3.126841 -2.181295 -2.152384 -0.731872 -1.439553 -1.013796 -1.594709 -0.467447 -1.264546 -1.651540  0.449373 -2.089550
 76 L  76 -0.664381 -1.202587 -2.193029 -2.968621 -0.787667 -1.428845 -2.151603 -2.958654 -2.193029  1.272575  2.502505 -1.363154  1.254189 -0.294845 -2.270128 -1.473375 -0.748344 -1.750811 -0.898950  0.657061
 77 S  77  0.345967 -1.015469 -0.222746 -0.341674 -1.282535 -0.215312 -0.210969 -0.697301 -1.071847 -1.541356 -1.606859 -0.377917 -0.937239 -1.887088  0.611491  1.316034  0.210821 -2.473121 -1.629095 -1.182173
 78 L  78 -0.561244 -1.331730 -1.935571 -2.358581 -0.968699 -1.326879 -1.820880 -2.637972 -2.062233  0.951847  1.801091 -1.333780  0.875201 -0.483888 -1.779882 -1.213943 -0.497785 -1.845752 -1.000912  0.545453
 79 R  79 -0.753599  2.195151 -0.049306 -1.306497 -2.271011  0.323246 -0.216598 -1.093955  0.302206 -2.312092 -1.759471  0.771672 -1.022876 -2.196580 -1.013292 -0.553750 -0.688323 -2.254367 -1.352796 -2.133373
 80 G  80 -0.210117 -0.475623 -0.132999 -0.934476 -2.060845 -0.907002 -1.131049  2.688968 -1.174375 -2.599904 -2.403906 -0.836521 -1.717270 -2.072888 -1.372256 -0.207371 -1.272127 -1.607152 -1.923807 -2.058584
 81 L  81 -0.512203 -1.386166 -2.000795 -2.659856 -0.740029 -1.337353 -2.008438 -2.535686 -2.049834  1.209291  2.329575 -1.380360  1.322288 -0.120753 -2.041243 -1.177381 -0.682704 -1.501813 -0.794122  0.640911
 82 P  82 -0.651873 -1.225815 -1.260243 -0.596822 -2.039105 -0.439664 -0.462284 -1.354242 -1.260243 -2.005334 -1.983892 -0.580403 -1.283275 -2.645723  4.269566 -0.622631 -0.670961 -2.629053 -1.945106 -1.325494
 83 V  83  0.777733 -1.464268 -1.578201 -1.599442 -0.529944 -1.040128 -1.032580 -1.264702 -1.666110  0.732752 -0.024293 -1.044235  0.028529 -1.042040 -0.748528 -0.517423 -0.057031 -2.060276 -1.004895  1.329210
 84 S  84  0.123780 -1.847457 -1.741079 -1.890312  4.072650 -1.728900 -2.253489 -1.763201 -1.948735 -0.490874 -0.512999 -1.734061 -0.515530 -1.298357 -1.838976 -0.378694 -0.315824 -1.511224 -1.333438 -0.397751
 85 A  85  1.062558 -0.959882 -0.993061 -0.948182 -0.623181 -0.687608 -0.675281 -0.486676 -0.666757 -1.067907 -1.141553 -0.840633 -0.865410 -1.150027 -0.452471  0.242237 -0.360409 -1.923854 -1.012186 -0.628219
 86 F  86 -0.555697 -1.614439 -1.477112 -1.403518 -1.295385 -1.359670 -1.399512 -1.243248 -0.919386 -0.530648 -0.559486 -1.526792 -0.407216  1.660177 -1.869104 -0.713820 -0.784707 -0.443246  0.597948 -0.680130
 87 S  87  0.410203 -0.851524  0.166490 -0.341189 -0.859779 -0.290391 -0.230170 -0.253602 -0.948458 -1.268662 -1.232036 -0.326897 -0.745473 -1.501578 -0.559925  1.699107  0.423970 -2.075667 -1.464497 -1.130120
 88 S  88  0.648921 -0.303226  0.025987 -0.407589 -0.792636 -0.068594 -0.062189 -0.391613 -0.792217 -1.434235 -1.350173  0.040194 -0.779270 -1.612946 -0.334482  1.565380  0.212546 -2.117921 -1.442082 -1.224368
 89 A  89  1.873577 -0.854866 -1.026566 -1.086437 -0.044344 -0.715836 -0.735345  0.011503 -1.327282 -0.995267 -1.003733 -0.724301 -0.831809 -1.510923 -0.489163  0.731150  0.002504 -2.023190 -1.471230 -0.433333
 90 G  90  0.103913 -1.131107  0.108403 -0.616531 -1.676976 -1.087396 -1.100496  2.922929 -1.150974 -2.184521 -2.160126 -1.089635 -1.620252 -1.776309 -1.215066  0.173624 -0.987596 -1.433228 -1.757446 -1.655492
 91 P  91 -0.420317 -1.281763 -1.308996 -0.864201 -1.684901 -0.718400 -0.740640 -1.311474 -1.180236 -1.472392 -1.513793 -0.735978 -1.020271 -2.133724  3.293562 -0.605922 -0.583537 -2.391466 -1.627857 -0.911558
 92 S  92  0.037197 -1.686638 -1.448328 -1.579200  3.198117 -1.514829 -1.914097 -1.264631 -1.699248 -0.460656 -0.654272 -1.520241 -0.536010 -1.202977 -1.592536 -0.337016 -0.353068 -1.368801 -1.197565 -0.297153
 93 A  93  1.777402 -0.667407 -1.078203 -1.263046  0.108319 -0.762095 -0.855496  0.075114 -1.258050 -0.931572 -0.902078 -0.744578 -0.794903 -1.360306 -0.885842  0.430948 -0.045821 -1.772109 -1.282903 -0.374120
 94 L  94 -0.558848 -1.200685 -1.709907 -2.305799 -0.631046 -1.134934 -1.724182 -2.261954 -1.747147  0.977940  2.102929 -1.164488  1.097200 -0.063507 -1.777956 -1.011009 -0.558651 -1.035689 -0.605624  0.434569
 95 R  95 -0.613392  1.671559 -0.237750 -0.820326 -1.719834  0.188076 -0.155615 -1.031114 -0.384999 -1.575593 -1.213653  0.556908 -0.707378 -1.758513 -0.642451 -0.592370 -0.618116 -1.876267 -1.303495 -1.484985
 96 F  96 -0.920898 -1.568914 -1.684491 -1.757291 -1.048741 -1.487502 -1.625993 -1.778240 -0.878890  0.167255  0.268158 -1.523700  0.256028  2.237917 -1.792842 -1.076309 -0.974032 -0.043267  0.938694 -0.261166
 97 T  97 -0.054499 -0.454531 -0.067504 -0.570164 -0.747296 -0.494052 -0.523708 -0.959542 -1.039522 -0.796592 -0.766937 -0.464397 -0.645322 -1.263110 -0.278169  0.491535  2.103350 -1.286694 -1.190792 -0.304362
 98 S  98  0.450256 -0.602761  0.100867 -0.289157 -0.102020 -0.070758 -0.232009 -0.331994 -0.704893 -1.030905 -0.994465 -0.216519 -0.535342 -1.161383 -0.559934  1.475826  0.401007 -1.534525 -1.075645 -0.915917
 99 A  99  1.737086 -0.648149 -1.004732 -1.118341 -0.201541 -0.635292 -0.671733 -0.015761 -1.159068 -0.584555 -0.511674 -0.635292 -0.537043 -1.097259 -0.684589  0.434402  0.036763 -1.593164 -1.133699 -0.111861
100 R 100 -0.404856  1.949373 -0.086864 -0.971545 -1.448988  0.348475 -0.020883 -1.077801 -0.229163 -1.474713 -1.014964  0.746177 -0.560440 -1.559019 -1.059003 -0.288017 -0.314823 -1.650052 -1.127861 -1.424109
101 R 101 -0.274962  0.791922 -0.252735 -1.059587 -0.339335 -0.165813 -0.525444 -1.086049  0.106410 -1.267864 -1.008290 -0.004593 -0.661164 -1.247925 -1.147912 -0.295920 -0.338920 -1.434394 -0.708291 -1.185148
102 M 102 -0.619967 -0.417870 -1.028596 -1.451678 -0.735178 -0.098430 -0.998940 -1.659270 -1.087908  0.291003  0.844499 -0.516547  2.101512 -0.249372 -1.173463 -0.615223 -0.590311 -0.819402 -0.692401  0.236435
103 E 103 -0.546735 -0.371446  0.004453  1.143721 -1.905813  0.578471  1.777485 -0.791640 -0.344772 -1.552922 -1.668714  0.106012 -1.162630 -1.628843 -0.633782 -0.009383 -0.373632 -1.734441 -1.258139 -1.100406
104 T 104 -0.082510 -0.489942 -0.230136 -0.704157 -0.741072 -0.518007 -0.584103 -1.000440 -1.045650 -0.598036 -0.561272 -0.481567 -0.483963 -1.143469 -0.418732  0.328486  1.612784 -1.301722 -1.100412 -0.206099
105 T 105  0.176188 -0.667501 -0.230376 -0.647237 -0.648943 -0.589171 -0.589171 -1.020809 -1.161772 -0.713182 -0.722510 -0.589171 -0.648844 -1.274946 -0.227973  0.522010  2.124942 -1.376499 -1.230773 -0.174739
106 V 106 -0.202847 -1.624267 -1.759888 -1.877932 -0.338030 -1.148761 -1.353599 -1.842777 -1.724734  1.336686  0.714216 -1.206061  0.694319 -0.491688 -1.341682 -1.147073 -0.214763 -1.348693 -0.592155  1.676571
107 N 107 -0.954567 -0.002921  2.247443  0.273378 -1.684467  0.049938  0.167204 -0.321228  0.218543 -1.699887 -1.633952 -0.004183 -1.068209 -1.599488 -1.132064  0.440304 -0.053688 -1.743291 -1.080737 -1.621242
108 A 108  1.179904 -0.848891 -1.057835 -1.100498 -0.466880 -0.774924 -0.771277 -0.381897 -0.965856 -0.677377 -0.685843 -0.802876 -0.609296 -0.491101 -0.747982  0.223588 -0.078144 -1.325631 -0.661717 -0.319679
109 H 109 -0.741409 -0.496921 -0.338501 -0.944423 -1.377019 -0.351422 -0.468509 -1.379843  1.633656 -0.883124 -0.957253 -0.695338 -0.645708 -0.865206 -0.595570 -0.632590 -0.706806 -1.476814  0.071923 -0.769357
110 Q 110 -0.529522  0.672151 -0.227795 -0.644426 -1.390808  0.938802  0.185295 -1.055389 -0.191310 -1.335201 -0.955777  0.258543 -0.318335 -1.293338 -0.897927 -0.209999 -0.282578 -0.843805 -0.658820 -1.071897
111 I 111 -0.225353 -0.951639 -0.233340 -0.566613 -0.862508 -0.632216 -0.633529 -0.591214 -0.757679 -0.359432 -0.585672 -0.721657 -0.340838 -0.658026 -1.067174  0.115096 -0.230905 -1.101868 -0.705180 -0.325912
112 L 112 -0.474335 -1.040907 -1.352245 -1.723328 -0.527694 -0.898426 -1.188984 -1.870335 -1.170125  0.691654  1.268687 -0.956951  0.614833 -0.282572 -1.416979 -0.909101 -0.491912 -1.190968 -0.527449  0.432632
113 P 113 -0.269711 -0.701515 -0.988007 -0.740218 -1.355271 -0.487316 -0.547238 -1.020409 -1.011718 -1.240376 -1.244788 -0.436073 -0.828236 -1.819876  2.304898 -0.451760 -0.450947 -1.967410 -1.406501 -0.796430
114 K 114 -0.288273  0.520312 -0.015747 -0.312178 -1.303956  0.333866  0.269233 -0.914197 -0.603631 -1.372742 -1.057710  1.325367 -0.579855 -1.476318 -0.611985  0.221238 -0.027273 -1.568007 -1.105881 -0.966791
115 V 115  0.011652 -1.364525 -1.369202 -1.363748 -0.435035 -0.962622 -1.023403 -1.426384 -1.448926  0.977943  0.321703 -1.015404  0.254279 -0.631235 -0.993151 -0.748939 -0.141228 -1.553056 -0.694635  1.264266
116 L 116 -0.505667 -1.145330 -1.652077 -2.110724 -0.632149 -1.086731 -1.581561 -2.019221 -1.515888  0.735531  1.657461 -1.127208  0.784937 -0.013159 -1.525809 -1.058179 -0.600743 -0.799821 -0.391142  0.318754
117 H 117 -0.912410  0.228493 -0.011543 -0.820961 -1.528342  0.292125 -0.124831 -1.298235  2.152342 -1.263918 -1.069506 -0.297019 -0.629279 -0.682813 -1.154051 -0.601564 -0.912410 -1.064969  0.537009 -1.237231
118 K 118 -0.588802  0.939750 -0.042590 -0.672338 -1.599668  0.470621  0.289569 -1.194041 -0.561078 -1.419017 -0.967864  1.938115 -0.478652 -1.575416 -0.757802 -0.118820 -0.492474 -1.679152 -1.079589 -1.024616
119 R 119 -0.586986  1.830944 -0.183595 -1.242473 -1.608462  0.189449 -0.334682 -0.997276 -0.189860 -1.490486 -0.972693  0.580651 -0.525665 -1.388834 -1.268432 -0.603311 -0.665056 -1.457101 -0.839923 -1.474902
120 T 120  0.048578 -0.400616 -0.393131 -0.816746 -0.746445 -0.288868 -0.514256 -1.152578 -1.045967 -0.548152 -0.466480 -0.460148 -0.379209 -1.134060 -0.641102  0.156941  1.478539 -1.299759 -1.026962 -0.097084
121 L 121 -0.527120 -1.277837 -1.738098 -2.194566 -0.622174 -1.186576 -1.646837 -2.204202 -1.712947  1.162843  1.896745 -1.186576  0.974174 -0.059257 -1.629068 -1.168158 -0.527120 -1.235120 -0.559294  0.775425
122 G 122 -0.305602 -0.902154 -0.026529 -0.144079 -1.720220 -0.779560 -0.638086  2.049419 -0.897447 -2.076404 -2.087574 -0.668181 -1.550162 -1.560895 -1.064359 -0.099919 -1.031072 -1.262452 -1.372637 -1.612381
123 L 123 -0.539486 -1.073616 -1.422958 -1.924840 -0.633871 -0.917414 -1.444673 -1.851959 -1.462725  0.564124  1.416733 -1.005784  0.898041 -0.095300 -1.550775 -0.747142 -0.503046 -0.662760 -0.517756  0.175335
124 S 124 -0.090121 -0.607050 -0.262836 -0.509874 -0.957295 -0.199419 -0.337325 -0.711684 -0.729868 -1.088975 -0.953331 -0.179730 -0.527293 -0.961469  0.093001  0.742710 -0.095886 -1.524318 -0.930268 -0.998412
125 A 125  0.882936 -0.586451 -0.607043 -0.598399 -0.645901 -0.416931 -0.413686 -0.101321 -1.004123 -0.829865 -0.895751 -0.551835 -0.705869 -1.259739 -0.690760  0.237730  0.148204 -1.562206 -1.174170 -0.353845
126 M 126 -0.274179 -0.458647 -1.078501 -1.531439 -0.420193 -0.429172 -1.095409 -1.188322 -1.118463 -0.003210  0.257974 -0.645918  1.083470 -0.535735 -1.219873 -0.562625 -0.573865 -0.852978 -0.770553  0.042431
127 S 127  0.306029 -0.581683  0.263293 -0.192745 -0.805354  0.135659 -0.055485 -0.338144 -0.665060 -1.181049 -1.068178 -0.079874 -0.517590 -1.277668 -0.380257  1.722948  0.306029 -1.746949 -1.161764 -1.119027
128 T 128 -0.213963  0.009657 -0.143554 -0.723282 -1.038063 -0.214301 -0.310860 -1.223638 -0.968017 -0.956943 -0.768222  0.145355 -0.420756 -1.369367 -0.640307  0.310875  1.420420 -1.466529 -1.227081 -0.501180
129 T 129 -0.253448 -0.469121 -0.139563 -0.297677 -1.104551 -0.255089 -0.287494 -1.132099 -0.948507 -1.114789 -1.083574 -0.267443 -0.783551 -1.439258 -0.180770  0.376486  1.342631 -1.584593 -1.188663 -0.664253
130 D 130 -0.864699 -1.273774 -0.362868  0.957390 -1.432311 -0.547034 -0.057213 -0.837617 -1.033029 -1.194102 -1.437744 -0.898239 -1.085058 -1.169668 -1.106926 -0.373407 -0.245529 -0.922485 -1.145739 -1.052493
131 L 131 -0.620372 -1.428173 -1.635520 -2.015860 -0.820292 -1.273130 -1.656722 -1.875626 -1.656680  0.768623  1.115624 -1.345180  0.574889 -0.266452 -1.585178 -0.948064 -0.627754 -0.852042 -0.638760  0.392820
132 E 132 -0.398085 -0.037851 -0.006609  0.745898 -1.979556  0.772334  1.868794 -1.101986 -0.344987 -1.668736 -1.639567  0.340029 -1.095647 -1.782678 -0.693865  0.183737 -0.040707 -1.854659 -1.313681 -1.136673
133 A 133  0.719844 -0.696431 -0.923326 -0.814954 -0.966154 -0.388414 -0.198072 -0.737186 -0.646923 -0.979098 -0.939210 -0.548638 -0.710070 -0.714476 -0.643695  0.035161 -0.337460 -1.513138 -0.721590 -0.587708
134 Y 134 -1.050127 -1.154227 -1.034368 -1.595167 -1.254024 -0.649819 -1.033934 -1.787536  0.887171 -0.619788 -0.679100 -1.145141 -0.622275  1.188775 -1.688085 -0.971452 -0.644321  0.504799  2.988504 -0.520338
135 F 135 -0.985802 -1.706925 -1.574597 -1.583606 -1.118553 -1.523240 -1.576010 -1.894826 -0.788148  0.288980  0.113522 -1.618896 -0.008217  1.998822 -2.110490 -0.970640 -0.956309 -0.250244  1.107762 -0.182680
136 K 136 -0.661649  1.516145 -0.052841 -0.762005 -1.974861  0.623899  0.471472 -1.309851 -0.556635 -1.974861 -1.356442  2.650792 -0.687658 -2.011367 -0.490540 -0.154082 -0.654925 -2.004233 -1.342584 -1.440874
137 D 137 -1.062337 -1.014387  0.674454  2.631996 -1.849051 -0.008683  1.010956 -0.779184 -0.613699 -1.788651 -2.220179 -0.496164 -1.641550 -1.902830 -0.479171  0.093244 -0.120999 -2.391402 -1.772538 -1.624157
138 S 138 -0.115322 -1.304796 -1.415789 -1.395672  2.968726 -0.984976 -1.454299 -1.628016 -1.469946 -0.634270 -0.705760 -1.220679 -0.491493 -1.334842 -1.368164 -0.500203 -0.518427 -1.443270 -1.147653 -0.443913
139 L 139 -0.299238 -1.624091 -1.884144 -2.146433 -0.129042 -1.298607 -1.621508 -2.129075 -1.823132  1.331540  1.231185 -1.318199  0.737114 -0.368341 -1.589166 -1.214331 -0.342494 -1.407001 -0.567381  1.386058
140 F 140 -0.877299 -1.665407 -1.870035 -2.045007 -1.014050 -1.647280 -1.822252 -1.985695 -1.049085  0.374670  0.688359 -1.647280  0.338415  2.385412 -2.232727 -1.177493 -0.995922 -0.082819  0.979014 -0.162994
141 K 141 -0.199825  0.711005 -0.106164 -0.670975 -1.443362  0.382220  0.249491 -1.123033 -0.675848 -1.477504 -1.070791  1.512486 -0.591219 -1.633262 -0.713483  0.132599  0.174054 -1.685080 -1.141019 -0.926205
142 D 142 -0.837264 -0.575323  0.305278  1.933789 -1.853502  0.482581  1.380382 -0.870319 -0.456525 -1.676954 -1.869812 -0.015332 -1.297247 -1.722321 -0.664733  0.055215 -0.348771 -2.016588 -1.431064 -1.405543
143 W 143 -1.460023 -1.653660 -2.053989 -2.176442 -1.244164 -1.191625 -1.715715 -0.666461 -1.240469 -1.700416 -1.139885 -1.669029 -0.649350  0.225297 -2.208488 -1.518304 -1.158151  5.046171  0.676506 -1.653810
144 E 144 -0.602725  0.372239  0.206478  0.730588 -2.111849  0.961420  2.158399 -1.034876  0.014840 -1.682957 -1.596277  0.596361 -1.032769 -1.680849 -0.681121 -0.049903 -0.534060 -1.707901 -1.119449 -1.237349
145 E 145 -0.465186  0.037765  0.074798  0.899853 -2.106387  0.955665  2.360341 -1.040537 -0.101048 -1.688418 -1.672370  0.505362 -1.086260 -1.704546 -0.642508  0.241740 -0.451797 -1.794649 -1.196553 -1.209971
146 L 146 -0.584099 -1.237296 -1.599298 -2.085788 -0.781577 -1.062687 -1.583099 -1.695928 -1.618775  0.554980  1.379560 -1.175814  0.678939 -0.198158 -1.701681 -1.025541 -0.625213 -0.600479 -0.549454  0.233813
147 G 147  0.185247 -1.070087 -0.056111 -0.598524 -1.465516 -1.009433 -1.002589  2.541490 -1.150063 -1.941737 -1.966341 -1.011714 -1.472856 -1.623507 -1.072368  0.277453 -0.638252 -1.305595 -1.633527 -1.424367
148 E 148 -0.603046  0.171547 -0.055416  0.692909 -2.212346  0.875955  2.250942 -1.276509 -0.139694 -1.510299 -1.536681  0.468097 -1.021519 -1.699502 -0.788288 -0.136458 -0.594711 -1.859370 -1.184340 -1.068479
149 E 149 -0.668091  0.109170  0.046821  1.209249 -2.342848  1.202230  2.636306 -1.184843 -0.056026 -1.850215 -1.826096  0.562485 -1.173758 -1.850215 -0.651937 -0.036105 -0.618551 -1.863249 -1.247417 -1.317308
150 I 150 -0.488323 -1.277965 -1.031687 -1.135353 -0.998687 -1.042366 -0.954388 -1.696458 -1.071683  0.616485  0.017509 -1.111781 -0.083362 -0.743082 -0.635325 -0.594712 -0.206093 -1.792444 -0.818235  0.539618
151 R 151 -0.538546  2.330817 -0.034460 -1.039846 -1.623445  0.596412  0.000338 -1.130321 -0.117981 -1.648925 -1.123498  0.925063 -0.546756 -1.642682 -1.091160 -0.418809 -0.345673 -1.514276 -1.080749 -1.573614
152 L 152 -0.540564 -1.135987 -1.630531 -2.198086 -0.582444 -1.130612 -1.661662 -2.239812 -1.700936  1.060912  2.101821 -1.130612  1.034501 -0.072254 -1.662965 -1.051077 -0.358034 -1.167280 -0.612434  0.565219
153 K 153 -0.500804  0.183590 -0.473608 -0.872768 -1.246256  0.293068 -0.114614 -1.259013 -0.784184 -0.887212 -0.380718  1.022821  0.320552 -1.152801 -0.371846 -0.165767 -0.500804 -1.358675 -0.942389 -0.588545
154 V 154 -0.280169 -1.337732 -1.375377 -1.340275 -0.763058 -0.956218 -0.892621 -1.704289 -1.429439  1.057591  0.445208 -1.008683  0.314076 -0.596865 -0.872205 -0.880001 -0.145013 -1.573197 -0.699720  1.236470
155 F 155 -0.804066 -1.423767 -1.383296 -1.361942 -1.141528 -1.338292 -1.243992 -1.198868 -0.562929 -0.280510 -0.285595 -1.387261 -0.223454  2.279622 -1.897189 -0.864579 -0.995570  0.144050  1.092831 -0.607658
156 V 156 -0.084938 -1.621636 -1.654046 -1.686457 -0.559067 -1.147506 -1.179917 -1.727406 -1.654046  1.639430  0.674092 -1.147506  0.568322 -0.485707 -1.179917 -1.106557 -0.084938 -1.621636 -0.559067  2.040199
157 L 157 -0.416894 -1.072796 -1.643497 -2.166375 -0.557212 -1.087437 -1.604259 -2.107063 -1.634610  0.992648  2.001071 -1.081381  0.985595 -0.070209 -1.620814 -1.035793 -0.535518 -1.162780 -0.588250  0.516676
158 G 158 -0.083758 -0.891401 -0.115875 -0.686010 -1.633890 -1.002906 -1.045592  2.685160 -1.088985 -2.002249 -1.897021 -0.979369 -1.442584 -1.588705 -1.162095 -0.111585 -1.056868 -1.175162 -1.584317 -1.543521
159 G 159 -0.119211 -0.533091  0.204475 -0.579901 -1.689097 -0.834372 -0.909693  2.556597 -0.880467 -2.147584 -2.072263 -0.759052 -1.509231 -1.703658 -1.133345 -0.031534 -0.977733 -1.296237 -1.591831 -1.689097
160 S 160 -0.045900 -1.625387 -1.609717 -1.666648  4.384505 -1.599004 -2.136311 -1.577390 -1.645818 -0.547299 -0.478763 -1.608228 -0.501576 -1.058026 -1.664267 -0.522505 -0.555334 -1.032141 -1.078458 -0.566839
161 R 161 -0.554593  2.203472 -0.209094 -1.238825 -1.533422  0.315110 -0.221210 -1.231104 -0.248001 -1.338997 -0.729113  0.815204 -0.379751 -1.479182 -1.176592 -0.601366 -0.503040 -1.607511 -1.067587 -1.381906
162 H 162 -0.999152  0.002028  0.460616 -0.377685 -1.667582  0.056881  0.175466 -1.125817  3.475306 -1.637926 -1.616294 -0.292358 -1.082487 -0.775723 -1.001931 -0.416396 -0.801814 -1.241068  0.644349 -1.532959
163 K 163 -0.521951  1.001273 -0.003451 -0.490647 -1.643752  0.503127  0.582792 -1.137174 -0.552578 -1.607312 -1.125252  2.305955 -0.606753 -1.655673 -0.599968  0.015255 -0.280142 -1.655673 -1.137174 -1.070106
164 L 164 -0.570722 -1.148448 -1.647734 -2.191304 -0.412032 -1.117595 -1.679496 -2.148913 -1.555379  0.940977  1.959036 -1.148448  0.965979  0.013789 -1.685962 -1.097034 -0.602485 -1.024331 -0.393143  0.440371
165 V 165 -0.087279 -1.373173 -1.447986 -1.511843 -0.605584 -0.768488 -0.960846 -1.527524 -1.460452  1.276464  0.495010 -0.932878  0.674145 -0.547961 -1.049813 -0.950068 -0.099745 -1.462141 -0.546273  1.740791
166 S 166 -0.058857 -0.925548 -1.027534 -1.130426  2.774308 -0.905118 -1.364113 -1.080001 -1.085999 -0.634329 -0.573771 -0.992840 -0.442469 -0.886643 -1.213026 -0.292091 -0.429336 -0.926002 -0.831997 -0.600852
167 A 167  0.969819 -0.476762 -0.274037 -0.487552 -0.287366 -0.273223 -0.283820 -0.061139 -0.708544 -0.654417 -0.633221 -0.273223 -0.442624 -0.902880 -0.358334  0.942466  0.246749 -1.306413 -0.899142 -0.421240
168 P 168 -0.365192 -0.818285 -0.855304 -0.454416 -1.272359 -0.398053 -0.412561 -0.850129 -0.863557 -1.288036 -1.274947 -0.384385 -0.847880 -1.712854  2.829556 -0.399133 -0.427898 -1.723694 -1.285787 -0.850129
169 A 169  1.200628 -0.503047 -0.654090 -0.736161 -0.172127 -0.389905 -0.386674 -0.186184 -0.774067 -0.372724 -0.421586 -0.398568 -0.356626 -0.816861 -0.446106  0.471274  0.077826 -1.263492 -0.801666 -0.037898
170 P 170 -0.375612 -0.776747 -0.694891 -0.371303 -1.219205 -0.357650 -0.332891 -0.786456 -0.667529 -1.245054 -1.245054 -0.379556 -0.820558 -1.586238  2.504092 -0.251401 -0.375612 -1.633992 -1.168539 -0.868312
171 S 171  0.008536 -1.090778 -1.097821 -1.133465  2.883969 -1.054164 -1.420452 -1.087712 -1.106819 -0.387457 -0.351495 -1.073619 -0.310924 -0.698682 -1.121923 -0.317545 -0.365198 -0.681172 -0.718251 -0.385494
172 N 172 -0.724399 -0.091322  1.832239  0.191538 -1.099495 -0.054374 -0.087118 -0.196974  0.270664 -0.983723 -1.006350 -0.080669 -0.671220 -1.003414 -0.796337  0.256303 -0.010613 -1.422911 -0.669985 -0.980665
173 F 173 -0.786249 -1.182222 -1.192453 -1.202684 -0.786249 -1.182222 -1.192453 -1.202684 -0.420971  0.015927  0.036390 -1.182222  0.015927  2.309911 -1.578194 -0.796480 -0.786249  0.360743  1.142457 -0.380045
174 F 174 -0.743911 -1.130767 -1.160567 -1.190367 -0.743911 -1.130767 -1.160567 -1.190367 -0.446456  0.059601  0.119201 -1.130767  0.059601  2.142332 -1.517622 -0.773711 -0.743911  0.297455  1.041366 -0.327255
175 T 175 -0.047966 -0.336627  0.052374 -0.353651 -0.436868 -0.342119 -0.342119 -0.724657 -0.701107 -0.436868 -0.425173 -0.295343 -0.395421 -0.784323 -0.339603  0.340550  1.682015 -0.796179 -0.754571 -0.077718
176 S 176  0.342805 -0.393030  0.333612 -0.031839 -0.383837 -0.031839 -0.031839 -0.036099 -0.378904 -0.726642 -0.726642 -0.031839 -0.365451 -0.675745 -0.402223  1.430638  0.364107 -1.082901 -0.703324 -0.731575
177 A 177  1.400517 -0.357047 -0.686422 -0.695646 -0.009224 -0.347823 -0.347823  0.000000 -0.704870 -0.366271 -0.366271 -0.347823 -0.357047 -0.714094 -0.357047  0.384719  0.009224 -1.071142 -0.714094 -0.018448
