
Last position-specific scoring matrix computed, weighted observed percentages rounded down, information per position, and relative weight of gapless real matches to pseudocounts
           A  R  N  D  C  Q  E  G  H  I  L  K  M  F  P  S  T  W  Y  V   A   R   N   D   C   Q   E   G   H   I   L   K   M   F   P   S   T   W   Y   V
    1 M   -3 -3 -4 -5 -3 -2 -4 -5 -4  1  1 -3 10 -2 -4 -3 -3 -3 -3 -1    0   0   0   0   0   0   0   0   0   4   2   0  94   0   0   0   0   0   0   0  1.83 0.38
    2 A    3 -2 -1  0 -2 -2 -2  0 -2 -3 -3 -2 -2 -4 -1  4  0 -4 -3 -1   30   0   1   5   0   0   0   5   0   0   0   0   0   0   2  48   3   0   0   4  0.53 0.20
    3 D   -1 -1  2  4 -4  3  2 -2 -1 -4 -4  1 -3 -3 -2  1  0 -4 -3 -3    4   0   8  32   0  15  15   1   0   0   0   7   0   1   0  10   5   0   0   0  0.48 0.16
    4 D   -2 -2  1  4 -4  3  3  1 -1 -2 -3  0 -3 -4 -1 -1 -1 -4 -3 -3    1   0   4  33   0  14  24  10   1   4   1   3   0   0   2   2   2   0   0   0  0.53 0.17
    5 P    1  0  0  1 -2  0  1  0 -2 -1 -1  0 -1 -2  3  1  0 -3 -2 -1   14   3   2   9   0   4  11   5   0   4   5   6   1   1  18   9   4   0   0   3  0.22 0.07
    6 S    0 -1  1  1 -2  1  1 -1  0 -1 -1 -1  2 -2 -2  2  1 -3 -1 -1    4   0   7   8   0   5  11   4   3   4   5   0  11   0   1  20  11   0   2   4  0.13 0.09
    7 A    2 -2  0  2 -3  2  4 -2  0 -2 -2 -1 -2 -4 -2  0 -1 -4 -3 -2   20   0   3  12   0   8  40   1   2   2   2   0   0   0   0   6   2   0   0   1  0.45 0.17
    8 A    2  0 -1  0 -2  1  1 -1 -2 -1 -1  0  0 -2 -1  1  0 -3 -1  0   28   3   1   5   0   9  12   3   0   2   6   4   3   0   1  12   4   0   2   5  0.15 0.09
    9 D   -2 -1  3  4 -4  2  3 -2  0 -4 -4  0 -2 -4 -3  1  0 -4 -2 -4    0   2  16  26   0   8  26   0   1   0   0   3   1   0   0  13   3   0   1   0  0.58 0.19
   10 R   -1  3  0  1 -3  1  2 -3 -1 -2 -2  3 -2 -3 -2  1  0 -4 -3 -2    2  23   4   6   0   5  13   0   1   2   5  22   0   0   0  11   4   0   0   2  0.35 0.15
   11 N    1  1  4  1 -3  2  1 -1  1 -4 -4  0 -3 -4 -2  2  0 -4 -3 -3   12   6  28   8   0   9   7   3   3   0   0   4   0   0   1  15   3   0   0   0  0.38 0.16
   12 V   -1  1 -3 -4 -2 -3 -3 -4 -2  4  1  0  1 -2 -3 -3 -1 -4 -2  3    2   9   0   0   0   0   0   0   1  38   8   5   3   0   0   0   3   0   1  29  0.46 0.20
   13 E   -2  1 -2  1 -5  3  6 -3  0 -5 -4  2 -3 -5 -3  0 -2 -4 -3 -4    1   5   0   6   0  10  58   1   1   0   0  10   0   0   0   7   1   0   0   0  0.87 0.30
   14 I   -2  2 -1 -3 -3  2 -1 -3 -1  3  1  2  3 -1 -3 -2  0 -3 -2  0    1  11   1   0   0  10   1   1   1  25  11  19  12   1   0   0   4   0   0   2  0.27 0.17
   15 W   -3 -2 -5 -6 -5 -2 -5 -5 -2 -4 -3 -4 -3  4 -5 -4 -4 10  7 -2    1   2   0   0   0   2   0   0   0   0   0   0   0  14   0   0   0  38  40   2  2.00 0.49
   16 K   -3  3 -2  0 -5  1  4 -4 -2 -4 -2  5 -2 -5 -3 -2 -3 -5 -4 -3    0  14   0   4   0   6  30   0   0   1   3  41   0   0   0   0   0   0   0   1  0.82 0.32
   17 I   -2 -3 -5 -5 -3 -4 -4 -5 -4  4  3 -4  2  4 -4 -4 -1 -3 -1  2    1   1   0   0   0   0   0   0   0  26  32   0   4  19   0   0   2   0   1  14  0.62 0.24
   18 K   -3  4 -2 -3 -5 -1 -1 -4  2 -5 -3  6 -3 -5 -4 -1 -3 -5 -1 -4    1  20   0   0   0   1   1   0   6   0   2  65   0   0   0   2   0   0   2   0  1.20 0.42
   19 K   -1  4  1 -1 -5  2  1 -3 -2 -4 -4  5 -3 -5 -3 -2 -2 -5 -4 -3    4  20   6   3   0   8   5   0   0   1   1  49   0   0   0   1   1   0   0   1  0.80 0.31
   20 L   -2  0 -3 -4 -3  1 -1 -4 -3  1  4 -1  2  0 -4 -2  0 -3 -2  1    2   5   0   0   0   6   3   0   0   5  52   4   4   2   0   2   7   0   0   7  0.41 0.21
   21 I   -3 -5 -5 -5 -3 -4 -5 -6 -5  6  3 -5  2 -2 -5 -4 -3 -4 -2  1    0   0   0   0   0   0   0   0   0  54  32   0   5   0   0   1   0   0   1   6  1.05 0.35
   22 K   -2  1  2  1 -5  1  3 -3 -1 -5 -4  5 -3 -4 -3 -1 -1 -5 -4 -4    1   5  12   6   0   6  23   1   1   0   0  42   0   1   0   1   2   0   0   0  0.73 0.30
   23 S    0  1  1  0 -3  0  3 -2  0 -3 -2  1  0 -2 -2  2  1 -4  0 -2    7   9   6   3   0   3  22   1   2   0   2   9   4   1   0  21   7   0   3   1  0.27 0.16
   24 L   -4 -5 -6 -6 -4 -5 -6 -6 -5  1  6 -5  0 -2 -6 -5 -4 -4 -4 -1    0   0   0   0   0   0   0   0   0   4  94   0   0   0   0   0   0   0   0   2  1.56 0.49
   25 E   -1  1 -1  1 -5  2  5 -3 -2 -4 -4  2 -3 -5 -2  1 -2 -5 -4 -4    4   7   1   7   0   7  44   0   0   0   0  15   0   0   1  12   1   0   0   0  0.69 0.29
   26 A    1  1  2  1 -3  1  1  0 -1 -2 -2  2 -1 -3 -2  1 -1 -4 -3  0   12   8  13   5   0   5   9   5   0   0   2  14   1   0   1  15   1   0   0   8  0.20 0.13
   27 A    3 -2 -3 -3  1 -2 -2 -2 -2  0  0  1  1  0 -3 -1  0  4  1  0   34   0   0   0   3   0   1   1   1   6   6  13   4   4   0   1   7   6   5   8  0.24 0.18
   28 R   -2  5 -1 -2 -5  0  1 -3  2 -4 -4  3 -3 -5 -3  1  1 -5 -3 -3    1  42   1   1   0   2   8   0   5   0   0  22   0   0   0   9   8   0   0   1  0.75 0.30
   29 G    1 -4 -2 -3 -4 -3 -4  6 -4 -4 -2 -3 -4 -5 -3  0 -2 -4 -5 -3   12   0   0   0   0   0   0  73   0   0   5   0   0   0   1   6   1   0   0   2  1.21 0.36
   30 N   -1  3  4  1 -4  0 -1 -2  0 -2 -4  1 -1 -3  0  1 -1 -4 -1 -3    3  20  31   9   0   2   1   2   2   2   0   9   2   1   4  10   0   0   3   0  0.43 0.20
   31 G    1  0  0 -3 -4 -2 -3  6 -1 -5 -5  0 -4 -5 -4 -1 -3 -4 -4 -5    9   5   4   0   0   1   0  72   2   0   0   5   0   0   0   1   0   0   0   0  1.19 0.35
   32 T   -2 -3 -2 -1 -3 -3 -3 -4 -4  0 -3 -2 -3 -2 -3  1  7 -5 -4 -2    0   0   0   4   0   0   0   0   0   5   0   2   0   1   0   6  82   0   0   0  1.33 0.47
   33 S   -1 -2 -2 -2 -3  2  3 -2 -2 -2 -4 -2 -3 -4 -3  5  0 -5 -3 -1    2   0   0   0   0   9  25   1   0   2   0   0   0   0   0  52   4   0   0   5  0.69 0.33
   34 M   -2 -4 -5 -6  2 -3 -5 -5 -4 -1  4 -4  8 -2 -5 -4 -3 -4 -3  0    1   0   0   0   5   0   0   0   0   0  43   0  47   0   0   0   0   0   0   4  1.31 0.44
   35 I   -3 -5 -5 -5 -3 -4 -5 -5 -5  6  1 -4 -1 -1 -5 -2 -2 -4 -3  4    0   0   0   0   0   0   0   0   0  55  10   0   0   2   0   3   0   0   0  30  0.99 0.36
   36 S   -1 -3 -2 -3 -3 -3 -3 -3 -3 -3 -4 -3  0 -4 -3  6  3 -5 -4  0    0   0   0   0   0   0   0   0   0   0   0   0   3   0   0  69  22   0   0   6  1.10 0.46
   37 L   -3 -4 -5 -5 -3 -4 -5 -1 -5  2  5 -4  1 -2 -5 -4 -3 -4 -3  2    0   0   0   0   0   0   0   5   0   8  70   0   2   0   0   0   0   0   0  14  0.92 0.37
   38 I   -1 -4 -4 -5 -3 -4 -4 -5 -2  4 -1 -4 -1  2 -5 -4 -1 -1  6  2    4   0   0   0   0   0   0   0   0  34   3   0   1   5   0   0   2   0  39  12  0.93 0.38
   39 I   -3 -3 -5 -5 -3 -4 -5 -6 -5  6  1 -4  3 -2 -5 -4 -2 -5 -3  3    0   1   0   0   0   0   0   0   0  68   6   0   8   0   0   0   1   0   0  16  1.18 0.43
   40 P   -3  0  0 -3 -5 -3 -3 -4 -4 -5 -5 -1 -4 -5  8 -2 -2 -5 -5 -4    0   6   5   0   0   0   0   0   0   0   0   3   0   0  78   3   2   0   0   0  2.02 0.53
   41 P    1 -3 -1 -2 -4 -2 -1 -2 -1 -4 -4  0 -4 -2  7 -1 -3 -4 -1 -4   11   0   3   2   0   1   4   3   1   0   0   7   0   2  60   4   0   0   2   0  1.30 0.39
   42 K   -2  2  0  3 -4 -1  1  3 -2 -4 -2  3 -1 -4 -3 -1 -2 -4 -3 -3    0  11   3  17   0   0   8  24   0   0   3  26   1   0   0   3   0   0   0   0  0.44 0.22
   43 D   -1  2 -1  3 -3  0  2  0 -1 -3 -3  2 -2 -1 -2  0 -1 -3  1 -2    2  14   1  24   0   1  13   6   0   0   1  19   0   2   0   5   2   0   5   4  0.34 0.18
   44 Q   -1  0  0  2 -4  6  1 -3  0 -3 -3 -1 -2 -4  2  0 -1 -4 -3 -3    4   4   4  10   0  47   5   1   1   1   2   1   0   0  11   6   2   0   0   1  0.68 0.31
   45 I   -1 -4 -4 -4 -2 -3 -4 -4 -4  5  2 -3  2  0 -2 -3 -2 -3 -2  2    4   0   0   0   0   0   1   1   0  54  16   1   5   3   1   1   1   0   0  12  0.70 0.28
   46 S    1 -2  1 -1 -2 -1 -1  0  2 -3 -3 -1 -2 -2  1  4  0 -3  0 -3   13   0   8   2   0   0   2   8   6   0   1   3   1   1   8  39   3   0   4   1  0.35 0.21
   47 R   -1  3 -1  4 -3  1  1 -1 -2 -1 -1  2 -1 -3 -1 -1 -2 -3 -3 -1    3  17   1  27   0   7   8   3   0   4   6  12   1   0   2   4   1   0   0   3  0.31 0.16
   48 V    0 -4 -4 -4 -2 -3 -3 -4 -1  4 -1 -3  2 -1 -4 -2  0 -4 -1  5    8   0   0   0   0   1   1   0   1  23   0   0   5   1   0   2   4   0   2  50  0.62 0.29
   49 A    0  1  0 -2 -2  1 -1 -1 -2  1  0  0  1 -2 -2  1  1 -3 -2  2    9  10   5   0   0  10   3   3   0   9   6   2   5   0   0  10   8   0   0  20  0.11 0.11
   50 K    1  0  3 -1 -3  2  1 -1 -1 -4 -4  4 -3 -4 -2  2  0 -4 -3 -3   10   2  18   1   0  10   5   4   1   0   0  30   0   0   0  14   3   0   0   0  0.43 0.23
   51 M   -2  0 -2 -3 -3  2 -2 -4  2 -1  2  0  6  0 -1  0 -1 -3  1 -1    0   5   1   0   0  11   0   0   7   0  17   7  31   2   3   6   3   0   4   1  0.40 0.26
   52 L   -3  0 -4 -4 -3 -3 -2 -5 -4  1  5 -3  2 -2 -4 -4 -2 -3 -3  2    0   6   0   0   0   0   3   0   0   5  67   0   4   0   0   0   0   0   0  13  0.77 0.32
   53 A    2  3  1 -2 -3  0 -1  0 -2 -2 -3  0 -2 -3 -3  1  2 -4 -2 -1   22  21   8   0   0   3   3   5   0   2   0   2   0   0   0  13  17   0   1   4  0.30 0.20
   54 D   -1 -2  1  4 -4  3  3 -2 -1 -4 -4 -1 -3 -4 -3  1  2 -4 -2 -3    3   0   4  29   0  15  21   2   0   0   0   2   0   0   0   9  13   0   1   0  0.57 0.24
   55 E   -2 -3 -2  2 -6  0  7 -4 -3 -5 -5 -2 -4  0 -1 -2 -3 -5 -4 -5    1   0   0  10   0   2  79   0   0   0   0   0   0   5   3   0   0   0   0   0  1.42 0.47
   56 F   -2 -1 -3 -2 -4  0 -2 -4  3 -1  1 -2  0  3 -4 -3 -3  2  6 -2    3   4   0   2   0   6   1   0  10   1  16   1   2   9   0   1   0   2  39   2  0.67 0.28
   57 G    1 -3 -1 -1 -3 -2 -1  5 -3 -4 -3 -2  1 -4 -3  2  0 -4 -4 -3   14   0   0   1   0   0   4  46   0   0   0   0   7   0   0  24   4   0   0   0  0.66 0.23
   58 T   -1 -1 -1  1 -3  2  2 -2  1  0 -2  0 -2 -3 -2  1  3 -4 -2  0    2   2   0   6   0  14  14   2   4   6   1   3   0   0   0  14  23   0   0   9  0.24 0.15
   59 A    5 -3 -2 -3  1 -2 -2 -2 -3 -3 -3 -2 -2 -4 -2  3  0 -4 -3  0   66   0   0   0   2   0   0   0   0   0   0   0   0   0   0  21   4   0   0   7  0.78 0.31
   60 S    1  0  0  1 -2  1  0  1 -2 -3 -3  0 -2 -4 -2  4  1 -4 -3 -2   14   6   1   7   0   6   3   9   0   0   0   4   1   0   0  43   6   0   0   1  0.38 0.18
   61 N   -3 -2  6  2 -4  1  0 -2 -1 -5 -5  0 -4 -5  1  1 -2 -5 -4 -4    0   0  56  12   0   7   4   0   0   0   0   6   0   0   6   9   0   0   0   0  0.89 0.29
   62 I   -3 -4 -5 -5 -3 -4 -5 -5 -5  6  1 -4  0 -2 -4 -1 -2 -4 -3  3    0   0   0   0   0   0   0   0   0  71  10   0   0   0   0   5   0   0   0  14  0.98 0.32
   63 K   -3  0  1  1 -5  1 -1 -3 -2 -2 -4  6 -3 -3 -3 -2 -2  3  1 -4    0   1   6  10   0   7   0   0   0   2   0  63   0   0   0   0   0   5   7   0  0.81 0.31
   64 S    0 -2  2  1 -3 -1  3 -2 -2 -3 -1 -1 -2 -4 -2  4  1 -4 -3 -3    2   0   8   8   0   0  20   0   0   0   8   0   0   0   0  49   5   0   0   0  0.52 0.25
   65 R   -2  3  1  1 -4  2 -1 -2 -1 -4 -2  5 -2 -4 -3 -1 -1 -4 -3 -3    0  17   6   9   0  10   0   2   1   0   5  47   0   0   0   1   2   0   0   0  0.60 0.24
   66 V    0  0 -1 -1 -2  1  0 -1 -1  1  1  0  0 -2 -2  1  1 -3 -2  1    3   6   1   1   0   9   6   4   1  11  13   4   0   0   0  17   7   0   0  17  0.08 0.07
   67 N   -2 -2  4  1  2 -2 -2 -2 -2 -1 -1 -2 -2  0 -3 -1  4 -3 -1 -1    0   0  29   6   4   0   0   0   0   2   4   0   0   6   0   0  39   0   2   3  0.47 0.22
   68 R   -1  6 -2 -3 -2  0 -1 -3  2 -3 -3  1  2 -4  1 -1 -2 -4 -3 -3    5  62   0   0   1   2   0   0   7   0   1   5   6   0   6   2   0   0   0   0  0.85 0.28
   69 L    0 -1  2  0 -2  2  0  0  0 -1  0  2 -1 -2 -2  1  1 -3 -2 -1    4   0  11   5   0  12   2   6   3   1  17  18   0   0   0   9  10   0   0   1  0.13 0.09
   70 S    1  0  4 -1 -3 -1 -1 -2  2 -3 -3 -1 -3 -4  2  3 -1 -4 -3 -3   16   6  32   0   0   0   0   0   5   0   1   0   0   0  12  26   0   0   0   0  0.52 0.21
   71 V    0 -4 -4 -5 -2 -3 -4 -4 -4  1  1 -2 -1 -2 -4 -3 -2 -4  1  6    7   0   0   0   0   0   0   0   0   0  14   2   0   0   0   0   0   0   6  71  0.79 0.30
   72 L   -1 -1 -2 -2 -2  1  1 -3 -2  1  1  1  2  1 -2  0  1 -2 -1  1    0   0   0   0   0  10  10   0   0  10  10  10  10  10   0  10  10   0   0  10  0.12 0.12
   73 G    1  0 -1  3 -3  0  1  2 -2 -4 -4 -1 -3 -4 -2  2  0  2 -3 -3   12   5   0  25   0   2   8  15   0   0   0   0   0   0   0  22   6   4   0   0  0.39 0.16
   74 A    6 -3 -3 -3 -2 -2 -3  0 -3 -1 -3 -2 -3 -4 -3  1  0 -4 -4 -2   82   0   0   0   0   0   0   4   0   3   0   0   0   0   0   8   4   0   0   0  0.97 0.33
   75 I   -3 -4 -5 -5 -3 -1 -4 -5 -4  5  4 -4  2 -1 -4 -4 -2 -4 -3  0    0   0   0   0   0   3   0   0   0  51  44   0   3   0   0   0   0   0   0   0  0.88 0.28
   76 T    0 -1  0  1 -3  1  3  0 -1 -2 -3  0 -2 -4 -2  1  3 -4 -3 -1    4   2   3   6   0   4  25   8   1   1   0   4   0   0   0   8  31   0   0   3  0.34 0.16
   77 S    1  2 -1 -2 -2 -1 -2 -1 -1 -2 -2  1  1 -3 -2  4  0 -4 -3 -1   11  12   0   0   0   0   0   2   1   2   3   9   4   0   0  49   3   0   0   5  0.39 0.21
   78 V    3 -3 -3 -3  1 -3 -3 -3 -3  3  1 -3 -1 -2 -3 -1  2 -4 -3  2   31   0   0   0   3   0   0   0   0  28   9   0   0   0   0   2  14   0   0  13  0.36 0.18
   79 Q   -2  1 -2 -3 -3  3 -1 -1 -2  2  2  2  3 -2 -3 -2 -2 -3 -2  0    0   7   0   0   0  19   0   4   0  17  18  15  14   0   0   0   0   0   0   6  0.28 0.17
   80 Q   -1  1  2  2 -4  4  2 -1  1 -4 -2  0 -2 -4 -2  1 -1 -4 -3 -3    4   6  10  12   0  32  14   3   3   0   3   4   0   0   0   9   1   0   0   0  0.44 0.18
   81 R   -2  6  0 -3 -5 -1  0 -4  0 -2 -3  3  0 -4 -3 -2 -2 -4 -1 -3    1  62   4   0   0   0   3   0   2   2   0  18   3   0   0   1   1   0   2   0  0.94 0.29
   82 L   -3 -4 -5 -5 -3 -4 -4 -5 -4  2  5 -4  2 -1 -4 -4 -3 -3 -3  1    0   0   0   0   0   0   0   0   0   7  82   0   4   0   0   0   0   0   0   8  1.01 0.30
   83 K   -1  3 -1 -3 -5 -1 -2 -3 -3 -5 -5  6 -4 -5 -4  0 -1 -5 -4 -3    3  14   2   0   0   1   0   1   0   0   0  67   0   0   0   7   3   0   0   2  1.17 0.45
   84 L   -2 -1  0 -1 -3  0  0 -1 -1 -1  3  0  2 -1 -2 -1 -1 -2  3 -1    0   3   4   3   0   4   7   5   1   0  43   5   6   0   2   3   3   0  11   1  0.26 0.20
   85 Y   -4 -4 -5 -5 -4 -4 -1 -6 -2  2  1 -4 -1  3 -5 -3 -3 -1  8 -1    0   0   0   0   0   0   4   0   0  14  12   0   1  11   0   1   1   0  54   2  1.25 0.44
   86 N   -1  1  4  1 -4  1  0 -2  0 -4 -3  2 -2 -4  2  0  1 -5 -3 -3    4   7  23   9   0   4   4   2   1   0   1  19   1   0  10   5   8   0   0   1  0.40 0.20
   87 K   -2  3 -1 -2 -5  2  2 -3 -2 -4 -4  5 -2 -3 -3  0  1 -5 -3 -3    2  12   2   0   0   8  10   0   0   0   0  46   1   1   0   5  10   0   0   1  0.71 0.32
   88 V    0 -4 -3 -3 -2 -3 -3 -4 -4  1 -1 -2 -2 -2  4 -2  3 -5 -3  4    8   0   1   1   1   0   0   0   0   8   2   2   0   2  20   0  21   0   0  35  0.59 0.29
   89 P   -4 -5 -5 -2 -6 -4 -4 -3  0 -6 -3 -4 -5 -6  8 -4 -4 -6 -1 -5    0   0   0   2   0   0   0   2   3   0   3   0   0   0  88   0   0   0   2   0  2.54 0.66
   90 P   -2 -1 -1  1 -5 -1  5 -3 -2 -5 -5  0 -4 -5  5 -1 -1 -5 -1 -4    3   2   3   7   0   1  41   1   0   0   0   4   0   0  30   2   3   0   3   0  0.91 0.35
   91 N   -2  0  8 -1 -5 -2 -3 -3  0 -6 -6  1 -3 -6 -5 -1 -1 -6 -5 -5    3   4  76   0   0   0   0   0   2   0   0   7   1   0   0   3   3   0   0   0  1.62 0.54
   92 G   -3 -5 -3 -4 -5 -5 -5  7 -5 -7 -7 -4 -6 -6 -5 -2 -4 -6 -6 -6    0   0   0   0   0   0   0  98   0   0   0   0   0   0   0   2   0   0   0   0  2.27 0.61
   93 L   -3 -4 -5 -6 -3 -4 -5 -6 -5  1  5 -5  4 -1 -5 -4 -3  1 -3  1    1   0   0   0   0   0   0   0   0   7  70   0  13   1   0   0   0   2   0   6  1.11 0.40
   94 V    2 -5 -5 -5  1 -4 -4 -3 -5  2 -1 -4 -2 -3 -4 -3 -2 -5 -4  6   22   0   0   0   3   0   0   1   0  11   2   0   0   0   0   0   0   0   0  61  0.97 0.40
   95 V   -2 -4 -5 -5 -3 -4 -5 -5 -4  4  2 -4  1  2 -5 -4 -2 -3  1  4    2   0   0   0   0   0   0   0   0  32  23   0   3   7   0   0   0   0   5  28  0.73 0.29
   96 Y   -5 -5 -6 -6  0 -5 -6 -6 -3 -2 -2 -5 -3  8 -6 -5 -5 -1  7 -3    0   0   0   0   2   0   0   0   0   2   2   0   0  60   0   0   0   0  34   1  1.96 0.56
   97 C    2 -5 -4 -5  9 -4 -4 -2 -5 -2 -3 -4 -3 -5 -4  1  2 -5 -4  1   17   0   0   0  48   0   1   2   0   1   0   0   0   0   0   9  11   0   0  11  1.33 0.44
   98 G   -2 -1 -3 -4 -5 -4 -5  7 -5 -7 -7 -4 -6 -6 -5 -3 -4 -5 -6 -6    2   3   0   0   0   0   0  94   0   0   0   0   0   0   0   0   0   0   0   0  2.12 0.58
   99 T    1 -2  1  0 -2 -1  1 -2  0 -1 -1 -1  1  1 -2  0  3 -3 -1  0   15   0   8   4   0   1   9   0   3   3   3   4   5   7   0   2  26   0   1   8  0.18 0.16
  100 I   -2 -4  0 -2 -2 -3 -3 -4  1  4  0 -3  0 -1 -3 -2 -1  1 -2  4    1   0   5   2   0   0   0   0   5  29   4   0   1   2   1   2   3   2   0  42  0.58 0.27
  101 V    0 -2 -1  1 -2 -1  0 -3 -2  1  1 -1  2  0  2  0 -1 -3 -1  1    5   0   3  12   0   2   4   1   0   9  17   2   9   4  10   8   1   0   1  11  0.13 0.10
  102 T   -1 -1  1  1 -2  0  1  0 -2  0  0  0  1 -2 -1  0  2 -3 -2 -1    4   1   6   8   0   3  12   9   0   9   7   4   4   1   3   4  22   0   0   3  0.12 0.10
  103 E   -1  0  2  3 -4  0  3  2 -1 -4 -4  0 -2 -4  0 -1 -1 -4 -3 -3    3   6   9  16   0   2  26  21   1   0   1   3   1   0   3   3   3   0   1   1  0.42 0.18
  104 E   -1 -2  0  3 -4  0  3  3 -2 -4 -4 -1 -2 -4  2 -1 -2 -4 -3 -3    5   0   3  18   0   4  28  21   0   0   1   3   1   0  11   3   1   0   0   1  0.52 0.22
  105 G   -2 -4  2  3 -4 -3 -2  6 -3 -5 -5 -3 -4 -3 -4 -1 -2 -5 -5 -5    0   0  12  15   0   0   2  63   0   0   0   1   0   1   0   3   1   0   0   0  1.17 0.38
  106 K   -2  2  1  0 -4  2 -1 -2  1 -4 -4  5 -3 -2 -3  0  2 -4 -3 -2    0  12   5   4   0   7   1   1   3   0   0  40   0   2   0   7  14   0   0   2  0.53 0.26
  107 E   -2 -2 -1 -1 -4  1  5 -1 -2 -3 -2  0 -3 -4  0 -1  3 -4  1 -3    0   0   3   1   0   4  48   4   0   1   4   4   0   0   5   2  19   0   5   1  0.65 0.32
  108 K   -3  1  0  2 -4 -1  2 -2  0 -1 -2  4 -1 -4 -3 -1  0 -4 -3 -1    0   8   4  15   0   0  12   2   3   3   4  35   2   0   0   3   5   0   0   4  0.44 0.30
  109 K   -2  0 -2 -3 -3  0 -2 -4 -1  1  0  3  5  0 -2 -1  0  3 -2  0    0   3   1   0   0   3   1   0   2   9   9  25  19   3   2   5   5   5   0   7  0.37 0.29
  110 V   -2 -1 -3 -2 -3  0  1 -4 -3  2  0  0  1  1 -3 -2 -1 -3  1  3    0   3   0   2   0   4  13   0   0  15   6   8   3   5   0   2   3   0   5  30  0.27 0.24
  111 N    0 -1  1 -3  5 -1 -1 -2 -3  0 -1 -1 -1 -1 -3  1  3 -4 -1  2    7   2   9   0  13   1   4   2   0   4   6   2   1   2   0   8  20   0   3  16  0.24 0.22
  112 I   -2 -1 -4 -3 -1 -3  0 -4  0  3 -1 -1 -1  4 -1 -2 -1  5  4  0    2   3   0   1   1   0   8   0   3  19   3   3   1  18   3   2   4   8  14   7  0.40 0.27
  113 D    0 -2  1  4 -3 -1  1 -1  1  0 -1 -2  1 -3 -3  0  0 -4 -3  1    6   0   4  34   0   0   7   5   5   7   4   0   5   0   0   7   5   0   0  12  0.29 0.17
  114 F   -2 -3 -3  0 -3 -3 -3 -4 -3  3  1 -3  2  4 -3 -3 -2 -2  2  2    0   0   0   7   0   0   0   0   0  24  13   0   7  24   0   0   0   0   6  14  0.43 0.19
  115 E   -2 -2  0  1 -3  1  4 -3  1  1 -1 -1 -2 -1 -3  0  0 -4 -2  0    0   0   3   5   0   3  44   0   3  10   7   0   0   3   0   6   7   0   0   7  0.37 0.23
  116 P   -4 -5 -5 -1 -6 -4 -4 -5 -5 -5 -1 -4 -5 -6  8 -2 -4 -6 -6 -5    0   0   0   3   0   0   0   0   0   0   6   0   0   0  89   2   0   0   0   0  2.54 0.59
  117 F   -2 -4 -4 -4 -5 -4 -4 -4 -1 -2 -2 -4 -3  5  7 -3 -3 -3  1 -2    2   0   0   0   0   0   0   0   1   2   4   0   0  25  58   0   0   0   4   3  1.53 0.41
  118 K    0  2 -1  0 -4  2  3 -1 -1 -3 -2  3  0 -4 -2 -1 -1 -4 -2 -3    8   9   1   3   0  10  25   3   1   1   5  27   3   0   0   0   3   0   1   0  0.39 0.19
  119 P    1 -2 -4 -2 -5 -2 -2 -4 -4 -5 -5  1 -4 -6  7 -1 -3 -6 -5 -3   11   1   0   2   0   1   2   0   0   0   0  10   0   0  68   3   0   0   0   1  1.70 0.44
  120 I   -3 -4 -5 -5 -3 -4 -5 -5 -5  5  2 -4  1 -2 -4 -2 -2 -4 -3  4    0   0   0   0   0   0   0   0   0  46  18   0   3   0   0   3   0   0   0  29  0.88 0.31
  121 N   -1 -1  4  2 -4  1  1 -2 -1 -3 -4  0 -2 -4  1  1  1 -4 -2 -2    4   2  31  13   0   6   8   0   1   1   0   5   1   0   6   8  12   0   1   2  0.43 0.20
  122 T    0 -1  0  0 -3  0  1 -3 -2  0 -1 -1 -1 -3 -3  1  4 -4 -3  0    8   3   3   4   0   4  11   0   0   4   7   1   1   0   0  12  34   0   0   8  0.27 0.18
  123 S   -1  1 -1 -3 -3 -2 -3 -3 -2 -3 -1 -1 -2  5 -4  3 -1  1  5 -3    3   7   2   0   0   0   0   0   0   0   3   3   0  25   0  32   3   1  20   0  0.61 0.29
  124 L   -2  2 -3 -4 -3 -2 -3 -4  0  2  3  0  2  1 -4 -2 -1 -1  0  0    2  13   0   0   0   1   0   0   3  15  37   6   6   7   0   2   3   1   2   2  0.30 0.17
  125 Y   -5 -5 -5 -6 -6 -5 -5 -6 -1 -4 -4 -5 -4  2 -6 -5 -5 -1  9 -4    0   0   0   0   0   0   0   0   0   0   0   0   0   6   0   0   0   0  94   0  2.72 0.67
  126 L   -2  4 -2 -3 -4  0  1 -4  4  1  2  0  0  0 -4 -2 -3 -3  0 -2    2  31   1   0   0   3   8   0  11   9  23   3   2   4   0   1   0   0   2   1  0.40 0.21
  127 C   -2 -6 -5 -6 11  0 -6 -5  2 -4 -4 -5 -4 -1 -6 -4  0 -5 -5 -4    2   0   0   0  78   6   0   0   5   0   0   0   0   3   0   0   6   0   0   0  2.64 0.63
  128 D   -1 -4  0  7 -6 -3 -1  0  1 -6 -6 -3 -5 -6 -4 -1 -3 -7 -5 -6    4   0   2  78   0   0   2   6   3   0   0   0   0   0   0   4   0   0   0   0  1.65 0.48
  129 N   -2 -2  5  1 -4  0 -2  0 -1 -5 -5  1 -4 -5 -3  4  0 -5 -4 -4    0   1  35   5   0   3   1   5   1   0   0  10   0   0   1  35   4   0   0   0  0.79 0.33
  130 K   -1  3  0 -1 -2  1  2 -3  2 -3 -3  4 -3 -3 -3  0  0  0 -1 -1    2  14   3   2   1   3  17   0   5   1   0  30   0   1   0   7   6   1   2   5  0.38 0.19
  131 F   -5 -6 -6 -7 -6 -7 -7 -6 -4 -1 -3 -6 -3  9 -7 -6 -5 -2  0 -4    0   0   0   0   0   0   0   0   0   2   0   0   0  98   0   0   0   0   0   0  2.73 0.65
  132 H   -4 -2 -2  1 -3 -1  0 -5  8 -2 -1 -3 -2  1 -4 -3 -1 -3  4 -2    0   1   0   9   0   2   5   0  48   3   6   0   1   5   0   0   3   0  14   3  1.10 0.37
  133 T   -3 -4 -3 -4 -3 -3 -4 -5 -4  1  3 -4 -1 -3 -4 -1  5 -4 -4  2    0   0   0   0   0   0   0   0   0   5  31   0   0   0   0   2  49   0   0  12  0.85 0.35
  134 E   -1 -3 -2  2 -6  1  6 -3 -3 -5 -5 -1 -4 -6 -4 -1 -1 -5 -5 -5    6   0   1  10   0   4  72   1   0   0   0   1   0   0   0   4   3   0   0   0  1.30 0.43
  135 A    2 -4 -4 -1  0 -1 -1 -4 -1  0 -2 -2 -2  0  6 -2 -2 -5 -3 -2   20   0   0   3   2   3   3   0   1   6   2   1   1   5  48   1   1   0   1   2  0.99 0.32
  136 L   -4 -5 -6 -6 -4 -5 -6 -6 -5  0  6 -5  1  0 -6 -5 -4 -4 -3 -1    0   0   0   0   0   0   0   0   0   1  94   0   1   2   0   0   0   0   0   1  1.57 0.47
  137 T   -1  1  0  0 -4  1  4 -2  1 -3 -2  2 -3 -2 -3  0  1 -4 -3 -2    3   9   3   2   0   6  37   1   3   1   4  14   0   1   0   6   9   0   0   2  0.44 0.21
  138 A    1 -1 -1  4 -1  1  4 -2  0 -4 -4 -1 -4 -3 -1 -1 -2 -5 -2 -3   15   3   1  28   1   4  32   2   1   0   0   2   0   1   2   4   1   0   2   1  0.60 0.26
  139 L   -2 -4 -5 -5 -3 -1 -4 -5 -2  1  4 -4  7  0 -5 -3 -3 -4 -2 -1    2   0   0   0   0   3   0   0   1   7  41   0  40   2   0   1   0   0   1   0  1.08 0.38
  140 L   -2 -4 -5 -5 -3 -4 -4 -5 -5  2  5 -4  1 -1 -4 -4  0 -1 -3  2    1   0   0   0   0   0   0   0   0  11  65   0   1   2   0   0   5   1   0  12  0.87 0.30
  141 S    0  0 -1  1 -3  2  4  0 -1 -2 -3  1 -2 -4 -2  0  1 -4 -2 -1    7   5   0   5   0   8  33   6   1   2   0  11   1   0   0   8   8   0   1   5  0.34 0.18
  142 D   -1 -3  1  5 -3 -1  4 -3 -2 -4 -3 -2 -2 -4 -1  1 -1 -5 -3 -2    4   0   5  39   1   1  28   0   1   0   2   0   1   0   2  11   2   0   1   3  0.74 0.29
  143 L   -2  0  1  5 -1  0  2 -2 -1 -4 -4  3 -4 -5  0  0 -2 -5 -4 -4    2   3   7  36   1   4  11   1   1   0   1  22   0   0   3   6   1   0   0   0  0.63 0.25
  144 E   -1  0  0  4 -4  0  3 -1 -2 -4 -4  1 -3 -3  0  1 -1 -4 -1 -3    2   3   3  26   0   3  24   3   0   0   0  11   0   1   3  13   2   0   2   2  0.48 0.21
  145 H   -1  0 -2 -3  0 -2 -2 -3 -2  0 -1  4 -1 -3 -3  0  3 -4 -2  2    4   4   0   0   3   0   0   0   1   3   5  31   1   0   0   5  21   0   1  22  0.39 0.24
  146 H   -5 -5 -5 -6 -5 -5 -5 -6  0 -4 -3 -5 -3  6 -6 -5 -2  1  8 -4    0   0   0   0   0   0   0   0   1   0   0   0   0  40   0   0   3   1  55   0  2.04 0.55
  147 H   -2  0  0 -1 -3  0  0 -2  8 -4 -3 -1 -2 -1 -2 -1 -2 -3  2 -3    0   0   0   0   0   0   0   0 100   0   0   0   0   0   0   0   0   0   0   0  0.98 0.03
  148 H   -1  0  3  0 -3  3  1 -2  6 -3 -3  0 -1 -2 -2  0 -1 -3  0 -3    0   0  28   0   0  29   0   0  43   0   0   0   0   0   0   0   0   0   0   0  0.50 0.00
  149 H   -1  0  0  0 -3  3  3 -2  6 -3 -3  0 -1 -2 -2  0 -1 -3  0 -3    0   0   0   0   0  28  29   0  43   0   0   0   0   0   0   0   0   0   0   0  0.53 0.00
  150 H   -2  0  5  0 -3  0  0 -1  6 -3 -3  0 -2 -2 -2  0 -1 -3  0 -3    0   0  57   0   0   0   0   0  43   0   0   0   0   0   0   0   0   0   0   0  0.59 0.01

                      K         Lambda
Standard Ungapped    0.1328     0.3169
Standard Gapped      0.0410     0.2670
PSI Ungapped         0.1678     0.3175
PSI Gapped           0.0514     0.2670
