  336         A         R         N         D         C         Q         E         G         H         I         L         K         M         F         P         S         T         W         Y         V    
  1 S   1  0.086549 -0.064484  0.000573 -0.049581 -0.050154 -0.035252 -0.035252 -0.041845 -0.099736 -0.093715 -0.093715 -0.035252 -0.064484 -0.128967 -0.064484  0.152179  0.133845 -0.172528 -0.128967 -0.058463
  2 A   2  0.104863 -0.148425 -0.147848 -0.185842 -0.124397 -0.119270 -0.125500 -0.135539 -0.205410 -0.026548 -0.079972 -0.099427 -0.062549 -0.198891 -0.079785 -0.012060 -0.026995 -0.320983 -0.188234  0.033093
  3 D   3 -0.246123 -0.105559  0.277276  0.468308 -0.469242  0.071162  0.290413 -0.145101 -0.043158 -0.434626 -0.487313  0.002882 -0.336249 -0.434911 -0.190007  0.030929 -0.112654 -0.536064 -0.358492 -0.393658
  4 E   4 -0.185886 -0.125877 -0.059784  0.097452 -0.554458  0.135603  0.210542 -0.339035 -0.107150 -0.491415 -0.489502  0.072073 -0.291824 -0.516409  0.039660  0.002767 -0.155728 -0.583305 -0.313474 -0.361689
  5 S   5 -0.071661 -0.123140  0.071004 -0.050129 -0.440915  0.031629  0.050748 -0.205474 -0.152887 -0.477162 -0.446687  0.059263 -0.275910 -0.449904 -0.104042  0.221809  0.042924 -0.533938 -0.283517 -0.367590
  6 L   6 -0.109074 -0.303550 -0.280075 -0.375059 -0.361616 -0.183290 -0.240865 -0.393319 -0.381321 -0.040775  0.024186 -0.242781 -0.015624 -0.270050 -0.407112 -0.115933 -0.062530 -0.490610 -0.276812 -0.028801
  7 Q   7 -0.199782  0.039946  0.117835 -0.105756 -0.573846  0.092812  0.074925 -0.389892 -0.202334 -0.483967 -0.398596  0.204630 -0.217095 -0.565481 -0.237468  0.028622  0.003811 -0.673048 -0.425627 -0.356237
  8 D   8 -0.290504 -0.124307  0.253836  0.384759 -0.756354  0.115902  0.387179 -0.291215 -0.145169 -0.688562 -0.703386  0.074550 -0.476616 -0.733880 -0.153429  0.062043 -0.148821 -0.853810 -0.574923 -0.566946
  9 A   9  0.289084 -0.215604 -0.165291 -0.230490 -0.441178 -0.087906  0.007376 -0.286037 -0.411962 -0.403093 -0.409245 -0.032193 -0.295204 -0.645421 -0.330275  0.166673 -0.005358 -0.873744 -0.562121 -0.202502
 10 I  10 -0.159767 -0.504263 -0.464787 -0.526884 -0.564692 -0.281234 -0.306101 -0.734638 -0.598595  0.043631 -0.066742 -0.326135 -0.028599 -0.387190 -0.477617 -0.221925 -0.129314 -0.841331 -0.415917  0.117306
 11 K  11 -0.142130 -0.045329  0.057287  0.099199 -0.839394  0.167135  0.257490 -0.464756 -0.397007 -0.837654 -0.765791  0.375756 -0.474524 -0.948954 -0.380921  0.202656  0.034394 -1.072958 -0.744452 -0.587868
 12 N  12 -0.298070 -0.350665  0.125285  0.183485 -1.017942  0.000981  0.181465 -0.391096 -0.402938 -0.934490 -0.973925 -0.035556 -0.639570 -1.099273  0.101295  0.100914 -0.165806 -1.277920 -0.877800 -0.716856
 13 P  13 -0.326614 -0.336841  0.047929 -0.154765 -1.042726 -0.132517 -0.010788 -0.569726 -0.459798 -0.867351 -0.829816 -0.041289 -0.563344 -1.123362  0.294813 -0.032684 -0.188107 -1.349078 -0.880884 -0.650362
 14 A  14  0.318042 -0.368688 -0.287396 -0.397344 -0.626679 -0.106396 -0.063899 -0.557993 -0.671423 -0.528222 -0.558846 -0.121173 -0.361084 -0.920318 -0.454537  0.290014  0.345590 -1.196151 -0.796253 -0.198801
 15 I  15 -0.147621 -0.490795 -0.232884 -0.617287 -0.798420 -0.379549 -0.390165 -0.815530 -0.743281 -0.245198 -0.347621 -0.182841 -0.238671 -0.846671 -0.609144 -0.088619  0.110311 -1.298639 -0.739552 -0.042548
 16 I  16 -0.083776 -0.358755 -0.371431 -0.446450 -0.927832 -0.046859 -0.036708 -0.860259 -0.682505 -0.511883 -0.524428 -0.015780 -0.320799 -0.994909 -0.483550 -0.008530 -0.003102 -1.339814 -0.820970 -0.250487
 17 D  17 -0.266971 -0.499490  0.328472  0.775247 -1.159929 -0.016893  0.331486 -0.529379 -0.510645 -1.121258 -1.247963 -0.201759 -0.897229 -1.339414 -0.578504  0.194237  0.007703 -1.699583 -1.164910 -0.895517
 18 K  18 -0.027695 -0.328182 -0.201560 -0.279450 -1.155983 -0.071997  0.001838 -0.495423 -0.694648 -1.169691 -1.104107  0.190647 -0.703439 -1.352514  0.052467  0.248789 -0.164672 -1.594244 -1.095083 -0.812279
 19 E  19 -0.316255 -0.217523  0.392525  0.356210 -1.407687  0.251442  0.607405 -0.707634 -0.379249 -1.300817 -1.303650  0.167536 -0.840771 -1.489747 -0.479055  0.315883 -0.008151 -1.764426 -1.140515 -0.978239
 20 H  20 -0.266791 -0.311401  0.180637 -0.452795 -1.220086 -0.076124 -0.152568 -0.686440 -0.223384 -1.021120 -0.953837 -0.086452 -0.603265 -1.203776 -0.688007  0.064101  0.043379 -1.541441 -0.827667 -0.718720
 21 T  21 -0.474579 -0.933295 -0.975093 -1.256627 -0.905334 -0.768715 -0.907744 -1.690559 -1.252681  0.319683  0.700761 -0.704935  0.281505 -0.556225 -1.219413 -0.549554 -0.288515 -1.456981 -0.758132  0.130201
 22 A  22  0.075185  0.006093 -0.248461 -0.301017 -1.327046  0.305717  0.464256 -0.902928 -0.617919 -1.252807 -1.113992  0.682799 -0.667623 -1.511794 -0.499392  0.249972 -0.151160 -1.755633 -1.088644 -0.770846
 23 D  23 -0.753317 -0.841540  0.697909  1.976028 -1.693889 -0.042964  0.767606 -0.347044 -0.489485 -1.693505 -2.022076 -0.365551 -1.472162 -1.737913 -0.684512  0.196534 -0.389805 -2.200896 -1.565509 -1.524560
 24 N  24 -0.180498 -0.948653  0.107492 -0.497873 -1.748885 -0.863880 -0.845019  2.190333 -0.978497 -2.049258 -2.040268 -0.826514 -1.491555 -1.767435 -0.943448  0.005747 -0.862685 -1.485418 -1.634528 -1.536712
 25 W  25 -0.238163 -0.351991 -0.343907 -0.442118 -1.310296 -0.006635  0.306722 -1.221677 -0.767564 -0.781994 -0.787067 -0.040555 -0.511465 -1.254001 -0.878115  0.056958  0.416301 -1.490946 -0.981107 -0.390033
 26 R  26 -1.061945 -0.653165 -0.880793 -1.401179 -1.461917 -0.158066 -0.656589 -1.662246  0.784903 -1.009327 -0.889467 -0.541111 -0.666807  0.768298 -1.502881 -0.897935 -1.028877  0.377308  2.755198 -0.868981
 27 P  27 -0.163559 -0.437019  0.147019  0.127690 -1.267769  0.071273  0.234118 -0.871550 -0.740316 -1.288703 -1.268170 -0.022271 -0.817275 -1.561508 -0.373716  0.675985  0.611780 -1.854018 -1.291095 -0.935753
 28 I  28 -0.169050 -1.683909 -1.816693 -1.932209 -0.615782 -1.479039 -1.583158 -2.121273 -1.854576  1.792075  1.020610 -1.479588  0.596933 -0.341720 -1.599997 -1.062930 -0.295669 -1.822136 -0.718699  1.695083
 29 D  29 -0.662438 -0.565768  0.667466  0.561261 -1.771531 -0.045664  0.212346 -0.389302 -0.566078 -1.755342 -1.814770 -0.066643 -1.206313 -1.897027 -0.051744  0.202704 -0.281708 -2.195546 -1.521568 -1.421265
 30 F  30 -0.785804 -1.659163 -1.535350 -1.780732 -1.090240 -1.453454 -1.565272 -1.783603 -0.765869  0.329195  0.065071 -1.549003  0.037297  1.755117 -1.996369 -1.039737 -0.865883 -0.328816  1.115016  0.080845
 31 Q  31 -0.379541  0.293858  0.013193 -0.345394 -1.588706  0.506241  0.432426 -1.137103 -0.568453 -1.483128 -1.217234  1.129618 -0.640958 -1.621614 -0.750384  0.211506 -0.013759 -1.735727 -1.077369 -0.981876
 32 M  32  0.192906 -1.453335 -1.619968 -1.822358 -0.617999 -1.145941 -1.303957 -1.699340 -1.668993  1.072406  0.605943 -1.152946  0.463811 -0.529616 -1.308197 -0.785419 -0.096774 -1.702756 -0.706938  1.326210
 33 K  33 -0.762813 -0.837468 -1.298838 -1.857097 -1.076863 -0.663642 -1.168082 -2.120196 -1.109153  0.255067  0.991269 -0.675709  0.513424 -0.176112 -1.683581 -0.980438 -0.672220 -0.966776 -0.066762  0.012325
 34 N  34 -0.596824  0.903156  0.112616 -0.494677 -1.889966  0.527962  0.538218 -1.157961 -0.263314 -1.866854 -1.376012  2.209252 -0.752100 -1.847409 -0.711338  0.012528 -0.603521 -1.964832 -1.172419 -1.341182
 35 D  35 -0.510488 -0.629017  0.237516  1.342798 -1.705325  0.123908  0.837070 -0.740258 -0.531931 -1.654400 -1.827942 -0.080751 -1.298041 -1.680650 -0.677316  0.118576 -0.341593 -2.088459 -1.329389 -1.340621
 36 K  36 -0.555591 -0.262176  0.655483  0.105089 -1.781057  0.058254  0.079233  0.189804 -0.520969 -1.869295 -1.738719  0.243581 -1.109389 -1.754169 -0.982146  0.221608 -0.349753 -1.813889 -1.326325 -1.455796
 37 G  37 -0.139882 -0.490580  0.460161 -0.118352 -1.165385 -0.237642 -0.074217 -0.610349 -0.821771 -1.266738 -1.249241 -0.163324 -0.866115 -1.518618 -0.715144  0.852242  1.206353 -1.772758 -1.366912 -0.873174
 38 E  38 -0.896153 -0.494367  1.102668  1.432723 -1.846824  0.215112  0.885664 -0.745709 -0.302674 -1.721898 -1.885579 -0.040084 -1.306856 -1.818649 -0.855332  0.267685 -0.097012 -2.262848 -1.480653 -1.493363
 39 R  39 -0.492083 -0.077087  0.103045  0.729686 -2.060025  0.776009  1.655059 -0.985499 -0.392693 -1.758896 -1.708491  0.397034 -1.091217 -1.854766 -0.761186  0.208146 -0.242388 -1.981828 -1.371293 -1.264445
 40 Q  40 -0.290312 -0.733281 -0.652694 -0.556796 -1.361893 -0.233394 -0.138385 -1.392820 -1.033010 -0.705336 -0.749830 -0.311889 -0.487247 -1.377799 -0.264458 -0.140507  0.002084 -1.893906 -1.129004 -0.388085
 41 F  41  0.424761 -0.754413  0.471496 -0.069868 -0.822112 -0.094656 -0.071198 -0.215501 -0.625432 -1.302706 -1.305743 -0.155295 -0.694969 -1.088356 -0.761054  2.187304  0.486120 -1.838126 -1.065615 -1.293985
 42 Y  42 -0.444056 -0.724447 -1.062785 -1.569074 -0.950944 -0.316681 -0.956165 -1.752648 -0.913618  0.151060  0.341772 -0.498388  1.302788 -0.437645 -1.193341 -0.427616 -0.437280 -1.188600 -0.458182  0.255624
 43 H  43  0.548422 -0.797315 -1.127336 -1.538487 -0.629247 -0.485419 -0.989741 -1.018801 -1.016971 -0.112178  0.114688 -0.759475  0.865242 -0.710680 -1.118791 -0.086034 -0.372304 -1.444337 -0.892739  0.126488
 44 Y  44 -0.588475 -0.316076  1.258656  0.426143 -1.674782  0.007538  0.064696 -0.170750 -0.163491 -1.748822 -1.763684 -0.220458 -1.158506 -1.637817 -1.132575  0.353191 -0.323458 -2.100584 -1.211594 -1.562217
 45 A  45 -0.236264 -0.457749  0.085857 -0.011562 -1.563596  0.137702  0.056829 -0.191617 -0.775511 -1.625419 -1.564595 -0.165607 -0.967364 -1.687414 -0.735604  0.269243  0.056164 -1.772440 -1.367520 -1.148728
 46 S  46 -0.822037 -1.286713 -1.229758 -1.743523 -1.198821 -0.747916 -1.175138 -1.671756  0.561507 -0.637371 -0.639658 -1.208879 -0.573462  1.323014 -1.848945 -0.886027 -1.030456  0.437465  2.949934 -0.604690
 47 T  47 -0.495230 -1.513800 -1.494301 -1.813592 -0.834657 -1.278924 -1.519772 -2.040987 -1.525247  0.813706  0.651989 -1.357444  0.545816  0.270125 -1.665028 -0.722813  0.068829 -1.152036 -0.306217  0.712918
 48 V  48 -0.411773 -0.482800 -0.124297 -0.080289 -1.637584  0.037925  0.349421 -1.085319 -0.869268 -0.990298 -1.163361  0.260051 -0.687881 -1.657772 -0.839521 -0.120657 -0.209762 -2.119978 -1.295360 -0.493462
 49 E  49 -0.669497  0.221397  0.638728  0.035053 -1.893347  0.385076  0.519735 -0.928488  0.052946 -1.923428 -1.705656  1.093048 -1.003868 -1.860643 -0.503366  0.387062 -0.418498 -2.157241 -1.176186 -1.554006
 50 P  50 -0.601061 -0.922011 -0.692251 -0.508121 -1.735188 -0.465199 -0.402485 -1.304917 -1.107890 -1.548294 -1.537142 -0.380796 -1.034489 -2.119534  2.307971 -0.329506 -0.066648 -2.293592 -1.630932 -1.014352
 51 A  51  1.204386 -1.015356 -0.934836 -1.107816 -0.716997 -0.848703 -0.884015  0.439238 -1.325907 -0.808043 -0.927897 -0.910118 -0.748184 -1.248723 -0.978120  0.249367 -0.312692 -1.716438 -1.289759 -0.311818
 52 T  52 -0.511671 -0.198065 -0.199086 -0.638333 -1.442995 -0.107977 -0.145842 -1.398094 -0.850108 -0.857312 -0.880965  0.447393 -0.500807 -1.364790 -1.006106 -0.085595  0.300000 -1.742214 -0.988847 -0.433075
 53 V  53 -0.547310 -1.640215 -1.908008 -2.313353 -0.816518 -1.370937 -1.734811 -2.381678 -1.673995  1.377525  1.418229 -1.413899  0.777263  0.019946 -1.853769 -1.291190 -0.509432 -1.384308 -0.145021  1.208173
 54 I  54 -0.384054 -0.486677 -0.689300 -0.932996 -1.354881 -0.390755 -0.241951 -1.693993 -1.099300 -0.355860 -0.547273  0.125719 -0.366213 -1.193286 -1.102829 -0.276597  0.335984 -1.812778 -0.929353  0.037432
 55 F  55 -0.293226 -1.526449 -1.547769 -1.586013 -1.076966 -1.064982 -0.931301 -1.988542 -1.552259  1.066995  0.178398 -0.955971  0.227830 -0.584932 -1.411464 -1.024022 -0.284369 -1.898613 -0.597768  1.436740
 56 T  56 -0.498889  0.420642  0.099280 -0.104532 -1.948520  0.555450  0.947214 -1.265068 -0.578116 -1.654327 -1.409803  1.406442 -0.827586 -1.901205 -0.862208  0.139184 -0.269400 -2.120655 -1.368451 -1.126773
 57 K  57 -1.032731 -0.533237  1.708395  1.549548 -2.078287 -0.031767  0.475412 -0.022770 -0.281549 -2.148751 -2.319017 -0.064837 -1.619649 -2.109249 -1.029453  0.298625 -0.439857 -2.548561 -1.739654 -1.942596
 58 T  58 -0.320932 -1.064135  0.389952 -0.083089 -2.058108 -0.858531 -0.720496  2.478855 -0.979418 -2.500358 -2.509248 -0.875333 -1.826608 -2.029509 -1.288987  0.119838 -1.001943 -1.716690 -1.878267 -1.969955
 59 G  59 -0.582141  0.782178  0.053941 -0.421126 -1.999946  0.677603  0.592607 -1.101647 -0.667683 -1.950366 -1.464830  2.117246 -0.767116 -2.012417 -0.800011  0.073744 -0.499672 -2.065019 -1.388535 -1.347652
 60 P  60 -0.423418 -0.214390 -0.576310 -1.084380 -1.464610 -0.204265 -0.402815 -1.445069 -0.607321 -1.039574 -0.884621  0.450578 -0.493835 -1.045486 -0.815875 -0.241764 -0.234867 -1.510521 -0.373376 -0.657894
 61 I  61 -0.856323 -0.736036 -0.799916 -1.189948 -1.493837 -0.405553 -0.548183 -1.799404 -0.110871 -0.764478 -0.768057 -0.373940 -0.575652  0.014184 -1.471042 -0.596372 -0.260854 -0.638226  1.060866 -0.535343
 62 I  62 -0.075677 -1.746285 -1.861798 -1.965733 -0.637055 -1.393994 -1.491637 -1.989566 -1.778998  1.286078  0.600081 -1.418706  0.473689 -0.240279 -1.659842 -1.038065 -0.347292 -1.731896 -0.553466  1.446860
 63 E  63 -0.248037 -0.552763 -0.236750 -0.305618 -1.424845  0.085009  0.254500 -1.271374 -0.787560 -0.952581 -1.030000 -0.247227 -0.643567 -1.400974 -0.914339  0.343969  0.566756 -1.809740 -1.063313 -0.564543
 64 L  64 -0.532404 -1.512500 -1.829615 -2.191339 -0.879325 -1.312377 -1.685858 -2.246108 -1.611938  1.010156  1.200972 -1.356849  0.920062  0.410038 -1.881523 -1.093182 -0.621019 -1.232952 -0.267931  0.750010
 65 G  65 -0.264137 -0.472284 -0.000438 -0.453500 -1.202780 -0.314457 -0.267926 -1.078861 -0.929197 -1.073785 -1.066059 -0.173286 -0.783085 -1.484258 -0.812492  0.291267  1.481445 -1.641114 -1.196599 -0.515612
 66 L  66 -0.615773 -1.589197 -1.877357 -2.288131 -0.761641 -1.450135 -1.836210 -2.427058 -1.812980  1.258590  1.554276 -1.473589  0.897572  0.268185 -1.918354 -1.146973 -0.410406 -1.292250 -0.410504  0.889312
 67 K  67 -0.561467  0.146158  0.660295 -0.325570 -1.621502  0.209097  0.112391 -1.075169 -0.569649 -1.477932 -1.176121  0.846207 -0.703107 -1.716045 -0.923766  0.326933  0.268754 -2.029524 -1.282858 -1.101006
 68 T  68 -0.643890 -0.172795  1.258867  0.335822 -1.746608  0.079565  0.169469 -0.508717  0.013137 -1.755890 -1.747103 -0.060286 -1.135432 -1.826153 -0.957817  0.444587  0.015932 -2.243617 -1.315596 -1.522335
 69 A  69  0.565507 -0.700459 -0.232903 -0.689388 -0.891539 -0.348745 -0.418381 -0.534862 -1.059291 -0.905299 -0.827776 -0.299979 -0.411078 -1.314721 -0.915936  1.068401  0.142235 -2.015189 -1.327140 -0.710842
 70 S  70 -0.227213 -0.479780  0.498572  0.786416 -1.548379  0.279609  0.591104 -0.667295 -0.456006 -1.721168 -1.738528  0.145970 -1.094464 -1.731864 -0.847397  0.910782 -0.026030 -2.217048 -1.393884 -1.461871
 71 T  71 -0.995475 -1.466487 -1.537398 -1.774511 -1.244698 -0.956723 -1.280835 -1.510722 -1.026126 -0.971711 -0.662739 -1.351718 -0.349987  0.259466 -1.920810 -0.862000 -0.458606  1.939235  0.464887 -0.937874
 72 W  72 -0.729203 -1.665942 -1.933591 -2.142553 -0.903191 -1.347654 -1.733203 -2.255624 -1.652218  1.068271  0.773919 -1.550611  0.840864  0.153141 -1.887364 -1.199758 -0.679049 -0.486829 -0.231108  0.839394
 73 K  73 -0.337862  0.132015  0.101332 -0.352438 -1.618134  0.235984  0.214279 -0.908344 -0.817634 -1.612899 -1.364930  0.946259 -0.826326 -1.827501 -0.763571  0.377675  0.419928 -1.926888 -1.395543 -1.055489
 74 K  74 -0.556941 -0.180893  0.625515  0.005670 -1.788091  0.088320  0.262862 -0.655641 -0.427339 -1.668974 -1.524851  0.460031 -0.939799 -1.583926 -1.027730  0.280280 -0.348385 -2.013017 -1.123184 -1.343711
 75 F  75 -1.010553 -1.795502 -1.928341 -2.058526 -1.198533 -1.659338 -1.795935 -2.229347 -1.090618  0.533382  0.466941 -1.716658  0.339993  2.068517 -2.331254 -1.271484 -0.987090 -0.331714  0.945660  0.094320
 76 E  76 -0.466992  0.296127 -0.060187 -0.221677 -1.868338  0.821584  0.792200 -1.213021 -0.557453 -1.682288 -1.397206  0.919712 -0.712413 -1.827234 -0.743474  0.201864 -0.196311 -1.832025 -1.217089 -1.180083
 77 V  77 -0.328840 -1.548437 -1.507610 -1.711185 -0.901245 -1.287266 -1.374993 -1.985795 -1.550854  0.782697  0.272474 -1.273420  0.132869 -0.161629 -1.496709 -0.784841  0.215517 -1.504670 -0.397884  0.934347
 78 Y  78 -0.617218 -0.533420 -0.454193 -0.091758 -1.806998  0.188724  0.741226 -1.320717 -0.317623 -1.315903 -1.283769 -0.088977 -0.843026 -0.911537 -1.005118 -0.151828 -0.483510 -1.240518 -0.268747 -0.985632
 79 E  79 -0.422713 -0.388822 -0.140129 -0.303159 -1.632292  0.106882  0.184040 -0.907930 -0.817355 -1.030862 -1.117368  0.235025 -0.610796 -1.542912 -1.042744 -0.090966 -0.325271 -1.966629 -1.175673 -0.586672
 80 G  80 -0.743978 -0.596082  1.422374  0.745618 -1.945310 -0.143659  0.133486  0.133473 -0.313080 -1.961854 -2.058679 -0.301689 -1.420900 -1.940315 -1.014508  0.312705 -0.442445 -2.369011 -1.574719 -1.720287
 81 D  81 -0.340596 -0.932812  0.377346  0.070120 -2.032495 -0.693596 -0.480171  2.049992 -0.972625 -2.355427 -2.392042 -0.751277 -1.728286 -2.002566 -1.234200  0.104513 -0.929942 -1.821356 -1.851875 -1.856897
 82 K  82 -0.103847 -0.199734 -0.103373 -0.472927 -1.477786  0.108885  0.056404 -0.744088 -0.832530 -1.313952 -1.174296  0.387989 -0.682480 -1.607056 -0.911310  0.284654 -0.030911 -1.923557 -1.263879 -0.859794
 83 K  83 -0.728375 -0.655080 -0.782685 -0.873329 -1.600972 -0.304177 -0.188108 -1.546939 -0.551429 -0.927411 -0.697555 -0.113386 -0.439798 -0.057677 -1.303289 -0.409289 -0.658477 -1.024123  0.014416 -0.822742
 84 L  84 -0.098995 -1.044141 -1.032900 -1.277639 -1.055581 -0.619111 -0.740917 -1.442992 -1.134263  0.183776 -0.116165 -0.726220 -0.052567 -1.030207 -1.005040 -0.547861 -0.162427 -1.826701 -0.855744  0.508970
 85 P  85 -0.617644 -0.725416  0.270307  1.040483 -1.776039 -0.049433  0.493363 -0.852649 -0.646177 -1.651999 -1.835438 -0.140605 -1.277916 -1.921612 -0.109533  0.068126 -0.362114 -2.359873 -1.580903 -1.337042
 86 V  86  0.405471 -1.098638 -1.142551 -1.236606 -0.892248 -0.728717 -0.766829 -1.211341 -1.141093 -0.149358 -0.446782 -0.803397 -0.331199 -1.037085 -0.878967 -0.260509  0.052116 -1.792887 -0.807631  0.300076
 87 E  87 -0.442411  0.149967  0.300935 -0.098858 -1.801582  0.400143  0.611305 -1.076480 -0.521929 -1.661718 -1.482177  0.915783 -0.875335 -1.847254 -0.803170  0.364674  0.064582 -2.103801 -1.336916 -1.166071
 88 L  88 -0.174238 -1.365971 -1.415962 -1.620751 -0.920935 -0.974326 -1.100387 -1.816488 -1.630664  0.850099  0.281959 -0.894655  0.237116 -0.813566 -1.314681 -0.773873  0.093313 -1.823924 -0.790624  1.205388
 89 V  89 -0.215472 -1.399076 -1.313580 -1.522810 -0.948972 -1.053888 -1.042104 -1.824326 -1.668255  0.869080  0.287417 -0.967653  0.194653 -0.853331 -1.387388 -0.647809  0.078210 -1.971909 -0.960180  1.098965
 90 S  90  0.028085 -0.450632  0.361432 -0.047542 -1.301834  0.066184  0.197045 -0.517091 -0.707645 -1.402642 -1.336917  0.179689 -0.775306 -1.564824 -0.815428  1.216966  0.145175 -2.060027 -1.346743 -1.182539
 91 Y  91 -0.601817 -0.271841 -0.059776  0.121176 -1.936757  0.352594  1.017748 -1.241570 -0.290105 -1.471919 -1.440610  0.176311 -0.961400 -1.356867 -0.910828  0.012195 -0.259358 -1.722631 -0.774621 -1.077946
 92 D  92 -0.957478 -0.859358  1.024043  2.034074 -1.944047 -0.045567  0.675294 -0.297283 -0.532964 -1.961679 -2.276920 -0.369248 -1.603955 -1.926484 -0.933610  0.309407 -0.434407 -2.428398 -1.740075 -1.820964
 93 S  93 -0.215852  0.099475 -0.158106 -0.557122 -1.585504  0.129113  0.135126 -1.084132 -0.861243 -1.492799 -1.242636  1.031206 -0.738687 -1.797701 -0.440903  0.259225  0.016184 -2.061999 -1.389939 -0.976029
 94 D  94 -0.285311 -0.451974  0.068923  0.120037 -1.782979  0.063162  0.658172 -0.660005 -0.662140 -1.501825 -1.552651  0.082907 -1.025181 -1.680330 -0.900687  0.244422 -0.149739 -2.018942 -1.346496 -1.034204
 95 K  95  0.124227 -0.018595 -0.064823 -0.510388 -1.588087  0.054973  0.153295 -0.320601 -0.707699 -1.732755 -1.494859  0.647013 -0.954171 -1.797996 -0.914183  0.285514 -0.361405 -1.924271 -1.363069 -1.181982
 96 D  96 -1.170863 -0.617420  1.604841  1.927166 -2.110268  0.150272  0.792954 -0.554844 -0.216466 -2.048850 -2.277482 -0.112697 -1.580386 -2.056418 -0.986216  0.270342 -0.398906 -2.585935 -1.653580 -1.900761
 97 Y  97 -0.352754 -0.572635 -0.055657 -0.705609 -1.219753 -0.463418 -0.504335 -1.173627 -0.676005 -0.986370 -0.986004 -0.373811 -0.751610 -1.149504 -0.995998  0.267726  1.287906 -1.483154 -0.750710 -0.553058
 98 A  98 -0.213239  0.951185 -0.394688 -1.205849 -1.601745 -0.027869 -0.360612 -0.931012 -0.486068 -1.484801 -1.137179  0.507774 -0.673148 -1.545428 -1.293883 -0.241315 -0.488360 -1.703286 -1.098133 -1.251709
 99 Y  99 -0.410851 -1.131374 -0.943469 -1.210561 -1.074008 -0.746446 -0.761629 -1.764002 -1.136964  0.197916 -0.185552 -0.789910 -0.062356 -0.727654 -1.239682 -0.511522  0.429158 -1.537462 -0.466890  0.555827
100 I 100 -0.307512 -1.772113 -1.721891 -1.818069 -0.868168 -1.360560 -1.390933 -2.101191 -1.688560  1.442932  0.554098 -1.417795  0.398860 -0.372128 -1.515450 -1.066752 -0.254272 -1.788469 -0.484173  1.582316
101 R 101 -0.365325  0.511647 -0.015649 -0.062544 -1.868897  0.717883  1.053571 -1.210195 -0.490784 -1.676368 -1.451705  0.740586 -0.844992 -1.890121 -0.870531  0.187046 -0.070067 -2.013926 -1.358329 -1.206503
102 F 102 -1.023505 -1.904870 -1.891922 -1.914313 -1.260312 -1.727479 -1.770451 -2.076018 -0.964955  0.291592  0.145040 -1.791750  0.112391  2.562957 -2.385272 -1.211113 -1.037123 -0.147627  1.229010 -0.123824
103 P 103 -0.555631 -0.386101 -0.219249  0.523224 -2.143681  0.437765  1.387988 -1.262879 -0.591260 -1.863630 -1.853342  0.291630 -1.234052 -2.053233  0.215699  0.002336 -0.360445 -2.247279 -1.505762 -1.288998
104 V 104 -0.194240 -1.823523 -1.791134 -2.012227 -0.840213 -1.382297 -1.464195 -2.177099 -1.853250  1.585499  0.677349 -1.373012  0.494554 -0.603567 -1.586257 -1.117896 -0.010637 -2.013702 -0.706132  1.898072
105 S 105 -0.273747 -0.678397  0.200765  0.192118 -1.688201 -0.180226  0.174057 -0.550558 -0.779777 -1.674797 -1.724009 -0.134242 -1.169618 -1.899053 -0.249430  0.454754 -0.051415 -2.275825 -1.553936 -1.280668
106 N 106 -0.861650 -0.769384  1.043988  1.920588 -1.942279  0.081026  0.865575 -0.642319 -0.461001 -1.923635 -2.221946 -0.233450 -1.534875 -2.016804 -0.774324  0.494142 -0.205492 -2.598386 -1.754620 -1.742136
107 G 107 -0.548038 -1.456611 -1.534288 -2.000303 -1.134443 -1.311507 -1.644418 -1.504011 -1.790082  0.377183  0.892587 -1.302500  0.367053 -0.443366 -1.683372 -0.978764 -0.673185 -1.477273 -0.899997  0.176855
108 T 108 -0.391103 -0.691489  0.373666  0.222252 -1.551395 -0.157798  0.080238 -0.639402 -0.638241 -1.495555 -1.538799 -0.190523 -0.995961 -1.495325 -0.823762  0.612110  0.124234 -2.014964 -1.210882 -1.227432
109 R 109 -0.300448  0.171299  0.043474 -0.170169 -1.784679  0.384516  0.466036 -0.973535 -0.642554 -1.815933 -1.549510  1.062941 -0.922160 -1.869378 -0.635135  0.306473 -0.204711 -2.108799 -1.361911 -1.297105
110 E 110 -0.556925  0.013946 -0.198911 -0.223574 -1.905588  0.198810  0.472489 -1.317635 -0.799689 -1.468743 -1.323238  0.903106 -0.815530 -1.828838 -0.591064 -0.137310 -0.421768 -2.196047 -1.371748 -0.998423
111 V 111 -0.518897 -1.583794 -1.871298 -2.236474 -0.857814 -1.338872 -1.695647 -2.439371 -1.710191  1.273058  1.276003 -1.418311  0.728839 -0.312467 -1.762567 -1.185705 -0.509698 -1.712539 -0.539426  1.071800
112 K 112 -0.774265 -0.191761  1.110784 -0.049137 -1.867439 -0.020022  0.067131 -0.918161 -0.431348 -1.563921 -1.529394  0.320654 -0.952463 -1.873144 -0.777535  0.241799 -0.075575 -2.392492 -1.375591 -1.268051
113 I 113  0.560199 -1.218176 -1.073731 -1.349561 -0.801627 -0.914524 -1.024086 -0.888094 -1.497868 -0.076179 -0.329303 -0.975467 -0.143132 -0.899171 -1.279787  0.092549  0.072985 -1.873683 -1.096398  0.229785
114 V 114 -0.595438  0.033327 -0.052460 -0.598820 -1.774025  0.202728  0.143698 -1.265832 -0.466369 -1.484833 -1.271402  0.731442 -0.718073 -1.475294 -1.056865 -0.038993 -0.273843 -1.633949 -0.847612 -1.058358
115 S 115 -0.189348 -1.396713 -1.338504 -1.684477 -0.849526 -0.916010 -1.202324 -1.828492 -1.605984  0.693145  0.315442 -1.030055  0.664862 -0.630772 -1.356422 -0.506082  0.086312 -1.702280 -0.793674  0.954592
116 S 116 -0.701375 -0.329500  0.126486 -0.547575 -1.760242 -0.064335 -0.090880 -1.150908  0.447582 -1.477875 -1.354483  0.117396 -0.816417 -1.100813 -1.147560  0.022410 -0.435938 -1.763776 -0.467483 -1.236977
117 I 117 -0.340231 -1.934363 -1.832916 -2.002316 -0.746947 -1.586678 -1.648703 -2.300616 -1.945913  1.791999  0.752532 -1.614180  0.495517 -0.441322 -1.729818 -1.134827 -0.133480 -2.004756 -0.690318  1.855635
118 E 118 -0.728901 -0.797793 -0.098698  0.266529 -1.760396 -0.112318  0.306331 -1.314718 -0.676308 -0.983922 -1.249027 -0.288895 -0.820505 -1.394938 -1.073298 -0.212067 -0.362942 -2.082254 -0.983270 -0.700482
119 Y 119 -0.399509 -1.585632 -1.516376 -1.689678 -1.057885 -1.190553 -1.325352 -1.947374 -1.502544  0.733846  0.149703 -1.277470  0.194532 -0.637953 -1.054714 -0.837148 -0.370303 -1.636305 -0.636077  0.817596
120 G 120 -0.623176 -1.046269 -0.417899  0.283278 -1.720428 -0.368861 -0.170392 -0.956828 -0.989528 -1.452688 -1.507218 -0.549344 -0.783460 -1.716122  0.439002 -0.205046 -0.576042 -2.226640 -1.534308 -1.149049
121 E 121 -0.169845 -0.705906 -0.142438 -0.139591 -1.666727 -0.195165  0.135004 -0.285030 -0.860214 -1.484055 -1.430207 -0.269773 -0.920524 -1.526746 -0.923778  0.326479 -0.414778 -1.986661 -1.402439 -1.154284
122 N 122 -0.508915 -0.581441 -0.310638 -1.053867 -1.393393 -0.432786 -0.705776 -1.113295 -1.020122 -0.466301 -0.373457 -0.468254  0.136464 -1.125818 -1.315549 -0.291841 -0.446191 -1.847465 -1.123417 -0.374790
123 I 123 -0.571704 -0.560659  1.109339 -0.203443 -1.648608 -0.343572 -0.347307 -0.300316 -0.227826 -1.554659 -1.590832 -0.328580 -1.053759 -1.498717 -1.134079  0.225041 -0.311641 -2.031355 -0.999557 -1.322643
124 H 124 -0.925087 -0.871780 -0.885758 -1.378256 -1.519516 -0.574045 -0.781132 -1.674158  0.097812 -0.599842 -0.675473 -0.745394 -0.500321  0.109837 -1.587350 -0.820531 -0.779713 -0.623909  1.255072 -0.506604
125 E 125 -0.772399 -0.748675 -0.124063  0.120779 -1.750984 -0.256511  0.115047 -1.218104  0.167541 -1.205375 -1.391613 -0.377731 -0.907695 -1.078973 -1.152936 -0.304350 -0.457917 -1.873886 -0.691005 -0.962485
126 D 126 -0.804351 -0.191894  0.846387  0.141867 -1.931055  0.239648  0.347613 -0.852459  0.997658 -1.841158 -1.803127  0.045596 -1.105815 -1.583961 -1.061418  0.094127 -0.505510 -2.058323 -0.738872 -1.572637
127 Y 127 -0.849551 -0.886879 -0.750577 -1.035448 -1.598940 -0.497039 -0.505491 -1.591841  0.070183 -0.944283 -0.921609 -0.702349 -0.590001  0.118004 -1.436186 -0.558828 -0.548959 -0.753466  0.673083 -0.818182
128 D 128 -0.938449 -0.660452 -0.315955 -0.224626 -1.775498 -0.045793  0.060597 -1.430647  0.181312 -1.403801 -1.413625 -0.344548 -0.976009 -0.720997 -1.070205 -0.459233 -0.673254 -1.205293  0.439380 -1.145644
129 Y 129 -0.506393 -1.126419 -0.520683 -0.164289 -1.361315 -0.523898 -0.372943 -1.147044 -0.820019 -0.707737 -1.023149 -0.729426 -0.718562 -0.873434 -1.167976 -0.298585 -0.227398 -1.594221 -0.601265 -0.459623
130 T 130 -0.166166 -1.116817 -0.896637 -1.011305 -1.062983 -0.785610 -0.772751 -1.466993 -1.419534  0.078191 -0.325607 -0.797518 -0.218023 -1.121111 -0.954246 -0.324156  0.452927 -1.929793 -1.114972  0.444374
131 L 131 -0.520960 -0.163130 -0.457539 -0.691603 -1.543123  0.390016 -0.055811 -1.434809 -0.610110 -1.093518 -0.733180 -0.022409 -0.296247 -1.251215 -0.943258 -0.229878 -0.292687 -1.609378 -0.815980 -0.837691
132 M 132 -0.607128 -0.936813 -0.992451 -1.330433 -1.269054 -0.652525 -0.824546 -1.807479 -1.001012 -0.010618  0.082665 -0.690170  0.105210 -0.204165 -1.515391 -0.585361 -0.483389 -1.423649 -0.441865 -0.096222
133 V 133 -0.120656 -0.716572 -0.810238 -0.961990 -1.240457 -0.316110 -0.359417 -1.413492 -1.138959 -0.288232 -0.394283 -0.299688 -0.123504 -1.097202 -1.115447 -0.273493 -0.228630 -1.883553 -1.001134  0.024432
134 F 134 -0.946410 -1.491329 -1.137678 -1.218498 -1.429079 -1.203500 -1.213642 -1.582639 -0.888211 -0.399917 -0.381679 -1.299625 -0.204171  1.313723 -1.994143 -0.772320 -0.892439 -0.666051  0.381158 -0.654227
135 A 135 -0.466700 -0.734849  0.100602  0.573223 -1.732235 -0.190992  0.332824 -0.733255 -0.845960 -1.408421 -1.595050 -0.207640 -1.120516 -1.690852 -0.892137  0.080168 -0.225113 -2.228769 -1.477578 -1.072401
136 Q 136 -0.328726 -0.417124 -0.304064 -0.381069 -1.651580  0.254101  0.112611 -0.870059 -0.783551 -1.249355 -1.170593  0.080063 -0.612310 -1.571946 -0.923152 -0.064232 -0.360826 -1.907475 -1.193075 -0.793903
137 P 137 -0.338769 -0.729429 -0.289502 -0.351188 -1.559146 -0.174544 -0.229072 -0.903967 -0.914542 -1.436520 -1.424588 -0.297662 -0.891594 -1.838915  0.550430  0.064804 -0.182261 -2.179900 -1.457028 -1.022563
138 I 138 -0.207838 -1.100085 -0.827088 -1.205342 -1.008943 -0.737507 -0.846696 -1.478915 -1.252403  0.130018  0.003618 -0.762756  0.098105 -0.771056 -1.332226 -0.183532 -0.128190 -1.785340 -0.876937  0.197791
139 T 139 -0.393502 -0.946157 -0.774119 -0.978021 -1.352148 -0.615087 -0.640004 -1.276204 -1.086878 -0.486256 -0.661831 -0.540738 -0.482203 -1.107150 -0.707922 -0.300228 -0.159924 -1.782060 -0.846734 -0.245656
140 N 140 -0.504705 -0.450878  0.274929 -0.242700 -1.600596 -0.163714 -0.026661 -0.944269 -0.713038 -1.318472 -1.265212  0.063503 -0.841772 -1.501044 -0.801203  0.065319 -0.050222 -2.000478 -1.224930 -0.977218
141 N 141 -0.363783 -0.727043 -0.267685 -0.221738 -1.518110 -0.307313 -0.133161 -0.994070 -0.812321 -1.083477 -1.073848 -0.303010 -0.719830 -1.427047 -0.788060 -0.040891 -0.292211 -1.973913 -1.214451 -0.828757
142 P 142 -0.305331 -0.639626 -0.635548 -0.765121 -1.446889 -0.292446 -0.262017 -1.275406 -1.012115 -0.880253 -0.777508 -0.284208 -0.517265 -1.421612 -0.495088 -0.104818 -0.155009 -1.820630 -1.170581 -0.606284
143 D 143 -0.184711 -0.702344 -0.235461 -0.166775 -1.502201 -0.199776  0.065596 -0.759402 -0.733454 -1.232754 -1.283977 -0.238071 -0.809366 -1.559478 -0.705966  0.151204 -0.198544 -2.015590 -1.222483 -0.840775
144 D 144 -0.418941 -0.618661  0.098366  0.235807 -1.669779 -0.082376  0.163350 -0.678623 -0.830300 -1.380314 -1.441940 -0.113553 -0.950580 -1.699859 -0.873132  0.159117 -0.262025 -2.169834 -1.421348 -1.048440
145 Y 145 -0.320758 -0.896100 -0.713826 -0.734613 -1.506208 -0.393945 -0.263051 -1.163965 -0.933666 -0.823942 -0.925269 -0.542090 -0.580190 -0.785235 -1.016077 -0.177428 -0.276719 -1.616404 -0.750040 -0.550639
146 V 146 -0.566153 -0.063492 -0.019019 -0.382428 -1.853268  0.201154  0.194099 -0.931295 -0.649835 -1.547991 -1.405376  0.437236 -0.837712 -1.745951 -0.823470 -0.005670 -0.352556 -1.921347 -1.200190 -1.139710
147 D 147 -0.315793 -0.968880 -0.404723 -0.524706 -1.502912 -0.544290 -0.392328 -0.888914 -1.058340 -0.977328 -1.114712 -0.550640 -0.803891 -1.425447 -0.740928  0.003282  0.047056 -1.941240 -1.172831 -0.627293
148 E 148 -0.417355 -0.401443  0.278781  0.026100 -1.753372  0.225852  0.473322 -0.999554 -0.667643 -1.394935 -1.422324  0.024774 -0.879080 -1.814679 -0.981659  0.227822 -0.111435 -2.257199 -1.373803 -0.991586
149 E 149 -0.512782 -0.732219 -0.321686 -0.143162 -1.884655 -0.168129  0.141041 -0.942263 -0.854978 -1.559429 -1.498572 -0.197730 -1.013519 -1.559341 -0.435619 -0.087179 -0.403265 -2.014371 -1.273748 -1.172502
150 T 150 -0.456581 -0.636723  0.149488  0.297726 -1.731197  0.017072  0.326927 -0.990135 -0.840314 -1.354714 -1.484192  0.019146 -0.937295 -1.777594 -0.868674  0.203953 -0.115045 -2.280727 -1.451387 -0.960156
151 Y 151 -0.558875 -0.535016 -0.283954 -0.614233 -1.686108  0.023300 -0.056076 -1.337238 -0.662750 -1.206078 -1.139394 -0.051616 -0.653623 -1.293897 -0.874884 -0.167431 -0.218811 -1.681486 -0.763782 -0.823289
152 N 152 -0.301157 -0.548764  0.118485  0.217996 -1.748955  0.072583  0.358759 -0.758808 -0.702626 -1.650357 -1.629464 -0.003851 -1.033596 -1.886110 -0.608066  0.333024 -0.185963 -2.229327 -1.497472 -1.241409
153 L 153 -0.148989 -0.847683 -0.516862 -0.811113 -1.414621 -0.462607 -0.412891 -1.112153 -1.179634 -0.918624 -0.970310 -0.370438 -0.633141 -1.461155 -0.582895  0.026940  0.093584 -1.980739 -1.297734 -0.516645
154 Q 154 -0.325949 -0.419633  0.119091  0.174478 -1.790842  0.245057  0.584490 -1.073529 -0.757837 -1.435435 -1.406823  0.064986 -0.901679 -1.844679 -0.961741  0.192981 -0.110235 -2.281364 -1.457647 -1.022579
155 K 155 -0.388467 -0.465322 -0.225705 -0.399955 -1.698580 -0.068480 -0.032384 -1.140923 -0.882013 -1.293446 -1.275351  0.094217 -0.775920 -1.611252 -0.822676  0.021269 -0.201801 -2.070124 -1.221384 -0.898512
156 L 156 -0.293395 -0.658369 -0.568402 -1.010755 -1.490906 -0.442983 -0.523845 -1.397661 -1.208639 -0.792491 -0.584007 -0.166044 -0.404978 -1.444398 -0.802744 -0.156998 -0.215021 -2.156298 -1.277698 -0.538726
157 L 157 -0.286458 -0.673692 -0.579321 -0.643756 -1.592876 -0.096822 -0.031548 -1.434358 -1.074910 -0.923739 -0.861396 -0.177177 -0.528836 -1.502725 -0.785417 -0.033599 -0.057453 -2.098878 -1.248362 -0.563014
158 A 158 -0.124186 -0.623719  0.126843  0.137409 -1.689958  0.011539  0.233946 -0.481279 -0.803736 -1.674841 -1.703028 -0.194974 -1.100014 -1.872957 -0.808742  0.438282 -0.054028 -2.213301 -1.507827 -1.216704
159 P 159 -0.347302 -0.793885 -0.486368 -0.371788 -1.754623 -0.316945 -0.079632 -0.974006 -1.127735 -1.397059 -1.424674 -0.294716 -0.976921 -1.877602 -0.056294 -0.071878 -0.159320 -2.217839 -1.559896 -0.938337
160 Y 160 -0.472091 -0.677756 -0.075955 -0.439046 -1.672408 -0.225416 -0.113215 -1.177760 -0.752317 -1.136106 -1.170650 -0.207162 -0.765007 -1.422755 -0.959852  0.047046 -0.192346 -2.028047 -1.019371 -0.841168
161 H 161 -0.614083 -0.644433  0.344179  0.195825 -1.966566 -0.149892  0.159138 -0.728270 -0.690217 -1.791751 -1.827073 -0.095928 -1.235068 -1.953230 -0.495339  0.124553 -0.235582 -2.312364 -1.485844 -1.376021
162 K 162 -0.282028 -0.536258  0.080745 -0.082807 -1.789286 -0.070130  0.234337 -0.678891 -0.908639 -1.553848 -1.556335  0.130870 -1.013688 -1.886580 -0.881654  0.272277 -0.171225 -2.227091 -1.533694 -1.083456
163 A 163 -0.061684 -0.922269 -0.370963 -0.534347 -1.460131 -0.305473 -0.263554 -1.011529 -1.076969 -1.085652 -1.159689 -0.572793 -0.752328 -1.569058 -0.566728  0.229603  0.183246 -2.122952 -1.365789 -0.679482
164 K 164 -0.607221 -0.141059  0.211494  0.100016 -2.061624  0.273354  0.468025 -0.801027 -0.750560 -1.879358 -1.756946  0.746408 -1.051781 -2.023008 -0.878684  0.140340 -0.376197 -2.285895 -1.507167 -1.362069
165 T 165 -0.174962 -0.627387 -0.117629 -0.446387 -1.648315 -0.184971 -0.147047 -0.872833 -1.007899 -1.473443 -1.453679 -0.130262 -0.953695 -1.923203 -0.228743  0.247527  0.174857 -2.296824 -1.542323 -0.956973
166 L 166 -0.339996 -0.788302 -0.289217 -0.397764 -1.682713 -0.243624 -0.039386 -1.196754 -1.060102 -1.095715 -1.106442 -0.306124 -0.739647 -1.739663 -0.624695 -0.025116 -0.100914 -2.291477 -1.462375 -0.707606
167 E 167 -0.555627 -0.471864  0.148966  0.507436 -2.113865  0.499349  0.952549 -0.893660 -0.661248 -1.879358 -1.842948  0.045496 -1.148270 -2.111711 -0.472452  0.167316 -0.197603 -2.304143 -1.605721 -1.346628
168 R 168 -0.478455 -0.121622  0.558408 -0.248749 -1.799665 -0.031448  0.041643 -0.808728 -0.714116 -1.617544 -1.521574  0.525691 -0.922978 -1.954607 -0.784794  0.303685 -0.042133 -2.368344 -1.533259 -1.191906
169 Q 169 -0.503325 -0.475596  0.091181 -0.159801 -1.970437  0.337574  0.335632 -0.785178 -0.660046 -1.690753 -1.597599 -0.035667 -0.941273 -1.906961 -0.515032  0.022504 -0.395893 -2.134888 -1.368034 -1.199685
170 V 170 -0.272220 -0.789499 -0.378003 -0.513885 -1.591764 -0.342890 -0.266464 -0.765703 -1.123816 -1.134663 -1.193819 -0.222000 -0.772724 -1.531146 -1.041748  0.066669 -0.150690 -1.963146 -1.298154 -0.731523
171 Y 171 -0.472375 -0.881169 -0.305450 -0.575321 -1.636571 -0.332846 -0.307675 -1.102542 -1.015638 -0.995432 -1.074653 -0.365354 -0.673297 -1.533842 -0.682028 -0.097635 -0.113519 -2.065430 -1.194046 -0.615973
172 E 172 -0.571027 -0.369972  0.197293  0.157900 -1.943774  0.220051  0.607258 -1.141973 -0.647964 -1.521283 -1.519346  0.254634 -0.932268 -1.837031 -0.933039  0.117155 -0.185825 -2.246537 -1.386647 -1.091004
173 L 173 -0.567277 -1.114911 -0.516280 -0.431777 -1.615229 -0.629983 -0.459092 -1.350845 -1.094864 -0.899191 -0.976236 -0.686698 -0.694640 -1.282169 -0.479581 -0.248129 -0.256077 -2.124975 -1.205809 -0.692495
174 E 174 -0.431143 -0.473834  0.440628  0.283888 -1.919780  0.058792  0.398513 -0.563986 -0.619165 -1.811345 -1.808080  0.036920 -1.177327 -1.872379 -0.865709  0.265941 -0.301487 -2.284157 -1.459034 -1.398266
175 K 175 -0.504469 -0.319532  0.047410 -0.135162 -1.829733  0.189225  0.176658 -1.116419 -0.860293 -1.575883 -1.509538  0.329284 -0.886197 -1.957021 -0.466235  0.110312 -0.154572 -2.330467 -1.498863 -1.112165
176 L 176 -0.401167 -0.931849 -0.351683 -0.263131 -1.646569 -0.418582 -0.185580 -0.982710 -1.121588 -1.086939 -1.216944 -0.449128 -0.846027 -1.685512 -0.630079 -0.122855 -0.306493 -2.266016 -1.485434 -0.757230
177 Q 177 -0.347554 -0.479740 -0.024459 -0.402455 -1.791593  0.178206  0.233297 -0.859306 -0.820479 -1.366697 -1.348162  0.103712 -0.776774 -1.758341 -0.930706  0.127413 -0.114827 -2.090908 -1.271667 -0.837841
178 E 178 -0.352869 -0.648923  0.122703  0.253346 -1.686773  0.126679  0.392873 -1.067725 -0.744434 -1.333489 -1.424943 -0.102895 -0.888881 -1.688944 -0.899038  0.302592 -0.106283 -2.271336 -1.341541 -0.970623
179 K 179 -0.461566 -0.457872  0.026861 -0.006013 -1.922444  0.045414  0.286891 -0.780643 -0.720657 -1.759140 -1.694943  0.146803 -1.091754 -1.943763 -0.265230  0.170124 -0.365568 -2.301087 -1.524075 -1.327401
180 L 180 -0.602796 -0.503841  0.338093 -0.032301 -1.731301 -0.034068  0.007901 -1.026728 -0.815161 -1.374538 -1.277783  0.001544 -0.839349 -1.807412 -0.794258  0.164862  0.007895 -2.276802 -1.469290 -1.074023
181 P 181 -0.509452 -0.481093 -0.009779 -0.163559 -1.924658  0.175272  0.172888 -0.845210 -0.759088 -1.838428 -1.717046  0.093785 -1.038375 -2.029776  0.384771  0.115128 -0.343291 -2.256310 -1.499387 -1.352040
182 E 182 -0.270627 -0.557746 -0.014754  0.258029 -1.731803  0.020581  0.455663 -0.626677 -0.830230 -1.503676 -1.572317 -0.029793 -1.064817 -1.801533 -0.884684  0.186381 -0.091328 -2.130325 -1.485783 -1.033839
183 K 183 -0.147814 -0.493493 -0.278891 -0.757103 -1.455683 -0.302573 -0.303899 -0.852686 -0.970971 -1.030417 -1.024589  0.066311 -0.645691 -1.473040 -0.918493  0.027605 -0.158510 -1.938483 -1.218543 -0.630280
184 Y 184 -0.531016 -0.634217  0.000432 -0.355511 -1.651150 -0.083122  0.117649 -1.299926 -0.689016 -0.927812 -0.997198 -0.167794 -0.632157 -1.460523 -0.827022 -0.052684 -0.203190 -2.077253 -1.051111 -0.630068
185 K 185 -0.358208 -0.380343 -0.029023 -0.127980 -1.578541 -0.052597  0.137481 -1.080453 -0.858956 -1.306298 -1.266949  0.210301 -0.828158 -1.734636 -0.530251  0.197288  0.174874 -2.128049 -1.416635 -0.889081
186 A 186 -0.021743 -0.511368  0.083944 -0.339398 -1.443665 -0.117646 -0.142046 -0.536802 -0.833822 -1.412347 -1.358577 -0.233299 -0.884290 -1.768814 -0.389716  0.363676  0.012774 -2.120320 -1.423241 -1.006094
187 E 187 -0.354079 -0.423780  0.039665 -0.212397 -1.613150  0.262819  0.308874 -0.948082 -0.618673 -1.341504 -1.286538  0.020900 -0.742901 -1.628947 -0.585042  0.207807 -0.004071 -1.922439 -1.152502 -0.903584
188 Y 188 -0.272010 -0.822021 -0.317490 -0.488930 -1.389694 -0.296668 -0.238815 -0.924628 -0.861946 -0.832033 -0.975313 -0.488073 -0.654763 -1.265741 -0.920204 -0.080413  0.027748 -1.761668 -0.897462 -0.453598
189 K 189 -0.349866 -0.360765 -0.010171 -0.230620 -1.735041  0.041049  0.226056 -0.498210 -0.727177 -1.600189 -1.472591  0.195875 -0.944782 -1.708738 -0.668356  0.191763 -0.207573 -1.882883 -1.352813 -1.149983
190 K 190 -0.555599 -0.222922  0.123967 -0.173257 -1.668963  0.097423  0.162815 -1.090371 -0.659348 -1.357211 -1.192708  0.470884 -0.718018 -1.369322 -0.879185  0.095206 -0.296923 -1.927698 -1.104574 -1.069539
191 K 191 -0.362293 -0.410451 -0.026864 -0.245851 -1.647380 -0.071679 -0.006129 -0.810915 -0.764931 -1.516860 -1.457911  0.198857 -0.908689 -1.876916  0.163347  0.057414 -0.217849 -2.153883 -1.439048 -1.053935
192 L 192 -0.194377 -0.698326 -0.149027 -0.447498 -1.325917 -0.310890 -0.199570 -0.907496 -0.935820 -0.798342 -0.807294 -0.316033 -0.533091 -1.313545 -1.055576  0.079156 -0.034801 -1.918809 -1.157183 -0.519645
193 D 193 -0.237564 -0.643877  0.020050  0.163831 -1.555465  0.081947  0.298576 -0.673590 -0.739143 -1.364721 -1.438137 -0.234674 -0.903616 -1.681282 -0.488457  0.298603 -0.098730 -2.044614 -1.353950 -0.976053
194 Q 194 -0.430329 -0.426055  0.366964  0.386067 -1.652735  0.182380  0.395943 -0.622500 -0.597216 -1.562725 -1.588153  0.043333 -0.997371 -1.742363 -0.592790  0.349576 -0.113954 -2.057205 -1.356750 -1.206323
195 T 195 -0.220087 -0.541871 -0.095620 -0.473155 -1.435714 -0.265308 -0.225403 -0.655300 -0.881645 -1.196809 -1.097114 -0.115260 -0.745487 -1.533600 -0.604191  0.067539  0.021258 -1.887075 -1.274920 -0.800853
196 R 196 -0.363687 -0.219318  0.046822 -0.400822 -1.496352 -0.054688 -0.055145 -0.851405 -0.730426 -1.315285 -1.192875  0.289399 -0.754642 -1.506791 -0.797112  0.143099  0.169780 -1.775141 -1.120416 -0.894239
197 V 197 -0.264869 -0.578633 -0.074075 -0.269750 -1.402241 -0.153529 -0.051918 -1.026691 -0.813569 -1.000342 -1.051348 -0.130628 -0.679963 -1.478579 -0.635899  0.142171  0.028228 -1.995170 -1.190476 -0.676234
198 E 198 -0.314501 -0.606657  0.175147 -0.035953 -1.476786 -0.099263  0.117221 -0.857860 -0.659614 -1.224022 -1.295572 -0.198188 -0.862209 -1.480570 -0.659908  0.314780  0.066479 -1.918852 -1.137080 -0.909304
199 L 199 -0.354108 -0.712545 -0.435596 -0.622859 -1.273561 -0.306217 -0.383977 -1.172243 -0.970909 -0.763144 -0.631958 -0.387236 -0.426239 -1.145514 -0.731996 -0.136402 -0.190271 -1.769405 -1.034241 -0.569805
200 A 200 -0.490949 -0.423662  0.484614  0.310727 -1.694903  0.067573  0.410382 -0.624042 -0.451216 -1.512331 -1.528071 -0.000890 -1.003608 -1.700491 -0.793586  0.276915 -0.093811 -2.051341 -1.322045 -1.178093
201 D 201 -0.220088 -0.365269 -0.202326 -0.331111 -1.527788  0.065345  0.099871 -0.842584 -0.749506 -1.423312 -1.290402  0.133291 -0.799524 -1.552415 -0.270072  0.122661 -0.128265 -1.820013 -1.198055 -0.987942
202 Q 202 -0.386029 -0.274221  0.312816  0.187610 -1.586151  0.491246  0.544761 -0.877729 -0.527272 -1.461185 -1.396260  0.171417 -0.809449 -1.717754 -0.517455  0.333815 -0.034295 -1.952531 -1.243320 -1.068476
203 V 203 -0.407928 -0.713908 -0.371011 -0.638610 -1.375238 -0.363822 -0.349120 -1.044066 -0.831912 -0.728822 -0.770301 -0.257158 -0.457572 -1.273906 -0.565416 -0.247757 -0.218882 -1.804079 -0.997904 -0.412542
204 K 204 -0.355319 -0.318299  0.082851 -0.175465 -1.480391  0.097428  0.133386 -0.929225 -0.406897 -1.253430 -1.237405  0.071549 -0.764131 -1.515740 -0.545393  0.114661 -0.015412 -1.868717 -1.068531 -0.873377
205 S 205 -0.225345 -0.475385 -0.014114 -0.302569 -1.365615 -0.060902  0.033089 -0.851942 -0.719158 -1.113566 -1.105820 -0.065313 -0.674645 -1.489994 -0.399449  0.309908  0.128344 -1.874326 -1.206463 -0.770355
206 A 206  0.202944 -0.769746 -0.446870 -0.513251 -1.155425 -0.383485 -0.256362 -0.690067 -0.903990 -0.944998 -1.004305 -0.457195 -0.705969 -1.260187 -0.503661  0.183422 -0.127837 -1.795527 -1.114569 -0.609428
207 V 207 -0.170273 -0.409582 -0.299657 -0.551408 -1.394491 -0.247904 -0.131300 -0.782579 -0.876305 -1.015405 -1.040203  0.101676 -0.669571 -1.413883 -0.679998  0.033458 -0.181081 -1.826019 -1.167798 -0.651536
208 T 208 -0.295888 -0.639025 -0.063186 -0.326063 -1.297633 -0.249895 -0.087852 -1.013074 -0.857290 -0.864164 -0.958664 -0.299821 -0.653553 -1.380411 -0.725472  0.147334  0.436536 -1.724508 -1.131705 -0.510666
209 E 209 -0.271174 -0.411534 -0.045441 -0.096254 -1.605888  0.142318  0.433245 -0.796438 -0.563776 -1.415392 -1.394388  0.119273 -0.884706 -1.526610 -0.399779  0.192976 -0.176974 -1.837044 -1.078014 -0.970412
210 F 210 -0.333396 -0.852552 -0.466508 -0.459905 -1.308034 -0.426891 -0.313833 -0.929084 -0.877227 -0.875941 -0.883056 -0.464761 -0.609604 -0.968958 -0.661713 -0.111169 -0.314211 -1.669163 -0.916678 -0.663339
211 E 211 -0.271627 -0.433340 -0.154964 -0.087073 -1.593716  0.158156  0.414493 -0.868275 -0.745643 -1.359148 -1.325848  0.050325 -0.842393 -1.666497 -0.293981  0.129115  0.005128 -1.891030 -1.267893 -0.878696
212 N 212 -0.324490 -0.533458  0.168981 -0.195419 -1.469445 -0.214038 -0.115919 -0.684639 -0.713617 -1.131569 -1.181721 -0.099724 -0.784005 -1.579229 -0.667698  0.026097 -0.182489 -2.043733 -1.276261 -0.784190
213 V 213 -0.092116 -0.614764 -0.250765 -0.516556 -1.268338 -0.124824  0.019267 -0.999347 -0.870728 -0.799997 -0.887483 -0.225686 -0.557631 -1.402122 -0.884643  0.028286  0.079962 -1.786868 -1.106546 -0.375934
214 T 214 -0.415844 -0.486538 -0.250576 -0.334372 -1.443990  0.020563  0.000787 -1.132077 -0.901973 -0.941255 -0.868767 -0.061913 -0.540335 -1.474496 -0.624631 -0.076042  0.062995 -1.842255 -1.212383 -0.596827
215 P 215 -0.173942 -0.768417 -0.589371 -0.594992 -1.343300 -0.341908 -0.273018 -1.158347 -0.992970 -0.882719 -0.987551 -0.299778 -0.650828 -1.567890  0.242717 -0.071696  0.003127 -2.025675 -1.267423 -0.465812
216 T 216 -0.213691 -0.497811  0.086038 -0.082891 -1.416965 -0.095625  0.070688 -0.820850 -0.838788 -1.295059 -1.303413 -0.011496 -0.856300 -1.646635 -0.574404  0.425846  0.363403 -2.017195 -1.395638 -0.898598
217 N 217 -0.346805 -0.540169  0.282769 -0.169286 -1.662697 -0.092944  0.013456 -0.825555 -0.664284 -1.466058 -1.472047 -0.093130 -0.970728 -1.848561 -0.159959  0.143206 -0.128220 -2.258666 -1.391704 -1.054007
218 D 218 -0.156893 -0.453354 -0.043777 -0.282791 -1.515558 -0.087783  0.092350 -0.876458 -0.839118 -1.252834 -1.213288  0.078702 -0.794681 -1.651786 -0.839183  0.263843  0.085479 -2.076846 -1.373941 -0.836794
219 Q 219 -0.517730 -0.823488 -0.686770 -1.031689 -1.363331 -0.519241 -0.597561 -1.695919 -1.141249 -0.332886 -0.068976 -0.486709 -0.142247 -1.071169 -1.250214 -0.380610 -0.137837 -1.894786 -1.015522 -0.264006
220 L 220 -0.206512 -0.466760 -0.572410 -0.741669 -1.492850 -0.095037 -0.011634 -1.343871 -1.034027 -0.872292 -0.671041  0.138063 -0.441222 -1.431366 -0.872167 -0.025672 -0.283728 -2.010273 -1.186534 -0.570942
221 T 221 -0.616235 -0.643366  0.432900  1.144301 -1.785095  0.027896  0.594515 -0.852448 -0.733351 -1.609068 -1.801150  0.008076 -1.225797 -1.856915 -0.811063  0.198554 -0.182227 -2.360997 -1.607699 -1.291067
222 D 222 -0.350286 -0.807986  0.266603  0.291098 -1.969670 -0.459940 -0.141859  1.185910 -0.841986 -2.188653 -2.251442 -0.403389 -1.600001 -2.007214 -1.019284  0.153295 -0.765595 -1.997478 -1.764157 -1.704956
223 L 223 -0.252707 -0.628676 -0.262724 -0.588265 -1.512841 -0.332889 -0.130197 -0.798750 -1.037756 -1.046912 -1.015703 -0.338114 -0.665152 -1.541541 -0.983846  0.094957  0.337063 -1.878324 -1.372254 -0.626197
224 Q 224 -0.959147 -0.646419 -0.813460 -1.310315 -1.717108  0.022312 -0.471053 -1.687570  0.569498 -1.260493 -1.118363 -0.388736 -0.734190  0.181152 -1.545119 -0.708984 -0.872502 -0.270395  1.978296 -0.978071
225 E 225 -0.236284 -0.662800  0.343649  0.346884 -1.458961 -0.028284  0.273045 -0.853110 -0.772645 -1.422414 -1.505868 -0.258918 -1.005655 -1.648451 -0.815430  0.768629  0.649956 -2.086968 -1.381897 -1.079647
226 A 226 -0.234867 -1.732281 -1.936830 -2.149696 -0.809673 -1.522475 -1.692613 -2.278553 -1.911638  1.584073  0.948038 -1.496765  0.554492 -0.432580 -1.776445 -1.124789 -0.356848 -1.868046 -0.721753  1.519574
227 H 227 -0.761024 -0.581178  0.789353  0.683262 -1.971977 -0.052147  0.328042 -0.679144 -0.574529 -1.835909 -1.941231 -0.044819 -1.312913 -2.066654 -0.407050  0.188247 -0.163806 -2.493974 -1.648295 -1.468968
228 F 228 -0.961593 -1.698173 -1.560945 -1.930334 -1.339823 -1.417259 -1.606936 -1.984067 -0.662923  0.065219 -0.111355 -1.536189 -0.105924  1.654658 -2.189743 -1.118815 -0.909118 -0.304540  1.373333 -0.120836
229 V 229 -0.397033  0.066948 -0.024753 -0.469259 -1.648881  0.257970  0.196570 -1.279082 -0.742429 -1.363264 -1.206559  0.900684 -0.640834 -1.715274 -0.951728  0.211608  0.073843 -2.014700 -1.240606 -0.868979
230 V 230  0.288293 -1.624537 -1.788345 -1.918468 -0.678890 -1.234708 -1.367991 -1.813013 -1.860091  1.164670  0.536437 -1.273477  0.439518 -0.689253 -1.386397 -0.803871 -0.114288 -1.976814 -0.865861  1.487249
231 F 231 -0.713526 -1.181514 -1.603096 -2.219013 -1.074309 -0.998723 -1.542157 -2.293983 -1.317180  0.429888  1.165601 -1.085879  0.581456  0.091974 -1.933094 -1.087489 -0.662427 -1.001917  0.001852  0.141945
232 E 232 -0.683126  0.933493  0.080574 -0.523484 -2.120663  0.697964  0.738387 -1.329339 -0.214936 -2.050992 -1.533310  2.284715 -0.817289 -1.968203 -0.901396 -0.018890 -0.692894 -1.981304 -1.164966 -1.464320
233 S 233 -0.421523 -0.787586  0.198097  1.150461 -1.804206  0.009416  0.709730 -0.605031 -0.613122 -1.762620 -1.943748 -0.250825 -1.384963 -1.765486 -0.811290  0.243404 -0.362239 -2.230911 -1.414370 -1.423976
234 E 234 -0.562371 -0.221495  0.472362  0.239263 -1.999175  0.175375  0.312648 -0.010277 -0.722291 -2.025685 -1.893226  0.390123 -1.194729 -2.038223 -1.002897  0.205530 -0.409639 -2.115352 -1.629084 -1.542134
235 E 235 -0.180903 -0.391347  0.400217 -0.240677 -1.353490 -0.077624  0.045419 -0.926394 -0.837525 -1.347863 -1.282695  0.013149 -0.860107 -1.668165 -0.856659  0.792961  1.166572 -1.967013 -1.411413 -0.894520
236 N 236 -0.908378 -0.549672  1.455739  1.310141 -2.013220  0.098849  0.634714 -0.471184 -0.272960 -1.950153 -2.114043 -0.164614 -1.429601 -2.044548 -0.947877  0.400314 -0.130352 -2.519761 -1.650606 -1.712175
237 S 237 -0.543040 -0.118857  0.184254  0.714980 -2.220672  0.821188  1.682241 -1.009015 -0.396231 -1.922613 -1.843264  0.473091 -1.160656 -1.986254 -0.767973  0.239792 -0.381178 -2.149891 -1.433805 -1.401272
238 E 238 -0.287411 -0.881304 -0.876676 -0.665208 -1.476246 -0.378595 -0.209345 -1.468070 -1.217557 -0.744152 -0.827777 -0.425794 -0.559628 -1.539423 -0.061301 -0.259810 -0.056770 -2.027376 -1.307366 -0.372768
239 S 239  0.523663 -0.729992  0.535842 -0.034635 -0.821013 -0.040372 -0.018883 -0.217583 -0.737895 -1.329024 -1.338066 -0.051403 -0.689081 -1.334464 -0.784702  2.398528  0.626351 -2.065084 -1.331895 -1.288075
240 V 240 -0.427910 -0.850278 -1.179728 -1.659257 -0.923540 -0.470100 -1.051203 -1.812062 -1.040391  0.335767  0.408324 -0.618179  1.249011 -0.464058 -1.323858 -0.586860 -0.407862 -1.261221 -0.509995  0.476583
241 M 241  0.660922 -0.786874 -1.112014 -1.489939 -0.551502 -0.464537 -0.946089 -1.040229 -1.219578 -0.073983  0.146148 -0.708123  0.834651 -0.750666 -1.102162  0.043375 -0.198068 -1.477335 -0.962461  0.184305
242 D 242 -0.437399 -0.319907  1.086113  0.547354 -1.673082  0.012171  0.205365 -0.166451 -0.189723 -1.761250 -1.813885 -0.185618 -1.214265 -1.762206 -1.025501  0.389133 -0.297144 -2.185435 -1.341134 -1.524209
243 G 243 -0.334540 -0.447757  0.217050  0.059717 -1.598661  0.207395  0.085197 -0.180530 -0.738734 -1.633238 -1.570354 -0.143887 -0.961983 -1.748176 -0.746307  0.277293  0.085288 -1.806626 -1.387482 -1.162642
244 F 244 -0.862303 -1.251558 -1.161425 -1.723443 -1.201236 -0.783971 -1.207447 -1.661689  0.590642 -0.572591 -0.586422 -1.193157 -0.519602  1.481587 -1.825432 -0.902048 -0.974930  0.479698  2.939217 -0.572592
245 V 245 -0.498158 -1.495067 -1.555059 -1.868984 -0.824351 -1.257630 -1.507330 -2.029080 -1.426958  0.884039  0.708039 -1.327558  0.529413  0.306961 -1.676108 -0.884622 -0.113491 -1.089388 -0.100431  0.808954
246 E 246 -0.421392 -0.363473  0.038564 -0.018195 -1.562961  0.143748  0.366777 -1.032076 -0.737242 -1.072491 -1.116396  0.288787 -0.656579 -1.583754 -0.878921  0.014552 -0.099065 -1.982547 -1.233906 -0.645759
247 H 247 -0.639522  0.028700  0.509436 -0.062336 -1.767778  0.209298  0.304590 -0.877314  0.250662 -1.812093 -1.649637  0.700203 -1.002796 -1.677736 -0.512418  0.300638 -0.366713 -1.939547 -0.970971 -1.478887
248 P 248 -0.560353 -0.784258 -0.598728 -0.510804 -1.703264 -0.349936 -0.350203 -1.227408 -1.057320 -1.583321 -1.523478 -0.271145 -1.005455 -2.102656  2.142907 -0.258527 -0.010241 -2.227144 -1.620511 -1.044490
249 F 249  1.181131 -1.003914 -1.027896 -1.180769 -0.618490 -0.846200 -0.880362  0.008898 -1.321518 -0.535571 -0.698298 -0.899074 -0.564634 -1.033061 -1.001450  0.220501 -0.172568 -1.714978 -1.154900 -0.096925
250 Y 250 -0.397174 -0.116578 -0.189826 -0.747702 -1.370677 -0.094387 -0.177380 -1.307131 -0.849821 -0.847657 -0.802683  0.549459 -0.455476 -1.354562 -0.990105 -0.010654  0.304788 -1.764132 -0.978723 -0.415905
251 T 251 -0.494655 -1.573522 -1.774180 -2.147421 -0.796483 -1.303517 -1.641549 -2.141490 -1.598023  1.199981  1.229770 -1.374438  0.644905 -0.095944 -1.681304 -1.196937 -0.417286 -1.319984 -0.200461  1.088493
252 A 252 -0.212057 -0.630347 -0.633237 -0.813078 -1.210623 -0.402876 -0.223204 -1.383936 -1.101453 -0.336508 -0.540452 -0.141489 -0.373121 -1.192833 -1.042816 -0.128216  0.455655 -1.737585 -1.017500  0.061214
253 T 253 -0.255410 -1.116869 -1.201787 -1.208083 -1.138635 -0.706667 -0.524900 -1.744310 -1.361734  0.558630 -0.094548 -0.508858  0.051597 -0.898799 -1.138950 -0.728003 -0.194870 -1.896869 -0.825068  0.956945
254 L 254 -0.476078  0.240441  0.016238 -0.308927 -1.694285  0.273511  0.508097 -1.243626 -0.649366 -1.341795 -1.105393  1.132076 -0.674956 -1.625575 -0.904950  0.075347 -0.199230 -1.940627 -1.185863 -0.929929
255 N 255 -0.953822 -0.619150  1.606432  1.450732 -1.918494 -0.107039  0.365907  0.049541 -0.305743 -1.966683 -2.154316 -0.243504 -1.519932 -1.947913 -1.006906  0.332387 -0.380441 -2.391614 -1.647280 -1.810866
256 G 256 -0.218555 -1.020091  0.358942 -0.190703 -1.953966 -0.875563 -0.780644  2.657903 -0.992371 -2.436121 -2.443376 -0.863566 -1.784035 -1.949463 -1.224033  0.108185 -1.014551 -1.606714 -1.807450 -1.887895
257 Q 257 -0.573905  0.619258  0.088583 -0.366281 -1.878338  0.685688  0.559083 -0.946505 -0.463908 -1.804355 -1.389747  1.742546 -0.709806 -1.840214 -0.806804  0.048244 -0.515861 -1.869496 -1.197114 -1.254417
258 K 258 -0.481753 -0.091005 -0.536902 -1.016187 -1.413669 -0.115734 -0.348177 -1.327587 -0.466992 -1.012554 -0.794397  0.490605 -0.435093 -0.850995 -0.983586 -0.302966 -0.417718 -1.266293 -0.128735 -0.700738
259 Y 259 -0.785529 -0.822455 -0.737096 -1.171233 -1.300539 -0.444950 -0.652064 -1.629250  0.036343 -0.639490 -0.658464 -0.596469 -0.521836  0.245481 -1.435648 -0.577354 -0.326337 -0.411411  1.361961 -0.478459
260 V 260  0.046179 -1.560088 -1.688761 -1.828976 -0.583235 -1.274398 -1.378589 -1.760462 -1.614489  1.171395  0.540062 -1.282201  0.415408 -0.204693 -1.483444 -0.905705 -0.272502 -1.585050 -0.498324  1.345723
261 V 261 -0.254912 -0.465763 -0.215398 -0.442540 -1.237676  0.060846  0.032871 -1.181140 -0.718185 -0.801128 -0.837962 -0.253916 -0.498971 -1.225160 -0.941587  0.285992  0.633385 -1.577319 -0.896354 -0.452337
262 M 262 -0.501672 -1.375772 -1.688616 -2.042949 -0.781069 -1.166525 -1.582937 -2.086876 -1.464147  0.978668  1.119527 -1.267685  0.967698  0.341132 -1.648891 -1.030354 -0.586299 -1.113662 -0.211063  0.759066
263 K 263 -0.211985 -0.400626  0.013513 -0.469170 -1.078896 -0.257543 -0.257534 -1.033901 -0.818809 -0.973468 -0.938380 -0.155953 -0.696940 -1.368470 -0.704818  0.335992  1.565158 -1.479821 -1.101370 -0.436900
264 T 264 -0.525855 -1.428456 -1.561084 -1.928121 -0.758367 -1.278419 -1.548623 -2.083353 -1.553091  1.000279  1.112740 -1.313698  0.644255  0.229371 -1.701635 -0.954131 -0.214135 -1.132787 -0.339826  0.767173
265 K 265 -0.485277  0.037223  0.535976 -0.272232 -1.420465  0.027106 -0.024865 -0.841222 -0.591843 -1.349687 -1.123687  0.644545 -0.721667 -1.560684 -0.724904  0.316191  0.374183 -1.811235 -1.223502 -0.998536
266 D 266 -0.582498 -0.149424  0.948530  0.246700 -1.500098  0.130333  0.161387 -0.546132 -0.010459 -1.467102 -1.439312 -0.027715 -0.913853 -1.462580 -0.889244  0.331994 -0.007811 -1.825226 -1.004788 -1.268410
267 D 267  0.241047 -0.663113 -0.012371 -0.170658 -0.852222 -0.208322 -0.169793 -0.540286 -0.784204 -0.921096 -0.958663 -0.305835 -0.499159 -1.217387 -0.587202  0.986708  0.279872 -1.771944 -1.184693 -0.760048
268 S 268 -0.104181 -0.447155  0.358328  0.566028 -1.250714  0.079243  0.346062 -0.549447 -0.496470 -1.399854 -1.440154  0.085280 -0.920825 -1.497982 -0.641566  0.762651  0.023664 -1.954620 -1.276310 -1.169615
269 Y 269 -0.885356 -1.213759 -1.386464 -1.631754 -1.105231 -0.754707 -1.141932 -1.187136 -0.702248 -0.957029 -0.671274 -1.085870 -0.338308  0.271800 -1.688255 -0.835217 -0.661077  1.913200  0.771413 -0.893781
270 W 270 -0.665625 -1.394427 -1.639273 -1.876075 -0.774356 -1.145522 -1.500162 -1.941081 -1.366964  0.967647  0.692410 -1.294820  0.782825  0.185728 -1.668088 -1.092048 -0.579412 -0.409513 -0.105346  0.802288
271 K 271 -0.361858  0.124641 -0.000472 -0.383034 -1.383518  0.197169  0.124255 -0.934417 -0.769451 -1.293949 -1.045279  0.874830 -0.574278 -1.528785 -0.656556  0.191081  0.370747 -1.616752 -1.175332 -0.804472
272 D 272 -0.429909 -0.333703  0.461417  0.048036 -1.475448 -0.088233  0.053836 -0.411485 -0.482340 -1.372821 -1.342137  0.150878 -0.884512 -1.348229 -0.876254  0.224949 -0.274750 -1.744365 -1.011339 -1.106607
273 L 273 -0.831314 -1.520511 -1.619055 -1.795916 -0.932055 -1.427694 -1.587752 -1.921615 -1.032923  0.484026  0.558806 -1.468631  0.348369  1.641852 -1.968733 -1.021067 -0.713333 -0.316825  0.633885  0.072802
274 I 274 -0.383958  0.180665 -0.102112 -0.279879 -1.480706  0.635044  0.502868 -1.090953 -0.542513 -1.289472 -1.058965  0.733161 -0.491360 -1.459976 -0.766973  0.139252 -0.124673 -1.417833 -0.982082 -0.892532
275 V 275 -0.296414 -1.454291 -1.321665 -1.466561 -0.784195 -1.182855 -1.213621 -1.560154 -1.377967  0.822913  0.279960 -1.215018  0.147505 -0.113824 -1.347989 -0.776474  0.066868 -1.297499 -0.361958  0.966815
276 E 276 -0.579782 -0.379805  0.166971  0.643145 -1.829227  0.313925  1.116952 -0.768611 -0.276136 -1.535912 -1.572932  0.093794 -1.078703 -1.409706 -0.656870  0.011452 -0.496951 -1.676161 -0.946281 -1.182284
277 G 277 -0.433232 -0.478779  0.161797 -0.114439 -1.632025 -0.087210 -0.123420  0.430314 -0.540621 -1.619721 -1.598794 -0.158518 -1.037636 -1.428396 -1.013217 -0.008573 -0.655591 -1.448820 -1.012900 -1.235398
278 K 278 -0.500590 -0.028600  0.748768  0.090887 -1.603707  0.291685  0.271355 -0.395934 -0.113960 -1.567617 -1.461101  0.334835 -0.892573 -1.612534 -0.873032  0.175808 -0.311435 -1.832210 -1.099945 -1.238148
279 R 279 -0.580758 -0.225142  0.536470  1.025418 -1.629334  0.157938  0.582917 -0.445990 -0.418179 -1.647160 -1.715060  0.081790 -1.149853 -1.615308 -0.791793  0.185571 -0.348634 -1.956973 -1.354052 -1.425814
280 V 280  0.592423 -0.961477 -1.014976 -1.073940 -0.745302 -0.665053 -0.619984 -0.729442 -1.209001 -0.164600 -0.481302 -0.691048 -0.337398 -1.083895 -0.677894 -0.162652  0.039696 -1.634574 -0.963126  0.333474
281 T 281 -0.344850  0.017055  0.078530 -0.189235 -1.432132  0.242135  0.423837 -0.991266 -0.518077 -1.210957 -1.077519  0.647840 -0.643201 -1.437779 -0.730997  0.214841  0.126061 -1.681044 -1.057910 -0.801579
282 T 282 -0.143225 -1.324757 -1.240067 -1.370728 -0.720666 -0.972858 -1.034016 -1.600262 -1.390885  0.866381  0.243694 -1.010126  0.196614 -0.626830 -0.925920 -0.701522  0.140420 -1.574794 -0.613275  1.151476
283 V 283 -0.229797 -1.195659 -1.164790 -1.258508 -0.821085 -0.871643 -0.823921 -1.596833 -1.317707  0.757787  0.255662 -0.832248  0.163090 -0.572964 -1.149720 -0.618456 -0.020896 -1.542215 -0.630437  0.929998
284 S 284  0.046746 -0.441210  0.465165  0.054976 -1.069313 -0.004461  0.135846 -0.268088 -0.437063 -1.234005 -1.242553 -0.014113 -0.755594 -1.313731 -0.710780  1.074959  0.205169 -1.726284 -1.093670 -1.040744
285 K 285 -0.400500 -0.019084 -0.033967 -0.103835 -1.514862  0.276800  0.711772 -1.031822 -0.363805 -1.095080 -1.070316  0.442428 -0.671406 -1.298498 -0.775966  0.049262 -0.106838 -1.576459 -0.888178 -0.729320
286 D 286 -0.816688 -0.763235  0.717643  1.900130 -1.542927 -0.008388  0.679903 -0.540594 -0.479332 -1.456986 -1.792624 -0.270001 -1.271930 -1.559623 -0.665575  0.242350 -0.310306 -2.086609 -1.439851 -1.379845
287 P 287 -0.178043  0.020665 -0.205552 -0.573284 -1.269429  0.032004 -0.019165 -0.753693 -0.807911 -1.122828 -0.917042  0.697197 -0.541997 -1.427774 -0.561077  0.124589  0.020459 -1.586966 -1.137268 -0.702163
288 K 288 -0.125159 -0.192761  0.312956  0.074988 -1.314139  0.100147  0.454512 -0.500689 -0.471186 -1.262087 -1.214080  0.318714 -0.793231 -1.378608 -0.710801  0.440876 -0.063573 -1.700427 -1.109498 -0.933840
289 N 289  0.078603 -0.237234  0.281360 -0.320595 -1.240745 -0.161186 -0.124811  0.257755 -0.534614 -1.451936 -1.334192  0.164645 -0.902478 -1.437222 -0.799454  0.330762 -0.215935 -1.566293 -1.144017 -1.039017
290 N 290 -0.863857 -0.433066  1.435957  1.274574 -1.616170  0.066090  0.453490 -0.290975 -0.092423 -1.609387 -1.752079 -0.163419 -1.221276 -1.574005 -0.810230  0.226332 -0.278229 -1.993045 -1.208639 -1.492105
291 S 291 -0.152814 -0.486162 -0.001477 -0.527986 -0.860923 -0.364861 -0.372580 -0.975723 -0.740419 -0.722473 -0.725199 -0.294035 -0.565514 -1.061625 -0.640824  0.382336  1.417587 -1.265471 -0.833784 -0.319769
292 R 292 -0.319146  0.903437 -0.376836 -1.064605 -1.307917 -0.010186 -0.315118 -0.951395 -0.385372 -1.026707 -0.754598  0.424417 -0.384201 -1.153871 -1.050767 -0.367224 -0.457451 -1.366574 -0.773613 -0.897944
293 T 293 -0.211580 -0.838382 -0.606791 -0.715010 -0.829015 -0.479388 -0.423100 -1.323771 -1.014671 -0.012883 -0.377194 -0.529319 -0.210731 -0.923672 -0.855901 -0.206689  0.757965 -1.423416 -0.736484  0.421144
294 L 294 -0.415335 -1.543627 -1.583659 -1.735243 -0.705376 -1.208352 -1.350690 -1.872548 -1.217462  1.238271  0.610460 -1.298692  0.409185  0.212370 -1.497693 -1.047372 -0.401416 -1.072680  0.194406  1.251359
295 I 295 -0.287263  0.292976 -0.000994 -0.185451 -1.419203  0.522142  0.620136 -1.029232 -0.433324 -1.196868 -1.042427  0.458448 -0.566841 -1.444926 -0.705591  0.196440  0.120353 -1.581992 -1.042624 -0.843797
296 F 296 -0.919179 -1.620668 -1.645401 -1.686496 -1.012461 -1.519493 -1.571391 -1.741406 -0.791953  0.323919  0.216922 -1.529103  0.157966  2.405874 -2.022195 -1.089051 -0.914724  0.042797  1.163720 -0.068858
297 P 297 -0.484278 -0.299896 -0.099804  0.349815 -1.765325  0.368144  1.089208 -1.002851 -0.415975 -1.532611 -1.503437  0.253029 -0.989035 -1.704211  0.442085  0.021623 -0.244390 -1.805156 -1.213858 -1.055479
298 Y 298 -0.150280 -1.405873 -1.448964 -1.578022 -0.635045 -1.048521 -1.142090 -1.701608 -1.393756  1.261876  0.516640 -1.073084  0.379035 -0.388547 -1.216140 -0.923343 -0.136044 -1.465469 -0.363145  1.486065
299 I 299 -0.154059 -0.555917  0.314853  0.087725 -1.267750 -0.186674  0.052646 -0.307907 -0.584869 -1.269936 -1.346945 -0.168437 -0.912605 -1.514551 -0.084262  0.371366 -0.061620 -1.827430 -1.246875 -0.951928
300 P 300 -0.686867 -0.610795  0.807459  1.469802 -1.517382  0.056422  0.662431 -0.407514 -0.308942 -1.541415 -1.751599 -0.200876 -1.204398 -1.525886 -0.476995  0.397733 -0.258506 -1.962738 -1.326406 -1.422902
301 D 301 -0.470811 -1.049941 -1.151721 -1.451421 -0.852527 -0.941985 -1.152460 -1.299730 -1.333720  0.376644  0.882415 -0.951536  0.340879 -0.333354 -1.401096 -0.781513 -0.547245 -1.177376 -0.672341  0.138910
302 K 302 -0.264291 -0.334629  0.402177  0.268238 -1.157045 -0.066845  0.107158 -0.435222 -0.507797 -1.243594 -1.229806  0.128171 -0.777950 -1.206879 -0.636818  0.621556  0.134364 -1.606577 -1.073635 -1.053396
303 A 303 -0.082137  0.209527  0.129318 -0.079520 -1.241609  0.402263  0.424468 -0.646542 -0.454204 -1.382988 -1.169110  0.883481 -0.670470 -1.465666 -0.568308  0.378956 -0.178995 -1.624356 -1.069453 -0.994741
304 V 304 -0.515560 -0.085825 -0.309745 -0.427115 -1.389904  0.011132  0.134675 -1.197102 -0.703478 -0.845608 -0.724660  0.551895 -0.429596 -1.308235 -0.298516 -0.271193 -0.378654 -1.654754 -0.997340 -0.558308
305 Y 305 -0.468413 -1.196783 -1.337063 -1.661278 -0.664408 -1.014227 -1.285752 -1.845844 -1.052745  1.026205  0.888027 -1.123712  0.499694 -0.028254 -1.422484 -0.931012 -0.385708 -1.098289 -0.052947  0.850793
306 N 306 -0.606762 -0.149796  1.016905  0.079645 -1.348061 -0.029153  0.016711 -0.566699 -0.195032 -1.186924 -1.153874  0.181363 -0.711385 -1.322640 -0.645781  0.215383 -0.111543 -1.736817 -0.973401 -1.025295
307 A 307  0.604468 -0.887826 -0.896588 -1.067965 -0.476025 -0.736767 -0.819845 -0.445133 -1.126560 -0.116489 -0.246839 -0.773386 -0.136812 -0.650887 -0.881332  0.014898 -0.012371 -1.301461 -0.822506  0.152077
308 I 308 -0.460002  0.048331 -0.161236 -0.633182 -1.218243  0.070748 -0.084279 -0.934114 -0.363087 -0.991898 -0.813189  0.529198 -0.459590 -0.953551 -0.868096 -0.125596 -0.195918 -0.951162 -0.490220 -0.709774
309 V 309 -0.140219 -1.153558 -1.221472 -1.417897 -0.471933 -0.823755 -1.066364 -1.464409 -1.343033  1.009108  0.579127 -0.929448  0.778365 -0.371889 -1.076599 -0.650501  0.001147 -1.240358 -0.595742  1.179171
310 K 310 -0.563956 -0.050825  0.331828 -0.244389 -1.280295  0.019709  0.038796 -0.780637  0.774426 -1.217400 -1.122447  0.258201 -0.705381 -0.800389 -0.827280  0.031524 -0.378996 -1.245380 -0.213577 -1.058046
311 V 311 -0.191211 -1.443515 -1.461824 -1.494750 -0.502776 -1.128160 -1.171292 -1.671668 -1.489603  1.496529  0.652868 -1.137609  0.496331 -0.377481 -1.073878 -0.947622 -0.129943 -1.480907 -0.550401  1.642369
312 V 312 -0.492730 -0.709838 -0.115477  0.060775 -1.024732 -0.276997 -0.062501 -0.949668 -0.371662 -0.389409 -0.672884 -0.441547 -0.482446 -0.735054 -0.843745 -0.230743 -0.162425 -1.293920 -0.442726 -0.253309
313 V 313 -0.273090 -1.191717 -1.235852 -1.278734 -0.478875 -0.960465 -1.040532 -1.380591 -1.156696  1.116174  0.510473 -1.007401  0.414774 -0.099249 -1.047485 -0.811622 -0.263128 -0.890190 -0.279726  1.127249
314 A 314 -0.205921 -0.635233 -0.386918  0.193626 -1.068861 -0.228233 -0.037524 -0.506233 -0.681691 -1.107389 -1.157964 -0.250268 -0.775642 -1.358677  1.070140 -0.093246 -0.351852 -1.526173 -1.134777 -0.809837
315 N 315  0.011476 -0.388208  0.016558 -0.032822 -0.878926 -0.080926  0.103282 -0.123660 -0.450417 -0.864733 -0.890312 -0.158831 -0.568519 -0.956099 -0.435699  0.342080 -0.099816 -1.167622 -0.797420 -0.649360
316 I 316 -0.280988 -0.649365 -0.904335 -1.150124 -0.505880 -0.556302 -0.890671 -1.152500 -0.875316  0.507559  0.513216 -0.673205  0.740881 -0.025060 -0.972270 -0.524875 -0.358684 -0.758974 -0.324810  0.404528
317 G 317 -0.401587 -0.302350  0.960785  0.010003 -1.088098 -0.210041 -0.201805  0.276289 -0.149578 -1.105228 -1.109331 -0.177467 -0.746809 -1.128509 -0.517226  0.199832 -0.235747 -1.327291 -0.880377 -0.949726
318 A 318 -0.680158 -0.740184 -0.760419 -1.091526 -0.760412 -0.421219 -0.727095 -1.131101  0.440820 -0.259875 -0.272982 -0.715924 -0.240606  0.888701 -1.107669 -0.702512 -0.686008  0.421067  2.003985 -0.275335
319 E 319 -0.562876 -0.297924  0.371634  0.603464 -1.082481  0.024329  0.327852 -0.543982  0.441613 -0.958769 -1.091025 -0.076972 -0.733835 -0.904132 -0.577094  0.000232 -0.337543 -1.252239 -0.532501 -0.866641
320 G 320 -0.460707 -0.084178  0.280200 -0.239151 -1.063475  0.160898  0.106716 -0.445161  1.189350 -1.002948 -0.948627 -0.145907 -0.514340 -0.698041 -0.666280 -0.114268 -0.480912 -0.907876 -0.040802 -0.859525
321 Q 321 -0.443594 -0.321978 -0.046608 -0.113418 -0.901020 -0.066673 -0.024141 -0.726744 -0.199859 -0.719073 -0.692249 -0.156438 -0.427900 -0.365367 -0.711920 -0.085427  0.024976 -0.631659 -0.282876 -0.590104
322 Y 322 -0.719222 -0.651382 -0.637096 -0.969270 -0.853422 -0.317827 -0.581857 -1.097077  0.764631 -0.459922 -0.446007 -0.660585 -0.357865  0.805178 -1.048790 -0.663499 -0.708162  0.341720  1.893728 -0.462727
323 H 323 -0.467766 -0.383455  0.266463  0.616875 -0.999127  0.041517  0.249255 -0.432770 -0.201347 -0.931064 -1.015194 -0.142527 -0.691608 -0.961418 -0.415838  0.069459 -0.025838 -1.180340 -0.758432 -0.777489
324 V 324 -0.079900 -1.020364 -1.028057 -1.082373 -0.422261 -0.833611 -0.856496 -1.087982 -0.983198  0.847502  0.318650 -0.834426  0.209255 -0.102581 -0.902495 -0.607084 -0.110076 -0.949896 -0.246156  0.946598
325 R 325 -0.403039  0.489441  0.051070 -0.041732 -1.084108  0.875911  0.365138 -0.660583 -0.033610 -1.074691 -0.847062  0.279676 -0.336454 -1.015869 -0.546850 -0.079223 -0.266240 -0.911288 -0.484793 -0.864316
326 I 326 -0.506232 -1.022949 -1.127942 -1.258341 -0.544962 -0.985417 -1.112470 -1.350521 -0.828542  0.624036  0.639444 -0.994152  0.336749  0.848531 -1.254731 -0.733971 -0.492137 -0.432388  0.229957  0.301414
327 I 327 -0.047980 -0.040856 -0.372619 -0.473247 -0.786973  0.295845  0.077762 -0.758041 -0.510450 -0.417130 -0.366957  0.257958 -0.108565 -0.839410 -0.540290 -0.137631 -0.212706 -1.038515 -0.576095 -0.130000
328 N 328 -0.631879 -0.954041 -0.827648 -0.980661 -0.693923 -0.916554 -0.953644 -1.067242 -0.458636  0.091407  0.111138 -0.933090  0.067173  1.398962 -1.294039 -0.629730 -0.581705 -0.066607  0.614669 -0.201190
329 Q 329 -0.480187 -0.371176  0.547217  1.086180 -1.020043  0.099960  0.498228 -0.184598 -0.213833 -1.036794 -1.174936 -0.091960 -0.817887 -1.028500 -0.413040  0.162762 -0.238849 -1.254602 -0.884559 -0.938321
330 D 330 -0.131810 -0.049901 -0.049823 -0.039425 -0.776846  0.297823  0.287426 -0.515241 -0.266371 -0.718914 -0.649305  0.134043 -0.342229 -0.811767 -0.323767  0.124151  0.064603 -0.842095 -0.548849 -0.473696
331 I 331  0.037430 -0.451661 -0.040290  0.039343 -0.536695 -0.244147 -0.127258 -0.231409 -0.443058 -0.463299 -0.531880 -0.295747 -0.399988 -0.628431 -0.389207  0.185812 -0.029187 -0.953214 -0.623206 -0.369613
332 N 332 -0.023923 -0.176612  0.287412 -0.094502 -0.541872 -0.049116 -0.032135 -0.229935 -0.253641 -0.602402 -0.573237  0.082637 -0.344704 -0.607520 -0.361510  0.505672  0.160678 -0.867899 -0.535194 -0.509845
333 T 333 -0.164438 -0.550135 -0.675203 -0.804398 -0.337543 -0.534531 -0.630399 -0.936217 -0.731794  0.493864  0.466856 -0.464552  0.236317 -0.129316 -0.712658 -0.372015 -0.130132 -0.708033 -0.321434  0.373331
334 K 334 -0.217679  0.177365  0.007653 -0.064246 -0.791043  0.190317  0.303307 -0.285470 -0.229805 -0.775703 -0.641591  0.599084 -0.383112 -0.782279 -0.111306 -0.002594 -0.241736 -0.770134 -0.555630 -0.543798
335 D 335  0.211873 -0.252999 -0.125409 -0.009603 -0.303600 -0.130507 -0.066487 -0.073865 -0.309227 -0.415072 -0.441933 -0.141921 -0.324747 -0.525161  0.089228  0.153354 -0.049415 -0.659482 -0.474191 -0.282788
336 D 336 -0.105871 -0.056890  0.107442  0.229135 -0.215428  0.045297  0.170134 -0.073743 -0.015279 -0.192780 -0.221225 -0.005797 -0.156965 -0.192780 -0.077426  0.013166 -0.051094 -0.234391 -0.156965 -0.170131
