   49         A         R         N         D         C         Q         E         G         H         I         L         K         M         F         P         S         T         W         Y         V    
  1 A   1  0.252718 -0.071977 -0.108764 -0.120494 -0.011730 -0.060247 -0.060247  0.000000 -0.132224 -0.083707 -0.083707 -0.060247 -0.071977 -0.143954 -0.071977  0.107166  0.011730 -0.215931 -0.143954 -0.023460
  2 Q   2 -0.642016 -0.567471  1.853904 -0.001995 -1.971465 -0.393479 -0.515522  1.687944 -0.321561 -2.285797 -2.240290 -0.536900 -1.533470 -1.992793 -1.275913  0.375912 -0.599718 -1.976271 -1.600304 -1.936819
  3 Q   3 -0.652350  0.204852 -0.292863 -0.234660 -2.065830  2.164456  0.777521 -1.348681 -0.355273 -2.091397 -1.594036  0.400510 -0.431310 -2.228386  0.506807 -0.054023 -0.611994 -1.815292 -1.097157 -1.438884
  4 R   4 -0.775195  3.026324  0.008449 -1.256557 -2.371867  0.973896  0.245907 -1.408227 -0.201275 -2.388892 -1.632121  1.838856 -0.781114 -2.370454 -1.365177 -0.546850 -0.797551 -2.286220 -1.540851 -2.147577
  5 K   5 -0.786240  2.191175 -0.025170 -1.068200 -2.399329  0.690991  0.424850 -1.380105 -0.594100 -2.428420 -1.667350  2.941085 -0.872951 -2.403001 -1.101528 -0.274930 -0.826063 -2.369672 -1.637694 -1.888018
  6 V   6 -0.393428 -0.869616 -0.960766 -1.386566 -1.240098 -1.019339 -1.122719 -1.895386 -1.546591 -0.007422 -0.419137 -0.870849 -0.343510 -1.388421 -0.594294 -0.452289  0.516583 -2.228838 -1.384705  0.187961
  7 I   7 -0.352563 -2.397730 -2.410247 -2.414164 -0.825975 -1.946266 -1.954333 -2.743797 -2.410247  2.654938  1.107684 -1.946266  0.761319 -0.496576 -1.921127 -1.602986 -0.370360 -2.414930 -0.834873  2.768403
  8 R   8 -0.808428  1.664342 -0.004526 -0.844418 -2.431692  0.813781  0.763387 -1.643249 -0.803884 -2.431692 -1.627790  3.885676 -0.816421 -2.447151 -0.851883 -0.017063 -0.731133 -2.439685 -1.635783 -1.640327
  9 C   9 -0.050024 -2.950114 -2.950114 -2.967497  8.650247 -2.932732 -3.916811 -2.967497 -2.880584 -0.999338 -0.999338 -2.950114 -0.999338 -1.896505 -2.967497 -1.016721 -1.016721 -1.913887 -1.826975 -0.999338
 10 W  10 -2.102953 -2.694697 -2.940312 -2.964588 -2.054056 -2.219723 -2.624942 -2.718917 -1.062444 -0.797506 -0.543526 -2.690514 -0.219789  4.323641 -3.748868 -2.024831 -1.914544  2.676398  2.579991 -1.446458
 11 N  11 -1.736479  0.140126  4.849271  0.600466 -2.969432 -0.032894 -0.055226  0.162607  0.575888 -3.038676 -2.928982  0.338883 -1.940538 -2.973103 -1.897298  0.790415 -0.248610 -3.720708 -2.053902 -2.885742
 12 C  12  0.001894 -2.947596 -2.919671 -2.933634  8.082938 -2.868061 -3.776343 -2.933634 -2.947596 -0.751557 -0.882703 -2.868061 -0.868740 -1.922131 -2.882023 -0.995647 -0.906388 -2.067238 -1.922131 -0.685985
 13 G  13  0.016431 -1.983340  0.016431 -0.983455 -2.966795 -1.966909 -1.966909  5.900728 -1.983340 -3.966681 -3.966681 -1.966909 -2.966795 -2.983226 -1.983340  0.065725 -1.950478 -2.016203 -2.983226 -2.983226
 14 K  14 -0.950089  1.789534  0.085424 -0.996885 -2.984860  0.772594  0.744044 -1.434408 -0.990702 -3.046769 -2.141126  4.272880 -1.150470 -2.981196 -1.120775 -0.032996 -1.049683 -2.931399 -2.056114 -2.111431
 15 E  15 -0.933828 -0.339437 -0.264358  1.523457 -3.640139  1.468021  3.934756 -1.980805 -0.357599 -2.656183 -2.752896  0.608646 -1.829860 -2.915766 -0.526835 -0.140300 -0.842062 -3.027826 -2.025817 -1.706822
 16 G  16  0.110943 -1.832641 -0.088009 -1.052214 -2.859536 -1.898366 -1.914797  5.538979 -1.950695 -3.826776 -3.810345 -1.881935 -2.862571 -2.931331 -1.947660  0.003251 -1.895331 -2.035885 -2.914900 -2.859536
 17 H  17 -1.982244 -0.017527  0.964831 -0.999886 -2.964603 -0.017527 -0.017527 -1.982244  7.841342 -2.964603 -2.964603 -0.999886 -1.982244 -0.999886 -1.982244 -0.999886 -1.982244 -1.982244  1.947190 -2.964603
 18 S  18 -0.811439 -1.874408 -2.136352 -2.515172 -1.295384 -1.516471 -1.985607 -3.292570 -2.406297  1.852701  1.383959 -1.597433  0.771176 -0.683971 -2.435543 -1.177054 -0.616786 -2.623248 -1.161640  1.348323
 19 A  19  3.307680 -1.019398 -1.919901 -2.067707 -0.147807 -0.911700 -1.108755 -0.386965 -1.996127 -0.775683 -0.643657 -0.999061 -0.405902 -1.774744 -1.129092  0.816358 -0.000477 -2.776367 -1.884438  0.069019
 20 R  20 -1.010105  3.536077  0.055748 -1.524894 -2.941708  0.930769  0.362861 -1.911341 -0.414968 -2.945610 -1.992721  3.042263 -1.018145 -2.941708 -1.574822 -0.571768 -0.989667 -2.948262 -1.971034 -2.545734
 21 Q  21 -1.890303 -0.179054  4.672042  1.360299 -2.946958  0.362563  0.341671 -0.350960  0.797274 -2.931487 -2.968295 -0.086945 -1.917790 -2.884960 -1.797046  0.722133 -0.256130 -3.715114 -1.889201 -2.855687
 22 C  22 -0.059351 -2.963760 -2.891966 -2.927863  8.241776 -2.963760 -3.898073 -2.676582 -2.904409 -1.077902 -1.077902 -2.963760 -1.042005 -1.798265 -2.993436 -0.993664 -1.065459 -1.910745 -1.887292 -1.071680
 23 R  23 -0.941165  3.897507  0.010548 -1.776501 -2.793074  0.734147 -0.026215 -2.008107 -0.328875 -2.681412 -1.843803  1.982158 -0.969598 -2.843840 -1.819290 -0.725698 -0.547148 -2.925100 -1.969635 -2.508734
 24 A  24  2.992153 -0.945964 -1.734366 -1.644825 -0.605569 -0.756202 -0.510875 -0.246031 -1.838691 -1.130277 -1.130457 -0.726005 -1.016547 -2.067116 -1.108975  0.688470 -0.200544 -2.938253 -1.969561 -0.183051
 25 P  25 -0.987415 -1.462186 -1.243450 -0.876846 -2.923278 -0.686540 -0.817024 -1.668981 -1.659976 -2.960323 -2.889190 -0.763784 -1.883163 -3.766991  5.340592 -0.712328 -0.807165 -3.789808 -2.798009 -2.079315
 26 R  26 -1.014136  4.173258 -0.070077 -1.830902 -2.909111  1.007985  0.072579 -1.992507 -0.048508 -2.849403 -1.873324  2.020745 -0.924050 -2.853684 -1.866911 -0.888309 -1.020352 -2.873102 -1.852091 -2.737713
 27 R  27 -0.741293  2.099105 -0.154535 -1.119551 -2.811979  0.843812  0.800232 -1.904316 -0.890926 -2.761490 -1.918928  3.819198 -1.008757 -2.878153 -1.172841 -0.147047 -0.871148 -2.954125 -1.967982 -1.936923
 28 Q  28 -1.056651  1.795421  0.023659 -1.116456 -2.820535  0.939138  0.554600 -1.994519 -0.616659 -2.497581 -1.784929  3.217258 -0.858725 -2.705032 -1.337626 -0.283685 -0.993279 -2.876892 -1.733808 -1.854457
 29 G  29 -0.297670 -1.647882 -0.185151 -0.941033 -2.914214 -1.494505 -1.535614  4.197904 -1.721613 -3.542477 -3.454497 -1.414683 -2.495201 -2.334908 -1.995409 -0.121052 -1.834156 -1.900668 -2.391167 -2.717766
 30 C  30  0.060854 -2.770934 -2.914342 -2.999339  7.724102 -2.797906 -3.746100 -2.922974 -2.914342 -0.798954 -0.649189 -2.791163 -0.785468 -1.850099 -2.889646 -0.995145 -0.961817 -2.031303 -1.914866 -0.832282
 31 W  31 -2.702358 -2.762198 -3.261629 -3.551164 -2.063044 -1.907916 -2.778707 -1.529940 -1.705429 -2.882580 -2.050507 -2.770411 -1.123003  0.810831 -3.752635 -2.590630 -1.913973  8.938975  1.735649 -2.855007
 32 K  32 -1.104930  1.606504  0.246881 -0.931880 -2.935550  0.735464  0.765245 -1.912608 -0.858025 -2.797946 -1.956195  4.124346 -1.024037 -2.606430 -1.213094 -0.052286 -0.971435 -2.892277 -1.788821 -1.983727
 33 C  33 -0.107498 -2.894895 -2.933078 -2.971260  7.796658 -2.894895 -3.811317 -3.028508 -2.933078 -0.584949 -0.623080 -2.894895 -0.756693 -1.768546 -2.933078 -1.081168 -0.985737 -2.016655 -1.863977 -0.680380
 34 G  34 -0.192397 -1.893545 -0.257177 -1.196924 -2.881173 -1.909515 -1.987416  5.206658 -1.939563 -3.799282 -3.740171 -1.946109 -2.763829 -2.709430 -2.085970 -0.211187 -1.932031 -1.257299 -2.631528 -2.891446
 35 K  35 -0.920065  2.056117  0.005991 -0.947138 -2.754223  1.201523  0.856065 -1.792801 -0.720314 -2.757108 -1.859375  3.784663 -0.866278 -2.752503 -1.058478 -0.120926 -0.923465 -2.674755 -1.767373 -1.972165
 36 T  36 -0.807114 -0.084063 -0.074893  1.488863 -3.343270  1.605160  3.906339 -1.688947 -0.146919 -2.540379 -2.507766  0.740169 -1.595221 -2.587799 -0.814019  0.018931 -0.783289 -2.602881 -1.767306 -1.683974
 37 G  37 -0.046718 -1.770161  0.007682 -0.763373 -2.650016 -1.733895 -1.697628  5.141745 -1.752028 -3.511738 -3.529871 -1.752028 -2.650016 -2.650016 -1.752028 -0.010451 -1.752028 -1.806428 -2.650016 -2.650016
 38 H  38 -1.767599 -0.032112  0.858255 -0.844543 -2.656936 -0.013014  0.000061 -1.767083  6.940462 -2.656936 -2.663473 -0.890306 -1.780159 -0.921449 -1.712882 -0.883769 -1.761061 -1.798741  1.696837 -2.650913
 39 V  39 -0.820614  0.287103 -0.454382 -0.518898 -2.323594  3.182038  1.013752 -1.981868 -0.473993 -1.711607 -1.153081  0.349631  0.156563 -2.245083 -1.128561 -0.325562 -0.812769 -1.885228 -0.897924 -1.007477
 40 M  40 -0.559344 -0.937436 -1.798405 -2.588148 -0.836040 -0.141300 -1.718427 -2.484768 -1.798405  0.791886  1.567484 -0.934337  3.834968 -0.160982 -1.735386 -0.792385 -0.821635 -1.085540 -0.955879  0.830432
 41 A  41 -0.543111  1.752475 -0.120532 -1.016918 -2.431275  0.729376  0.650561 -1.613704 -0.874747 -2.509989 -1.707877  3.701378 -0.890306 -2.573245 -0.969122  0.036797 -0.796133 -2.651959 -1.771133 -1.723437
 42 K  42 -1.561380 -1.244306  1.173523  3.937040 -2.609745  0.084012  1.501316 -0.908141 -0.694054 -2.543447 -3.152534 -0.370947 -2.307162 -2.602499 -0.997979  0.086832 -0.710277 -3.379552 -2.405840 -2.414211
 43 C  43  0.009176 -2.634060 -2.644242 -2.660018  7.745429 -2.618284 -3.498169 -2.639654 -2.581139 -0.890066 -0.890066 -2.634060 -0.890066 -1.701255 -2.649836 -0.885478 -0.895660 -1.727212 -1.638152 -0.879885
 44 P  44 -0.266497 -0.975532 -0.247815 -0.735327 -1.349469 -0.725827 -0.754320 -1.489713 -1.564439 -1.319275 -1.298846 -0.767002 -1.033953 -2.067156  0.344493  0.432395  2.456974 -2.147761 -1.860330 -0.583898
 45 E  45 -0.874739  0.279153  0.100187  1.343425 -3.296393  1.374948  3.389837 -1.434555 -0.168265 -2.668438 -2.587162  0.954892 -1.713824 -2.644210 -1.001470 -0.053232 -0.900158 -2.673677 -1.842124 -1.906902
 46 R  46 -0.846463  3.951197  0.029010 -1.621296 -2.602147  0.761488 -0.035942 -1.572953 -0.086156 -2.607325 -1.801102  1.606503 -0.912791 -2.606127 -1.737314 -0.742028 -0.868601 -2.642465 -1.784262 -2.577481
 47 Q  47 -0.880665  0.881638 -0.020218 -0.071362 -2.629093  4.114711  1.658598 -1.768981 -0.085296 -2.629093 -1.764112  1.024999 -0.075895 -2.643027 -0.853804 -0.006284 -0.833659 -1.824323 -0.954810 -1.750178
 48 A  48  2.971780 -0.900152 -1.627366 -1.611090 -0.071061 -0.847871 -0.838810 -0.154818 -1.649176 -0.645355 -0.736328 -0.852401 -0.731797 -1.571793 -0.852401  0.659236  0.019469 -2.409945 -1.571793  0.151420
 49 G  49 -1.399095 -0.157429  4.197284  0.620833 -2.334786 -0.157429 -0.157429  0.472288  0.542118 -2.413500 -2.413500 -0.157429 -1.635238 -2.334786 -1.556524  0.699547 -0.157429 -2.955618 -1.635238 -2.334786
