
Last position-specific scoring matrix computed, weighted observed percentages rounded down, information per position, and relative weight of gapless real matches to pseudocounts
           A  R  N  D  C  Q  E  G  H  I  L  K  M  F  P  S  T  W  Y  V   A   R   N   D   C   Q   E   G   H   I   L   K   M   F   P   S   T   W   Y   V
    1 M   -3 -4 -5 -6 -4 -4 -5 -6 -5  2  2 -4  8 -2 -5 -4 -3 -4 -4  3    0   0   0   0   0   0   0   0   0  10  14   0  51   0   0   0   0   0   0  25  1.34 0.47
    2 A    4 -6 -5 -3 -6 -6 -6  6 -6 -7 -7 -5 -6 -7 -6  0 -3 -7 -7 -4   30   0   0   1   0   0   0  61   0   0   0   0   0   0   0   6   1   0   0   1  1.67 0.71
    3 D   -5 -5  2  8 -8 -3 -1 -5 -6 -8 -6 -4 -8 -8 -5 -1 -4 -9 -8 -7    1   1   7  78   0   1   3   0   0   0   1   1   0   0   0   5   0   0   0   0  2.20 0.91
    4 P    4 -5 -5 -5 -5 -3 -4 -4 -4  0 -1 -4 -3 -3  4 -2 -3 -6 -3  3   40   0   0   0   0   1   1   0   0   4   5   1   0   1  18   2   1   0   1  24  0.88 0.52
    5 A    4 -3 -3  0 -5  1  4 -2 -4 -3 -4  1 -2 -6 -3 -1 -1 -6 -3  0   30   1   1   5   0   5  30   3   0   1   1   9   1   0   1   3   3   0   1   7  0.62 0.42
    6 A    3  4  1 -1 -6  0 -1 -4  0 -3 -4  5 -4 -4 -4 -2 -3 -6 -5 -3   22  18   7   3   0   3   3   0   2   2   2  33   0   1   0   2   1   0   0   2  0.75 0.45
    7 G   -2 -7 -4 -1 -7 -7 -7  7 -7 -8 -8 -5 -8 -8 -5 -4 -6 -8 -8 -6    3   0   1   4   0   0   0  90   0   0   0   1   0   0   1   1   0   0   0   1  2.44 0.93
    8 E    2  2 -1 -3 -6  2  4 -4 -2 -6 -5  5 -3 -5 -2 -3 -3 -6 -4 -5   15   9   2   1   0   8  25   1   1   0   1  32   0   1   2   1   1   0   0   0  0.86 0.49
    9 K    1  2  0 -1 -5  2  1 -2 -2 -1 -3  4 -2 -4 -4 -1  0 -3 -4 -2   10  10   4   3   0   9   9   2   1   4   2  31   1   0   0   4   7   0   0   2  0.46 0.31
   10 V    0 -4 -5 -3 -4 -1 -3 -4 -5  4  3 -3 -1  0 -5 -4 -2 -5 -2  4    6   1   0   1   0   3   1   1   0  27  24   1   1   4   0   1   2   0   1  25  0.69 0.35
   11 F    0 -5 -7 -7 -2 -7 -7 -7 -3 -3 -3 -5 -2  9 -7 -4 -4  0  3 -1    7   1   0   0   1   0   0   0   1   1   2   1   1  69   0   1   1   1   7   4  2.10 0.78
   12 G    1  3  2 -1 -5  4  0 -1 -1 -2 -4  4  1 -5 -4 -2 -1 -5 -3 -4   10  13   8   3   0  17   5   5   1   3   1  23   3   0   1   2   3   0   1   1  0.51 0.34
   13 K   -1  3  2 -3 -6  3 -1 -3 -1 -5 -5  5 -1 -6 -3 -2 -1 -6 -4 -4    4  17   9   1   0  14   3   2   1   1   1  36   2   0   1   3   4   0   1   1  0.86 0.46
   14 C   -4 -3 -8 -9 12 -8 -9 -2 -9 -7 -7 -8 -7 -8 -8 -7 -7 -8 -8 -7    2   2   0   0  91   0   0   4   0   0   0   0   0   0   0   0   0   0   0   0  4.27 1.32
   15 K    4 -1 -2 -4 -4  0 -3  0 -2  0 -1  0  0 -3 -1  1 -1 -5 -3  0   37   4   1   0   0   5   1   6   1   5   6   7   3   1   2  10   4   0   0   7  0.38 0.28
   16 A    3 -2 -2 -3 -5  4 -2  1 -3 -2 -2 -3 -1 -4 -3  2  1 -6 -3 -1   27   2   1   1   0  20   2   9   1   2   4   1   2   0   1  14   8   0   1   3  0.50 0.38
   17 C   -7 -10 -9 -10 12 -10 -10 -9 -9 -8 -8 -10 -8 -1 -10 -4 -8  2 -1 -8    0   0   0   0  91   0   0   0   0   0   0   0   0   3   0   2   0   2   3   0  4.33 1.36
   18 H   -7 -6 -6 -2  1 -6 -6 -8 11 -8 -8 -7 -7 -7 -8 -7 -7 -8 -5 -8    0   0   0   2   3   0   0   0  92   0   0   0   0   0   0   0   0   0   0   0  4.13 1.40
   19 K    2 -2 -1 -1 -2  0 -1 -1 -1 -3 -4  0  0 -5 -3  3  4 -6 -3 -2   18   2   2   3   1   4   4   3   1   1   1   5   3   0   1  18  29   0   1   3  0.53 0.38
   20 L   -1 -4 -4 -5 -2 -5 -4 -5 -3  3  2 -4  2  0 -1 -3 -1 -2 -2  5    5   1   1   1   1   0   1   1   1  18  18   1   4   4   4   2   4   1   1  35  0.70 0.38
   21 D   -1 -1  0  4 -5  0  3  2 -2 -3 -4 -1 -4 -3 -1 -1  1 -5 -5 -2    5   3   4  22   0   3  22  14   1   1   1   3   0   1   3   4   8   0   0   4  0.46 0.32
   22 G    3 -3 -3 -1 -5 -2 -1  5 -5 -6 -6 -1 -5 -3 -1  0 -1 -6 -3 -4   23   2   1   3   0   2   3  45   0   0   0   5   0   1   3   6   4   0   1   1  0.89 0.48
   23 N    0  0  1  1 -5  0  0  1 -2 -3 -4  4 -2 -3  2  0  0 -5 -3 -1    8   4   7   7   0   3   7   9   1   1   1  25   1   1  10   5   4   0   1   4  0.31 0.24
   24 D   -1  0  4  3 -1 -1 -2  0  5 -4 -3 -2 -2 -2 -1  0  0 -5 -2 -3    6   4  20  16   2   2   2   6  16   1   2   2   1   2   3   6   6   0   1   2  0.52 0.32
   25 G   -1  3 -2 -3 -2  0 -2  2 -1 -3 -2  5  1 -3 -3 -1 -2 -5 -2 -2    5  17   2   1   1   4   1  13   2   2   4  33   3   1   1   4   2   0   1   3  0.57 0.36
   26 V    0 -3 -3 -3 -4  0 -3 -4 -2  2 -1 -3  1 -1 -3 -1  4 -1 -2  4    9   1   1   1   0   5   1   1   1  12   4   1   3   2   1   3  25   1   1  26  0.51 0.34
   27 G   -1 -6 -2 -6 -7 -6 -1  7 -6 -7 -7 -3 -7 -7 -3 -3 -2 -7 -7 -7    6   0   2   0   0   0   4  78   0   0   0   2   0   0   2   2   2   0   0   0  1.97 0.81
   28 P    1 -1  2 -1 -2 -1 -1  2 -1 -2 -2 -1 -2 -2  3  1  1 -3 -2 -1   15   1  15   1   0   1   1  15   0   1   1   1   0   1  15  15  15   0   0   1  0.29 0.05
   29 H   -1  0  3  1 -3  0  0  0  0 -2 -2  0 -1 -3  2  1  1 -3 -1 -1    4   4  23   7   0   3   4   8   3   2   3   3   2   0   9  14   7   0   2   4  0.21 0.13
   30 L   -3 -3 -3 -4 -3 -1 -3 -4  2  1  4 -3  2  1 -4 -3 -2  3  1  0    1   0   0   0   0   4   1   1   6   4  58   1   6   5   0   1   1   4   4   4  0.59 0.28
   31 N    0  1  2 -1  2 -1 -2 -1  4 -2 -2  1 -1  1 -3  0  0  4  2 -2    9   6  13   2   5   2   2   3  11   1   2  10   1   5   0   5   6   5   9   2  0.25 0.20
   32 G   -1 -1  1 -1 -4  1 -1  4  1 -4 -2 -1  0 -1 -4 -1 -1  2  0 -2    4   3   6   4   0   6   3  40   4   0   3   3   3   3   0   3   3   3   3   3  0.44 0.31
   33 V   -1 -1 -1 -4 -3 -3 -3 -4  0  3  1 -1  1  1 -1 -1  0  2  0  3    4   3   3   0   0   0   0   0   3  16  12   4   4   7   3   4   5   3   3  23  0.23 0.21
   34 V    0 -2 -2 -2  0 -3 -2  0  0  0 -1 -2  3  4 -1 -2 -1  3  2  1    8   2   2   2   2   0   2   7   2   4   5   2   8  20   3   3   3   4   8  13  0.25 0.23
   35 G   -1 -1  1  1 -1 -1  0  5 -1 -4 -3 -2  0 -2 -4 -1 -2 -4 -2 -3    4   3   8   8   2   3   5  46   2   0   3   2   3   2   0   5   3   0   2   2  0.64 0.41
   36 R   -2  7 -1 -2 -5  1 -1 -3  1 -5 -5  1 -4 -5 -1 -2 -2  1 -4 -3    4  57   2   2   0   5   3   2   3   0   1   6   0   0   4   2   2   2   0   2  1.14 0.63
   37 T    0  2 -1 -1 -4  1  1 -1  2 -2 -2  3 -1 -4  2 -1  1 -4 -3 -1    6  10   3   2   0   7   8   4   5   2   3  22   1   0  12   2   8   0   0   4  0.29 0.24
   38 V    3 -1 -1 -2 -1 -1 -1 -1 -1  1 -1 -1  0 -1 -1  1  2 -1 -1  0   25   3   2   1   1   1   4   3   2   8   5   4   2   2   3  12  12   1   1   8  0.16 0.19
   39 A    2 -1 -2 -2 -2 -1 -2  5 -2 -2 -3 -1 -2 -3 -2 -2 -1 -4 -4 -2   19   3   2   2   1   2   2  46   1   2   3   3   1   1   2   2   3   0   1   3  0.69 0.38
   40 G    0 -1 -1 -1 -6  3 -1 -1  2 -1 -2 -1  1 -1 -2  2  2  2  0 -1    6   3   3   4   0  12   4   5   5   4   4   3   3   3   3  15  12   3   3   4  0.23 0.23
   41 V    2 -1 -1 -1  1 -1 -1 -2  1  0  0 -1  1 -1 -1 -1  0  2  0  2   15   4   3   3   2   3   4   3   4   6  10   3   3   3   3   5   5   2   3  13  0.06 0.09
   42 D    1 -1 -1  2 -5 -1  2 -2  0 -1 -3  0 -4 -5  4 -1 -1  1 -1 -1   13   3   3  12   0   3  15   4   2   4   3   5   0   0  17   4   3   2   2   4  0.34 0.31
   43 G   -2 -1  1  2 -5 -3 -1  5 -1 -4 -3  0 -1  0 -4 -1 -1  1 -1 -3    3   3   5  10   0   0   3  43   2   0   3   7   2   4   0   4   3   2   2   2  0.58 0.38
   44 F   -2 -2 -4 -1 -1 -2 -2 -2  0 -1 -1 -4  0  6 -2 -2 -2  2  5 -2    3   2   0   4   2   2   3   3   2   4   6   1   2  32   2   4   2   2  22   2  0.75 0.43
   45 N    0  1  2  0 -1  0  0 -1  0 -2 -2  2 -1 -1  0  1  0 -3 -2 -1    8   7  11   4   2   4   4   5   3   2   3  14   2   3   4  14   6   0   0   4  0.13 0.14
   46 Y   -1 -4  0 -2  0 -4 -4 -5  1 -2 -2 -4  0  2 -5 -2 -2  3  8 -2    5   1   5   3   2   1   1   1   3   2   4   1   2   6   1   3   2   3  51   3  1.27 0.63
   47 S   -2 -2  0 -3 -4 -2 -1 -1 -4 -1 -2 -2  0 -4 -1  5  3 -5 -4 -2    2   2   4   1   0   2   3   5   0   3   4   2   2   0   2  44  20   0   0   3  0.69 0.49
   48 D    1 -1 -1  3 -4  1  1  0  0 -3 -3  2 -1 -3  2  0 -1 -1 -3 -2   13   3   2  20   0   5   7   5   2   1   2  12   1   1  10   6   3   1   0   3  0.27 0.23
   49 P    5 -2 -1  0  0 -2 -2  0 -2 -2 -3 -3 -2 -3  0  1  0 -4 -2 -2   47   1   2   6   2   1   1   8   1   2   3   1   1   1   4   8   6   0   1   3  0.55 0.41
   50 M   -2 -2  2 -1 -4 -1 -3 -2  1  0  3 -2  5  0 -2 -1 -1 -4 -1 -1    2   2  13   3   0   2   0   3   3   4  29   2  16   4   2   3   2   0   2   3  0.32 0.33
   51 K   -1  1 -1 -1 -4  0 -1 -2  0  0  0  4  0 -3 -1 -1  0 -4 -1  0    5   7   2   3   0   4   3   3   2   6   7  33   2   0   2   3   6   0   2   9  0.27 0.28
   52 A    0  0  1  1 -3  1  0  0  2  0 -1  0 -1 -2  1  0  0 -3  1  0    6   6   6   6   0   6   6   6   6   6   6   6   0   0   6   6   6   0   6   6  0.05 0.08
   53 H    2 -1  0 -1  1 -1 -1 -1  2 -1 -2  2  1  0 -2  2 -2  2  0 -1   14   4   5   3   2   3   3   5   4   3   4  14   4   3   3  13   3   3   3   4  0.17 0.15
   54 G    0 -1  1  1 -4  0  0  4  0 -2 -4  0 -1 -2 -1  0  0 -4 -4 -2    9   3   6   9   0   4   5  31   2   3   1   6   2   2   3   5   5   0   0   3  0.33 0.27
   55 G   -1  0  0  0 -3  0  0 -1  2  0 -1  0  1  0  0  0  0  3  1  0    5   5   5   5   0   5   5   5   5   5   5   5   5   5   5   5   5   5   5   5  0.06 0.08
   56 D    0  0  0  0 -3  0  0 -1  0  0 -1  0  0 -1  0  0  2 -4  0  2    6   4   4   6   0   4   6   3   3   5   4   7   3   3   5   5  13   0   3  18  0.09 0.14
   57 W   -2 -2 -2 -3 -6 -6 -6 -4 -1 -2 -2 -3 -1 -2 -3 -4 -2 12  0 -3    4   3   2   2   0   0   0   2   2   2   4   2   1   2   2   2   3  62   3   2  2.65 1.20
   58 T   -1 -2  2  5 -5 -2 -1  0 -1 -5 -4 -2 -2 -6 -2  1  3 -6 -5 -1    5   2   9  28   0   1   4   8   2   0   2   2   1   0   2   9  20   0   0   4  0.57 0.47
   59 P    0  0  0  2 -5  0  4 -3  0 -2 -3  0 -2  0  2 -2 -1  0  0 -2    7   6   4   9   0   3  26   1   2   3   2   4   1   4   9   2   3   1   4   3  0.28 0.31
   60 E    2 -2  0  3 -2  1  4 -2 -2 -4 -5  1 -3 -4 -3 -3 -1 -6 -3 -4   14   2   4  15   1   5  30   3   1   1   1   8   1   1   2   2   4   0   1   2  0.59 0.45
   61 A    1 -1  1 -1  1 -1 -1 -2  1  1 -2 -1  0 -1 -2 -1  3  2  1 -1   10   3   8   3   3   3   4   3   3   6   4   4   3   3   3   5  20   3   4   5  0.21 0.14
   62 L   -7  0 -7  0 -7 -7 -7 -8 -7  2  5 -7  4  2 -8 -7  0 -7  2  0    0   5   0   5   0   0   0   0   0   9  43   0   8   8   0   0   5   0   6   6  1.09 0.43
   63 Q    0  2  1  2 -4  1  0 -2  1 -1 -2  0  3  1 -1  0 -1  1  0 -1    6  11   5  15   0   5   3   2   3   3   3   6   9   7   2   5   3   2   3   4  0.14 0.18
   64 E    0  0  1  1 -3  1  2  0  2 -1 -1  0  0 -3  0  0 -1 -3  0 -1    9   5   6   6   0   7  18   6   5   4   4   6   3   0   4   3   3   0   3   5  0.12 0.14
   65 F   -2 -1 -4 -4  1 -1 -1 -2  1  0 -1 -1  1  4 -5 -1 -3  7  5 -1    3   3   0   0   3   3   3   3   4   5   4   3   3  17   0   4   0  16  20   3  0.71 0.44
   66 L   -3 -2 -3 -2 -4 -4 -1 -5 -4  4  4 -2  1  0 -4 -3 -2 -1 -2  1    2   2   1   3   0   0   4   1   0  21  45   2   3   3   0   2   2   1   1   8  0.65 0.41
   67 T    1  1 -1 -1 -1  1  3 -2  1 -2  0  1  0 -2 -1 -1  1 -1 -2 -1   12   6   1   3   1   7  20   2   3   2   8  10   2   1   2   3  10   1   1   5  0.16 0.20
   68 N   -1 -1  5  4 -5 -1 -1  1  1 -2 -4  0 -2 -3 -4  0 -2 -5 -1 -3    6   2  29  23   0   2   3   9   3   2   1   5   1   1   0   7   1   0   2   1  0.59 0.41
   69 P   -2 -3  0 -5 -6 -3 -5 -4 -2 -3 -4 -3 -5 -6  8 -1 -2 -6 -6 -2    3   1   4   0   0   1   0   1   1   2   2   1   0   0  70   6   3   0   0   3  1.93 0.93
   70 K    0  1  0  1 -4  3  0 -2 -1 -3 -3  4 -1 -3 -1  0  0 -5 -4 -3    8   8   4   7   0  14   4   2   1   2   1  30   2   1   3   6   4   0   0   1  0.43 0.35
   71 A    2  0 -1 -1 -4  0  0  1  1 -2 -3  4 -1 -3 -2  0 -1 -4 -3 -1   20   4   3   4   0   4   5   9   4   2   2  28   1   1   1   5   3   0   0   4  0.31 0.29
   72 V   -1 -2 -2 -3 -1 -3 -3 -4  1  0  0 -1  3  4 -4 -2 -1  1  5  1    6   2   2   1   1   1   1   0   3   4   8   3   8  15   0   2   3   2  25  12  0.53 0.37
   73 V    0 -2 -2 -3 -1 -3 -3 -4 -1  4  0  0  2 -1 -3 -2  1 -4 -2  3    7   1   1   1   1   1   1   0   2  25   8   8   5   3   1   3   8   0   1  22  0.37 0.30
   74 K   -2 -1 -2 -3 -1 -2 -2 -4 -2 -6 -4  2 -5 -6  7 -1 -2 -6 -3 -4    2   3   2   1   1   2   2   1   1   0   2  13   0   0  60   4   3   0   1   2  1.56 0.81
   75 G   -1 -2 -1 -1 -5 -3 -2  6 -2 -4 -4  1 -2 -4 -4 -3 -3 -2 -4 -5    4   3   3   4   0   1   2  65   1   1   1   8   1   1   1   1   1   1   1   1  1.25 0.64
   76 T   -1 -3  3 -3 -2 -3 -4 -2 -4 -2 -4 -3 -1 -3 -1  1  6 -5 -2 -1    5   1  12   1   1   1   1   3   0   2   1   1   1   1   3   9  52   0   1   3  0.99 0.61
   77 K    0  2 -1 -2 -3 -1 -1 -2 -2 -1 -2  5 -1 -3  0 -1 -1 -2 -1 -1   10   9   3   2   1   2   3   3   1   4   3  41   1   1   4   3   4   1   2   4  0.50 0.38
   78 M   -6 -4 -6 -7 -1 -5 -6 -7 -6 -3 -2 -4 11 -3 -3 -6 -3 -6 -6 -3    0   1   0   0   2   0   0   0   0   1   2   1  85   1   2   0   1   0   0   1  3.20 1.34
   79 A    2 -2 -2 -3 -4 -2 -3 -1 -4  1 -3 -2 -2 -2  5  1  1 -3 -3  0   16   2   2   1   0   1   1   4   0   8   2   2   1   2  31  10   8   0   1   8  0.58 0.42
   80 F   -3 -4 -2 -2 -4 -2 -3 -5 -1 -2 -2 -4  2  8 -2 -3 -3 -4  4 -3    3   1   2   2   0   2   2   1   1   2   2   1   4  55   3   2   2   0  12   2  1.40 0.73
   81 A    2  0 -2 -1 -4  2 -2 -1  0 -2 -2  1  1 -1  3 -1  0 -1 -2  0   22   6   1   4   0  11   2   4   2   2   3   7   4   2  13   3   6   1   1   7  0.25 0.26
   82 G   -1 -1 -1 -3 -3  1 -2  6 -2 -5 -4 -1 -2 -4  0 -1 -1 -1 -3 -4    4   3   3   2   1   6   2  53   1   1   2   3   1   1   5   4   4   1   1   1  0.88 0.51
   83 L   -3 -3 -3 -4 -5 -1 -4 -4 -3  4  4 -4  2 -1 -4 -4 -4 -3 -2  2    2   1   1   1   0   3   1   1   1  23  43   1   4   2   1   1   1   0   1  11  0.83 0.48
   84 P    0  0 -2 -1 -2 -1 -1 -2 -3 -2  0  4 -2 -4  2  1  1 -2 -3 -2    8   5   2   2   1   2   3   3   0   3   9  27   1   0  11  12   7   1   1   2  0.32 0.30
   85 K   -3 -2  3  5 -3 -1 -1 -2 -4 -6 -5  4 -2 -6 -4  3 -2 -6 -6 -6    2   1  12  26   1   2   4   2   0   0   1  25   1   0   1  19   2   0   0   0  0.87 0.57
   86 I    2 -2 -2  3 -5  0  3 -1 -4 -4 -4  0 -3 -4  4 -3 -2 -6 -5 -3   19   2   1  16   0   4  18   4   0   1   1   6   0   1  20   1   2   0   0   2  0.60 0.44
   87 E    1 -1 -2  1 -5  4  4  0 -2 -5 -5  2 -4 -4 -4 -1 -1 -5 -3 -4   10   3   1   7   0  22  25   8   1   1   1  10   0   1   1   4   4   0   1   1  0.62 0.46
   88 D   -2 -3 -3  6 -7  2  5 -3 -5 -5 -6 -1 -4 -5 -5 -3 -2 -3 -6 -3    3   1   1  39   0   7  33   2   0   1   1   4   0   0   0   1   2   1   0   2  1.25 0.74
   89 R    0  6 -5 -6 -4 -1 -4 -6 -3  3  0 -1  2 -5 -6 -4 -3 -6 -5  0    7  46   0   0   0   2   1   0   1  16  10   2   4   0   0   1   1   0   0   7  1.06 0.63
   90 A    4  0  0  3 -5  1  0 -1 -1 -2 -3  0 -2 -4 -4 -1 -2 -3 -4 -1   37   5   4  16   0   5   6   3   2   2   2   6   1   0   0   3   2   0   0   4  0.49 0.40
   91 N    3 -5  3  7 -3 -2 -2 -4 -1 -7 -5 -3 -5 -4 -5 -2 -4 -8 -4 -6   20   0  13  50   1   2   2   1   2   0   1   2   0   1   0   3   1   0   1   0  1.34 0.77
   92 L   -5 -7 -8 -8 -6 -7 -7 -8 -7  4  5 -7  1 -3 -7 -5 -4 -6 -3  3    1   0   0   0   0   0   0   0   0  24  50   0   3   1   0   1   0   0   1  20  1.43 0.73
   93 I    0 -6 -6 -7 -4 -5 -6 -6 -7  6  1 -5 -1 -3 -7 -4 -2  0 -1  3    8   0   0   0   0   0   0   0   0  49  12   0   1   1   0   1   2   1   2  20  1.22 0.64
   94 A    6 -3 -3  0 -3 -2  1 -3 -2 -5 -4 -2 -6 -7 -6 -2 -1 -7 -7 -3   69   1   1   5   1   1   8   1   1   0   2   2   0   0   0   2   3   0   0   1  1.35 0.81
   95 Y   -8 -8 -6 -6 -3 -8 -8 -9 -2 -7 -7 -6 -7  4 -9 -6 -6  2 10 -6    0   0   0   0   1   0   0   0   1   0   0   0   0  15   0   1   1   2  78   0  3.14 1.36
   96 L   -6 -7 -8 -9 -6 -7 -8 -9 -8  2  6 -8  2 -2 -8 -7 -4 -7 -6 -2    0   0   0   0   0   0   0   0   0  10  83   0   4   2   0   0   1   0   0   1  1.99 0.92
   97 E    1  3  0 -2 -6  2  1 -4  0 -5 -4  5 -1 -4 -5 -1 -3 -6 -3 -5   12  14   4   2   0   8   8   1   2   0   1  40   2   1   0   4   1   0   1   0  0.84 0.54
   98 G    0 -4 -2 -4 -5  2  1 -1 -2 -4 -5 -3 -5 -6 -5  4  5 -7 -6 -4    7   1   1   0   0   9   9   4   1   1   0   1   0   0   0  34  32   0   0   1  0.93 0.61
   99 Q   -4 -3  0 -4 -5  3  0 -6  1 -2  4 -2  0  2 -5 -3 -3 -4 -1 -1    0   0   5   0   0  15   7   0   4   1  49   2   2   7   0   1   0   0   2   4  0.69 0.45
  100 Q   -4 -2 -4 -4 -6  3  0 -5  2 -7 -6  6 -5 -7 -5  4 -4 -7 -5 -6    0   1   0   0   0  11   4   0   4   0   0  45   0   0   0  34   0   0   0   0  1.34 0.71

                      K         Lambda
Standard Ungapped    0.1370     0.3161
Standard Gapped      0.0410     0.2670
PSI Ungapped         0.1672     0.3179
PSI Gapped           0.0512     0.2670
