  194         A         R         N         D         C         Q         E         G         H         I         L         K         M         F         P         S         T         W         Y         V    
  1 M   1 -0.382302 -0.382302 -0.764605 -1.146907 -0.382302  0.000000 -0.764605 -1.146907 -0.764605  0.382302  0.764605 -0.382302  1.911512  0.000000 -0.764605 -0.382302 -0.382302 -0.382302 -0.382302  0.382302
  2 S   2  0.718213 -0.718213  0.718213  0.000000 -0.718213  0.000000  0.000000  0.000000 -0.718213 -1.436426 -1.436426  0.000000 -0.718213 -1.436426 -0.718213  2.872852  0.718213 -2.154639 -1.436426 -1.436426
  3 T   3  0.000000 -0.718213  0.000000 -0.718213 -0.718213 -0.718213 -0.718213 -1.436426 -1.436426 -0.718213 -0.718213 -0.718213 -0.718213 -1.436426 -0.718213  0.718213  3.591065 -1.436426 -1.436426  0.000000
  4 T   4  0.000000 -0.718213  0.000000 -0.718213 -0.718213 -0.718213 -0.718213 -1.436426 -1.436426 -0.718213 -0.718213 -0.718213 -0.718213 -1.436426 -0.718213  0.718213  3.591065 -1.436426 -1.436426  0.000000
  5 S   5  0.718213 -0.718213  0.718213  0.000000 -0.718213  0.000000  0.000000  0.000000 -0.718213 -1.436426 -1.436426  0.000000 -0.718213 -1.436426 -0.718213  2.872852  0.718213 -2.154639 -1.436426 -1.436426
  6 T   6  0.000000 -0.718213  0.000000 -0.718213 -0.718213 -0.718213 -0.718213 -1.436426 -1.436426 -0.718213 -0.718213 -0.718213 -0.718213 -1.436426 -0.718213  0.718213  3.591065 -1.436426 -1.436426  0.000000
  7 N   7 -1.436426  0.000000  4.309278  0.718213 -2.154639  0.000000  0.000000  0.000000  0.718213 -2.154639 -2.154639  0.000000 -1.436426 -2.154639 -1.436426  0.718213  0.000000 -2.872852 -1.436426 -2.154639
  8 L   8 -0.718213 -1.436426 -2.154639 -2.872852 -0.718213 -1.436426 -2.154639 -2.872852 -2.154639  1.436426  2.872852 -1.436426  1.436426  0.000000 -2.154639 -1.436426 -0.718213 -1.436426 -0.718213  0.718213
  9 Q   9 -0.718213  0.718213  0.000000  0.000000 -2.154639  3.591065  1.436426 -1.436426  0.000000 -2.154639 -1.436426  0.718213  0.000000 -2.154639 -0.718213  0.000000 -0.718213 -1.436426 -0.718213 -1.436426
 10 K  10 -0.718213  1.436426  0.000000 -0.718213 -2.154639  0.718213  0.718213 -1.436426 -0.718213 -2.154639 -1.436426  3.591065 -0.718213 -2.154639 -0.718213  0.000000 -0.718213 -2.154639 -1.436426 -1.436426
 11 K  11 -0.718213  1.436426  0.000000 -0.718213 -2.154639  0.718213  0.718213 -1.436426 -0.718213 -2.154639 -1.436426  3.591065 -0.718213 -2.154639 -0.718213  0.000000 -0.718213 -2.154639 -1.436426 -1.436426
 12 S  12  0.718213 -0.718213  0.718213  0.000000 -0.718213  0.000000  0.000000  0.000000 -0.718213 -1.436426 -1.436426  0.000000 -0.718213 -1.436426 -0.718213  2.872852  0.718213 -2.154639 -1.436426 -1.436426
 13 F  13 -1.436426 -2.154639 -2.154639 -2.154639 -1.436426 -2.154639 -2.154639 -2.154639 -0.718213  0.000000  0.000000 -2.154639  0.000000  4.309278 -2.872852 -1.436426 -1.436426  0.718213  2.154639 -0.718213
 14 T  14  0.000000 -0.718213  0.000000 -0.718213 -0.718213 -0.718213 -0.718213 -1.436426 -1.436426 -0.718213 -0.718213 -0.718213 -0.718213 -1.436426 -0.718213  0.718213  3.591065 -1.436426 -1.436426  0.000000
 15 L  15 -0.718213 -1.436426 -2.154639 -2.872852 -0.718213 -1.436426 -2.154639 -2.872852 -2.154639  1.436426  2.872852 -1.436426  1.436426  0.000000 -2.154639 -1.436426 -0.718213 -1.436426 -0.718213  0.718213
 16 Y  16 -1.436426 -1.436426 -1.436426 -2.154639 -1.436426 -0.718213 -1.436426 -2.154639  1.436426 -0.718213 -0.718213 -1.436426 -0.718213  2.154639 -2.154639 -1.436426 -1.436426  1.436426  5.027491 -0.718213
 17 R  17 -0.718213  3.591065  0.000000 -1.436426 -2.154639  0.718213  0.000000 -1.436426  0.000000 -2.154639 -1.436426  1.436426 -0.718213 -2.154639 -1.436426 -0.718213 -0.718213 -2.154639 -1.436426 -2.154639
 18 A  18  2.872852 -0.718213 -1.436426 -1.436426  0.000000 -0.718213 -0.718213  0.000000 -1.436426 -0.718213 -0.718213 -0.718213 -0.718213 -1.436426 -0.718213  0.718213  0.000000 -2.154639 -1.436426  0.000000
 19 D  19 -1.436426 -1.436426  0.718213  4.309278 -2.154639  0.000000  1.436426 -0.718213 -0.718213 -2.154639 -2.872852 -0.718213 -2.154639 -2.154639 -0.718213  0.000000 -0.718213 -2.872852 -2.154639 -2.154639
 20 N  20 -1.436426  0.000000  4.309278  0.718213 -2.154639  0.000000  0.000000  0.000000  0.718213 -2.154639 -2.154639  0.000000 -1.436426 -2.154639 -1.436426  0.718213  0.000000 -2.872852 -1.436426 -2.154639
 21 R  21 -0.718213  3.591065  0.000000 -1.436426 -2.154639  0.718213  0.000000 -1.436426  0.000000 -2.154639 -1.436426  1.436426 -0.718213 -2.154639 -1.436426 -0.718213 -0.718213 -2.154639 -1.436426 -2.154639
 22 S  22  0.718213 -0.718213  0.718213  0.000000 -0.718213  0.000000  0.000000  0.000000 -0.718213 -1.436426 -1.436426  0.000000 -0.718213 -1.436426 -0.718213  2.872852  0.718213 -2.154639 -1.436426 -1.436426
 23 F  23 -1.436426 -2.154639 -2.154639 -2.154639 -1.436426 -2.154639 -2.154639 -2.154639 -0.718213  0.000000  0.000000 -2.154639  0.000000  4.309278 -2.872852 -1.436426 -1.436426  0.718213  2.154639 -0.718213
 24 E  24 -0.718213  0.000000  0.000000  1.436426 -2.872852  1.436426  3.591065 -1.436426  0.000000 -2.154639 -2.154639  0.718213 -1.436426 -2.154639 -0.718213  0.000000 -0.718213 -2.154639 -1.436426 -1.436426
 25 E  25 -0.718213  0.000000  0.000000  1.436426 -2.872852  1.436426  3.591065 -1.436426  0.000000 -2.154639 -2.154639  0.718213 -1.436426 -2.154639 -0.718213  0.000000 -0.718213 -2.154639 -1.436426 -1.436426
 26 M  26 -0.718213 -0.718213 -1.436426 -2.154639 -0.718213  0.000000 -1.436426 -2.154639 -1.436426  0.718213  1.436426 -0.718213  3.591065  0.000000 -1.436426 -0.718213 -0.718213 -0.718213 -0.718213  0.718213
 27 Q  27 -0.718213  0.718213  0.000000  0.000000 -2.154639  3.591065  1.436426 -1.436426  0.000000 -2.154639 -1.436426  0.718213  0.000000 -2.154639 -0.718213  0.000000 -0.718213 -1.436426 -0.718213 -1.436426
 28 S  28  0.718213 -0.718213  0.718213  0.000000 -0.718213  0.000000  0.000000  0.000000 -0.718213 -1.436426 -1.436426  0.000000 -0.718213 -1.436426 -0.718213  2.872852  0.718213 -2.154639 -1.436426 -1.436426
 29 K  29 -0.718213  1.436426  0.000000 -0.718213 -2.154639  0.718213  0.718213 -1.436426 -0.718213 -2.154639 -1.436426  3.591065 -0.718213 -2.154639 -0.718213  0.000000 -0.718213 -2.154639 -1.436426 -1.436426
 30 F  30 -1.436426 -2.154639 -2.154639 -2.154639 -1.436426 -2.154639 -2.154639 -2.154639 -0.718213  0.000000  0.000000 -2.154639  0.000000  4.309278 -2.872852 -1.436426 -1.436426  0.718213  2.154639 -0.718213
 31 P  31 -0.718213 -1.436426 -1.436426 -0.718213 -2.154639 -0.718213 -0.718213 -1.436426 -1.436426 -2.154639 -2.154639 -0.718213 -1.436426 -2.872852  5.027491 -0.718213 -0.718213 -2.872852 -2.154639 -1.436426
 32 E  32 -0.718213  0.000000  0.000000  1.436426 -2.872852  1.436426  3.591065 -1.436426  0.000000 -2.154639 -2.154639  0.718213 -1.436426 -2.154639 -0.718213  0.000000 -0.718213 -2.154639 -1.436426 -1.436426
 33 G  33  0.000000 -1.436426  0.000000 -0.718213 -2.154639 -1.436426 -1.436426  4.309278 -1.436426 -2.872852 -2.872852 -1.436426 -2.154639 -2.154639 -1.436426  0.000000 -1.436426 -1.436426 -2.154639 -2.154639
 34 F  34 -1.436426 -2.154639 -2.154639 -2.154639 -1.436426 -2.154639 -2.154639 -2.154639 -0.718213  0.000000  0.000000 -2.154639  0.000000  4.309278 -2.872852 -1.436426 -1.436426  0.718213  2.154639 -0.718213
 35 K  35 -0.718213  1.436426  0.000000 -0.718213 -2.154639  0.718213  0.718213 -1.436426 -0.718213 -2.154639 -1.436426  3.591065 -0.718213 -2.154639 -0.718213  0.000000 -0.718213 -2.154639 -1.436426 -1.436426
 36 A  36  2.872852 -0.718213 -1.436426 -1.436426  0.000000 -0.718213 -0.718213  0.000000 -1.436426 -0.718213 -0.718213 -0.718213 -0.718213 -1.436426 -0.718213  0.718213  0.000000 -2.154639 -1.436426  0.000000
 37 W  37 -2.154639 -2.154639 -2.872852 -2.872852 -1.436426 -1.436426 -2.154639 -1.436426 -1.436426 -2.154639 -1.436426 -2.154639 -0.718213  0.718213 -2.872852 -2.154639 -1.436426  7.900344  1.436426 -2.154639
 38 T  38  0.000000 -0.718213  0.000000 -0.718213 -0.718213 -0.718213 -0.718213 -1.436426 -1.436426 -0.718213 -0.718213 -0.718213 -0.718213 -1.436426 -0.718213  0.718213  3.591065 -1.436426 -1.436426  0.000000
 39 P  39 -0.718213 -1.436426 -1.436426 -0.718213 -2.154639 -0.718213 -0.718213 -1.436426 -1.436426 -2.154639 -2.154639 -0.718213 -1.436426 -2.872852  5.027491 -0.718213 -0.718213 -2.872852 -2.154639 -1.436426
 40 L  40 -0.718213 -1.436426 -2.154639 -2.872852 -0.718213 -1.436426 -2.154639 -2.872852 -2.154639  1.436426  2.872852 -1.436426  1.436426  0.000000 -2.154639 -1.436426 -0.718213 -1.436426 -0.718213  0.718213
 41 D  41 -1.436426 -1.436426  0.718213  4.309278 -2.154639  0.000000  1.436426 -0.718213 -0.718213 -2.154639 -2.872852 -0.718213 -2.154639 -2.154639 -0.718213  0.000000 -0.718213 -2.872852 -2.154639 -2.154639
 42 T  42  0.000000 -0.718213  0.000000 -0.718213 -0.718213 -0.718213 -0.718213 -1.436426 -1.436426 -0.718213 -0.718213 -0.718213 -0.718213 -1.436426 -0.718213  0.718213  3.591065 -1.436426 -1.436426  0.000000
 43 K  43 -0.718213  1.436426  0.000000 -0.718213 -2.154639  0.718213  0.718213 -1.436426 -0.718213 -2.154639 -1.436426  3.591065 -0.718213 -2.154639 -0.718213  0.000000 -0.718213 -2.154639 -1.436426 -1.436426
 44 M  44 -0.718213 -0.718213 -1.436426 -2.154639 -0.718213  0.000000 -1.436426 -2.154639 -1.436426  0.718213  1.436426 -0.718213  3.591065  0.000000 -1.436426 -0.718213 -0.718213 -0.718213 -0.718213  0.718213
 45 A  45  2.872852 -0.718213 -1.436426 -1.436426  0.000000 -0.718213 -0.718213  0.000000 -1.436426 -0.718213 -0.718213 -0.718213 -0.718213 -1.436426 -0.718213  0.718213  0.000000 -2.154639 -1.436426  0.000000
 46 R  46 -0.718213  3.591065  0.000000 -1.436426 -2.154639  0.718213  0.000000 -1.436426  0.000000 -2.154639 -1.436426  1.436426 -0.718213 -2.154639 -1.436426 -0.718213 -0.718213 -2.154639 -1.436426 -2.154639
 47 Q  47 -0.718213  0.718213  0.000000  0.000000 -2.154639  3.591065  1.436426 -1.436426  0.000000 -2.154639 -1.436426  0.718213  0.000000 -2.154639 -0.718213  0.000000 -0.718213 -1.436426 -0.718213 -1.436426
 48 F  48 -1.436426 -2.154639 -2.154639 -2.154639 -1.436426 -2.154639 -2.154639 -2.154639 -0.718213  0.000000  0.000000 -2.154639  0.000000  4.309278 -2.872852 -1.436426 -1.436426  0.718213  2.154639 -0.718213
 49 A  49  2.872852 -0.718213 -1.436426 -1.436426  0.000000 -0.718213 -0.718213  0.000000 -1.436426 -0.718213 -0.718213 -0.718213 -0.718213 -1.436426 -0.718213  0.718213  0.000000 -2.154639 -1.436426  0.000000
 50 S  50  0.718213 -0.718213  0.718213  0.000000 -0.718213  0.000000  0.000000  0.000000 -0.718213 -1.436426 -1.436426  0.000000 -0.718213 -1.436426 -0.718213  2.872852  0.718213 -2.154639 -1.436426 -1.436426
 51 I  51 -0.718213 -2.154639 -2.154639 -2.154639 -0.718213 -2.154639 -2.154639 -2.872852 -2.154639  2.872852  1.436426 -2.154639  0.718213  0.000000 -2.154639 -1.436426 -0.718213 -2.154639 -0.718213  2.154639
 52 F  52 -1.436426 -2.154639 -2.154639 -2.154639 -1.436426 -2.154639 -2.154639 -2.154639 -0.718213  0.000000  0.000000 -2.154639  0.000000  4.309278 -2.872852 -1.436426 -1.436426  0.718213  2.154639 -0.718213
 53 I  53 -0.718213 -2.154639 -2.154639 -2.154639 -0.718213 -2.154639 -2.154639 -2.872852 -2.154639  2.872852  1.436426 -2.154639  0.718213  0.000000 -2.154639 -1.436426 -0.718213 -2.154639 -0.718213  2.154639
 54 G  54  0.000000 -1.436426  0.000000 -0.718213 -2.154639 -1.436426 -1.436426  4.309278 -1.436426 -2.872852 -2.872852 -1.436426 -2.154639 -2.154639 -1.436426  0.000000 -1.436426 -1.436426 -2.154639 -2.154639
 55 Q  55 -0.718213  0.718213  0.000000  0.000000 -2.154639  3.591065  1.436426 -1.436426  0.000000 -2.154639 -1.436426  0.718213  0.000000 -2.154639 -0.718213  0.000000 -0.718213 -1.436426 -0.718213 -1.436426
 56 K  56 -0.718213  1.436426  0.000000 -0.718213 -2.154639  0.718213  0.718213 -1.436426 -0.718213 -2.154639 -1.436426  3.591065 -0.718213 -2.154639 -0.718213  0.000000 -0.718213 -2.154639 -1.436426 -1.436426
 57 D  57 -1.436426 -1.436426  0.718213  4.309278 -2.154639  0.000000  1.436426 -0.718213 -0.718213 -2.154639 -2.872852 -0.718213 -2.154639 -2.154639 -0.718213  0.000000 -0.718213 -2.872852 -2.154639 -2.154639
 58 T  58  0.000000 -0.718213  0.000000 -0.718213 -0.718213 -0.718213 -0.718213 -1.436426 -1.436426 -0.718213 -0.718213 -0.718213 -0.718213 -1.436426 -0.718213  0.718213  3.591065 -1.436426 -1.436426  0.000000
 59 S  59  0.718213 -0.718213  0.718213  0.000000 -0.718213  0.000000  0.000000  0.000000 -0.718213 -1.436426 -1.436426  0.000000 -0.718213 -1.436426 -0.718213  2.872852  0.718213 -2.154639 -1.436426 -1.436426
 60 N  60 -1.436426  0.000000  4.309278  0.718213 -2.154639  0.000000  0.000000  0.000000  0.718213 -2.154639 -2.154639  0.000000 -1.436426 -2.154639 -1.436426  0.718213  0.000000 -2.872852 -1.436426 -2.154639
 61 L  61 -0.718213 -1.436426 -2.154639 -2.872852 -0.718213 -1.436426 -2.154639 -2.872852 -2.154639  1.436426  2.872852 -1.436426  1.436426  0.000000 -2.154639 -1.436426 -0.718213 -1.436426 -0.718213  0.718213
 62 P  62 -0.718213 -1.436426 -1.436426 -0.718213 -2.154639 -0.718213 -0.718213 -1.436426 -1.436426 -2.154639 -2.154639 -0.718213 -1.436426 -2.872852  5.027491 -0.718213 -0.718213 -2.872852 -2.154639 -1.436426
 63 K  63 -0.718213  1.436426  0.000000 -0.718213 -2.154639  0.718213  0.718213 -1.436426 -0.718213 -2.154639 -1.436426  3.591065 -0.718213 -2.154639 -0.718213  0.000000 -0.718213 -2.154639 -1.436426 -1.436426
 64 E  64 -0.718213  0.000000  0.000000  1.436426 -2.872852  1.436426  3.591065 -1.436426  0.000000 -2.154639 -2.154639  0.718213 -1.436426 -2.154639 -0.718213  0.000000 -0.718213 -2.154639 -1.436426 -1.436426
 65 T  65  0.000000 -0.718213  0.000000 -0.718213 -0.718213 -0.718213 -0.718213 -1.436426 -1.436426 -0.718213 -0.718213 -0.718213 -0.718213 -1.436426 -0.718213  0.718213  3.591065 -1.436426 -1.436426  0.000000
 66 V  66  0.000000 -2.154639 -2.154639 -2.154639 -0.718213 -1.436426 -1.436426 -2.154639 -2.154639  2.154639  0.718213 -1.436426  0.718213 -0.718213 -1.436426 -1.436426  0.000000 -2.154639 -0.718213  2.872852
 67 K  67 -0.718213  1.436426  0.000000 -0.718213 -2.154639  0.718213  0.718213 -1.436426 -0.718213 -2.154639 -1.436426  3.591065 -0.718213 -2.154639 -0.718213  0.000000 -0.718213 -2.154639 -1.436426 -1.436426
 68 N  68 -1.436426  0.000000  4.309278  0.718213 -2.154639  0.000000  0.000000  0.000000  0.718213 -2.154639 -2.154639  0.000000 -1.436426 -2.154639 -1.436426  0.718213  0.000000 -2.872852 -1.436426 -2.154639
 69 I  69 -0.718213 -2.154639 -2.154639 -2.154639 -0.718213 -2.154639 -2.154639 -2.872852 -2.154639  2.872852  1.436426 -2.154639  0.718213  0.000000 -2.154639 -1.436426 -0.718213 -2.154639 -0.718213  2.154639
 70 S  70  0.718213 -0.718213  0.718213  0.000000 -0.718213  0.000000  0.000000  0.000000 -0.718213 -1.436426 -1.436426  0.000000 -0.718213 -1.436426 -0.718213  2.872852  0.718213 -2.154639 -1.436426 -1.436426
 71 T  71  0.000000 -0.718213  0.000000 -0.718213 -0.718213 -0.718213 -0.718213 -1.436426 -1.436426 -0.718213 -0.718213 -0.718213 -0.718213 -1.436426 -0.718213  0.718213  3.591065 -1.436426 -1.436426  0.000000
 72 W  72 -2.154639 -2.154639 -2.872852 -2.872852 -1.436426 -1.436426 -2.154639 -1.436426 -1.436426 -2.154639 -1.436426 -2.154639 -0.718213  0.718213 -2.872852 -2.154639 -1.436426  7.900344  1.436426 -2.154639
 73 G  73  0.000000 -1.436426  0.000000 -0.718213 -2.154639 -1.436426 -1.436426  4.309278 -1.436426 -2.872852 -2.872852 -1.436426 -2.154639 -2.154639 -1.436426  0.000000 -1.436426 -1.436426 -2.154639 -2.154639
 74 A  74  2.872852 -0.718213 -1.436426 -1.436426  0.000000 -0.718213 -0.718213  0.000000 -1.436426 -0.718213 -0.718213 -0.718213 -0.718213 -1.436426 -0.718213  0.718213  0.000000 -2.154639 -1.436426  0.000000
 75 K  75 -0.718213  1.436426  0.000000 -0.718213 -2.154639  0.718213  0.718213 -1.436426 -0.718213 -2.154639 -1.436426  3.591065 -0.718213 -2.154639 -0.718213  0.000000 -0.718213 -2.154639 -1.436426 -1.436426
 76 P  76 -0.884021 -1.768041 -1.768041 -0.884021 -2.652062 -0.884021 -0.884021 -1.768041 -1.768041 -2.652062 -2.652062 -0.884021 -1.768041 -3.536082  6.188144 -0.884021 -0.884021 -3.536082 -2.652062 -1.768041
 77 K  77 -1.049828  1.436426  0.994845 -0.552405 -2.652062  0.718213  0.718213 -1.436426 -0.552405 -2.652062 -1.933849  3.591065 -1.049828 -2.652062 -1.049828  0.165808 -0.718213 -2.817869 -1.768041 -1.933849
 78 L  78 -0.884021 -1.436426 -2.154639 -2.541237 -1.381443 -1.104811 -1.325601 -3.204467 -2.154639  0.939003  2.375430 -1.270619  1.104811 -0.497423 -2.320447 -1.436426 -0.884021 -1.933849 -1.049828  0.386598
 79 K  79 -0.718213  0.939003 -0.497423 -1.215636 -2.320447  0.386598  0.386598 -1.933849 -1.215636 -1.657216 -1.270619  3.259450 -0.552405 -2.320447 -1.049828 -0.331615 -0.718213 -2.652062 -1.602234 -0.773196
 80 D  80 -1.768041 -1.768041  0.884021  5.304124 -2.652062  0.000000  1.768041 -0.884021 -0.884021 -2.652062 -3.536082 -0.884021 -2.652062 -2.652062 -0.884021  0.000000 -0.884021 -3.536082 -2.652062 -2.652062
 81 L  81 -0.884021 -1.933849 -2.652062 -3.370275 -0.884021 -1.933849 -2.652062 -3.536082 -2.652062  2.099656  3.204467 -1.933849  1.602234  0.000000 -2.652062 -1.768041 -0.884021 -1.933849 -0.884021  1.215636
 82 S  82  0.718213 -0.884021  0.718213 -0.165808 -0.884021 -0.165808 -0.165808 -0.331615 -1.049828 -1.602234 -1.602234 -0.165808 -0.884021 -1.768041 -0.884021  3.038660  1.547251 -2.486254 -1.768041 -1.436426
 83 N  83 -1.768041  0.000000  5.304124  0.884021 -2.652062  0.000000  0.000000  0.000000  0.884021 -2.652062 -2.652062  0.000000 -1.768041 -2.652062 -1.768041  0.884021  0.000000 -3.536082 -1.768041 -2.652062
 84 Y  84 -1.602234 -1.768041 -1.933849 -2.817869 -1.602234 -1.049828 -1.933849 -2.817869  0.939003 -0.386598 -0.054983 -1.768041 -0.386598  2.154639 -2.652062 -1.768041 -1.602234  1.104811  4.861684 -0.552405
 85 I  85 -0.718213 -2.652062 -2.652062 -2.652062 -0.884021 -2.486254 -2.486254 -3.370275 -2.652062  3.370275  1.602234 -2.486254  0.884021 -0.165808 -2.486254 -1.768041 -0.718213 -2.652062 -0.884021  2.817869
 86 K  86 -0.170962  1.502577 -0.331615 -1.165808 -2.502577  0.668385  0.668385 -1.668385 -1.165808 -2.668385 -1.834192  4.005155 -1.000000 -2.834192 -1.000000  0.165808 -0.834192 -3.000000 -2.000000 -1.668385
 87 Y  87 -1.138316 -1.220790 -1.668385 -2.552405 -1.933849 -0.668385 -1.386598 -2.486254  1.038660 -1.331615 -1.165808 -0.723368 -1.000000  1.425258 -2.436426 -1.320447 -1.602234  0.591065  4.463918 -1.049828
 88 T  88 -0.281787 -0.983677 -0.497423 -1.331615 -1.231959 -1.099656 -1.099656 -2.331615 -2.049828 -0.402921 -0.618557 -0.635739 -0.668385 -1.784364 -1.331615  0.386598  3.309278 -2.281787 -1.834192  0.265464
 89 K  89 -1.000000  2.497423  0.000000 -1.165808 -3.000000  1.000000  0.834192 -2.000000 -0.834192 -3.000000 -2.000000  4.502577 -1.000000 -3.000000 -1.165808 -0.165808 -1.000000 -3.000000 -2.000000 -2.165808
 90 D  90 -1.502577 -1.834192  1.000000  5.005155 -2.668385  0.000000  1.668385 -0.834192 -1.000000 -2.834192 -3.668385 -0.834192 -2.668385 -2.834192 -1.000000  0.663230 -0.668385 -3.834192 -2.834192 -2.834192
 91 K  91 -1.049828  1.204467  0.165808 -1.000000 -3.000000  0.486254  0.486254 -1.072165  0.376289 -3.115979 -2.397766  3.193299 -1.397766 -2.668385 -1.281787 -0.165808 -1.281787 -2.718213 -1.452749 -2.281787
 92 S  92  0.502577 -0.834192  1.000000 -0.165808 -1.331615  0.000000  0.000000 -0.331615  0.492268 -2.165808 -2.165808 -0.165808 -1.165808 -1.834192 -1.165808  3.170962  0.502577 -2.834192 -1.336770 -2.165808
 93 T  93  0.000000 -1.165808  0.000000 -1.000000 -1.331615 -1.165808 -1.165808 -0.673540 -2.000000 -1.497423 -1.497423 -1.165808 -1.331615 -2.165808 -1.165808  0.834192  3.839347 -2.000000 -2.165808 -0.497423
 94 V  94 -0.165808 -2.668385 -2.834192 -3.000000  0.159794 -1.784364 -2.231959 -3.000000 -2.834192  2.204467  0.933849 -1.950172  1.431271 -0.950172 -2.115979 -1.718213 -0.281787 -2.552405 -1.115979  2.922680
 95 W  95 -2.502577 -3.000000 -3.834192 -3.834192 -1.834192 -2.000000 -2.834192 -2.165808 -2.165808 -2.005155 -1.502577 -2.834192 -0.668385  0.668385 -3.668385 -2.834192 -1.668385  8.678694  1.502577 -1.839347
 96 V  96 -0.331615 -2.502577 -2.336770 -2.668385 -1.331615 -1.668385 -1.668385 -2.834192 -1.176117  2.005155  0.336770 -1.834192  0.502577 -1.000000 -2.000000 -1.834192 -0.331615 -2.834192 -0.502577  2.839347
 97 S  97  0.602234 -0.635739  0.220790 -0.729381 -1.231959 -0.215636 -0.331615 -0.729381 -1.215636 -1.286942 -1.502577 -0.099656 -0.668385 -1.950172 -1.281787  2.425258  0.602234 -3.000000 -1.834192 -1.121134
 98 T  98 -0.165808 -1.563574 -0.845361 -1.563574 -1.000000 -1.447595 -1.447595 -2.447595 -2.281787  0.292955 -0.270619 -1.447595 -0.436426 -1.552405 -1.447595  0.154639  3.425258 -2.281787 -1.718213  0.961340
 99 A  99  3.502577 -1.000000 -1.502577 -1.668385 -0.165808 -0.834192 -0.834192  0.000000 -1.834192 -1.165808 -1.165808 -0.834192 -1.000000 -2.000000 -1.000000  1.497423  0.165808 -3.000000 -2.000000 -0.331615
100 I 100 -0.668385 -2.204467 -1.988832 -2.154639 -1.231959 -1.574742 -1.922680 -3.104811 -2.320447  2.193299  0.872852 -2.038660  0.552405 -0.679553 -2.436426 -0.773196 -0.668385 -2.884021 -1.165808  1.591065
101 N 101 -2.000000  0.000000  6.000000  1.000000 -3.000000  0.000000  0.000000  0.000000  1.000000 -3.000000 -3.000000  0.000000 -2.000000 -3.000000 -2.000000  1.000000  0.000000 -4.000000 -2.000000 -3.000000
102 T 102 -0.347938 -1.231959 -0.463918 -1.347938 -1.115979 -1.115979 -1.231959 -2.000000 -2.000000 -1.231959 -1.115979 -1.231959 -1.000000 -1.652062 -1.347938  0.536082  4.188144 -0.492268 -1.536082 -0.347938
103 E 103 -0.884021 -0.331615 -0.331615  1.270619 -3.370275  1.270619  3.425258 -1.768041 -0.331615 -2.652062 -2.652062  0.552405 -1.768041 -2.817869  0.442440 -0.165808 -0.884021 -2.817869 -1.933849 -1.768041
104 A 104  3.502577 -1.000000 -1.502577 -1.668385 -0.165808 -0.834192 -0.834192  0.000000 -1.834192 -1.165808 -1.165808 -0.834192 -1.000000 -2.000000 -1.000000  1.497423  0.165808 -3.000000 -2.000000 -0.331615
105 G 105  0.000000 -2.000000  0.000000 -1.000000 -3.000000 -2.000000 -2.000000  6.000000 -2.000000 -4.000000 -4.000000 -2.000000 -3.000000 -3.000000 -2.000000  0.000000 -2.000000 -2.000000 -3.000000 -3.000000
106 G 106  0.000000 -2.000000  0.000000 -1.000000 -3.000000 -2.000000 -2.000000  6.000000 -2.000000 -4.000000 -4.000000 -2.000000 -3.000000 -3.000000 -2.000000  0.000000 -2.000000 -2.000000 -3.000000 -3.000000
107 Q 107 -1.000000  1.165808  0.000000 -0.165808 -3.000000  4.336770  1.834192 -2.000000 -0.165808 -3.000000 -2.000000  1.663230 -0.165808 -3.000000 -1.000000  0.000000 -1.000000 -2.165808 -1.165808 -2.000000
108 S 108  0.370275 -1.231959  0.254296 -0.629725 -1.115979 -0.397766 -0.513746 -0.563574 -1.281787 -1.950172 -1.834192 -0.513746 -1.000000 -1.652062 -1.347938  2.690722  1.315292 -1.210481 -1.536082 -1.784364
109 S 109  0.386598 -0.950172  1.713058  0.049828 -1.563574 -0.231959 -0.231959  0.695876 -0.784364 -2.397766 -2.397766 -0.231959 -1.397766 -2.281787 -1.281787  3.038660  0.486254 -3.049828 -2.115979 -2.281787
110 G 110  0.000000 -2.000000  0.000000 -1.000000 -3.000000 -2.000000 -2.000000  6.000000 -2.000000 -4.000000 -4.000000 -2.000000 -3.000000 -3.000000 -2.000000  0.000000 -2.000000 -2.000000 -3.000000 -3.000000
111 A 111  2.591065 -0.933849 -1.933849 -2.099656 -0.513746 -0.469931 -0.983677 -0.895189 -1.933849 -0.734536 -0.286942 -0.933849 -0.386598 -1.784364 -1.331615  0.386598 -0.281787 -2.718213 -1.718213 -0.066151
112 P 112 -0.834192 -1.950172 -1.784364 -1.231959 -2.436426 -1.231959 -1.231959 -2.231959 -2.115979 -1.856529 -2.088488 -1.231959 -1.486254 -3.204467  4.513746 -0.784364 -0.005155 -3.552405 -2.602234 -1.088488
113 L 113 -1.165808 -2.115979 -2.336770 -2.225945 -1.331615 -1.784364 -2.170962 -3.502577 -2.668385  1.402921  2.441581 -1.950172  1.054983 -0.497423 -2.668385 -1.668385 -1.000000 -2.447595 -1.331615  0.568729
114 H 114 -1.884021 -0.729381 -0.011168 -1.331615 -2.834192 -0.613402 -0.613402 -2.165808  5.347938 -2.502577 -2.502577 -1.331615 -1.668385 -0.187285 -1.287801 -1.165808 -1.884021 -1.734536  1.585911 -2.552405
115 K 115 -1.000000  2.845361  0.000000 -1.281787 -3.000000  1.000000  0.718213 -2.000000 -0.718213 -3.000000 -2.000000  4.154639 -1.000000 -3.000000 -1.281787 -0.281787 -1.000000 -3.000000 -2.000000 -2.281787
116 I 116 -1.165808 -2.502577 -1.507732 -2.336770 -1.331615 -2.502577 -2.502577 -3.336770 -2.336770  2.839347  1.170962 -2.502577  0.502577 -0.497423 -2.834192 -1.502577 -0.834192 -3.165808 -1.165808  2.005155
117 D 117 -1.768041 -2.000000  0.884021  5.188144 -3.000000 -0.231959  1.536082 -0.188144 -1.115979 -3.115979 -4.000000 -1.115979 -3.000000 -3.000000 -1.115979  0.000000 -1.115979 -3.768041 -3.000000 -3.000000
118 M 118 -1.165808 -1.165808 -1.502577 -1.507732 -1.331615  0.000000 -1.336770 -2.668385 -1.834192  0.336770  1.005155 -1.000000  3.673540 -0.497423 -1.834192 -0.834192 -1.000000 -1.497423 -1.331615  0.336770
119 D 119 -1.718213 -1.270619  0.718213  4.541237 -3.115979  1.060997  2.347938 -1.281787 -0.718213 -3.000000 -3.552405 -0.436426 -2.386598 -3.000000 -1.000000  0.000000 -1.000000 -3.552405 -2.552405 -2.718213
120 L 120 -1.049828 -2.281787 -3.000000 -3.718213 -1.165808 -2.165808 -2.884021 -3.718213 -2.668385  1.784364  2.988832 -2.165808  1.552405  0.878866 -3.049828 -2.000000 -1.049828 -1.618557 -0.336770  1.016323
121 Y 121 -1.884021 -1.884021 -2.000000 -3.000000 -1.884021 -0.884021 -2.000000 -3.000000  1.536082 -0.768041 -0.652062 -1.884021 -0.304124  2.652062 -2.884021 -1.884021 -1.884021  1.652062  6.072165 -0.768041
122 E 122 -1.049828 -0.679553 -0.182131  2.083333 -3.486254  1.204467  3.690722 -1.950172 -0.513746 -2.304124 -2.701890  0.320447 -1.817869 -2.768041 -1.115979 -0.231959 -0.884021 -3.165808 -2.049828 -1.469931
123 F 123 -0.806701 -2.436426 -2.220790 -2.386598 -1.602234 -2.270619 -2.270619 -2.154639 -1.115979 -0.447595 -0.447595 -2.270619 -0.281787  3.745704 -3.154639 -0.657216 -1.270619 -0.127148  1.591065 -1.049828
124 A 124  3.304124 -1.231959 -2.115979 -2.115979 -0.231959 -1.231959 -1.231959 -0.347938 -1.884021 -0.884021 -0.884021 -1.231959 -0.884021 -1.072165 -1.347938  0.652062 -0.231959 -2.536082 -1.420103 -0.115979
125 I 125 -1.000000 -3.000000 -3.000000 -3.000000 -1.000000 -3.000000 -3.000000 -4.000000 -3.000000  4.000000  2.000000 -3.000000  1.000000  0.000000 -3.000000 -2.000000 -1.000000 -3.000000 -1.000000  3.000000
126 D 126 -1.668385 -2.000000  0.834192  4.839347 -3.000000 -0.331615  1.336770  0.160653 -1.165808 -3.165808 -4.000000 -1.165808 -3.000000 -3.000000 -1.165808  0.000000 -1.165808 -3.668385 -3.000000 -3.000000
127 G 127  0.000000 -2.000000  0.000000 -1.000000 -3.000000 -2.000000 -2.000000  6.000000 -2.000000 -4.000000 -4.000000 -2.000000 -3.000000 -3.000000 -2.000000  0.000000 -2.000000 -2.000000 -3.000000 -3.000000
128 Q 128 -1.115979  0.486254  0.115979  1.027491 -3.165808  3.922680  2.497423 -1.884021 -0.115979 -3.000000 -2.397766  0.768041 -0.679553 -3.000000 -1.000000  0.000000 -1.000000 -2.397766 -1.397766 -2.115979
129 K 129 -0.834192  0.872852 -0.231959 -1.000000 -3.000000  0.270619  0.270619 -0.673540 -1.281787 -3.165808 -2.447595  3.143471 -1.447595 -3.115979 -0.237973 -0.115979 -1.165808 -2.950172 -2.281787 -2.165808
130 L 130 -1.115979 -2.000000 -2.536082 -2.840206 -1.231959 -1.768041 -2.420103 -3.652062 -2.768041  1.420103  3.072165 -1.884021  1.420103 -0.347938 -2.768041 -1.768041 -1.000000 -2.231959 -1.231959  0.536082
131 N 131 -1.884021  0.579897  5.304124  0.652062 -3.000000  0.115979  0.000000 -0.231959  0.884021 -3.000000 -2.884021  0.231959 -1.884021 -3.000000 -2.000000  0.768041 -0.115979 -3.884021 -2.000000 -3.000000
132 P 132 -1.000000 -2.000000 -2.000000 -1.000000 -3.000000 -1.000000 -1.000000 -2.000000 -2.000000 -3.000000 -3.000000 -1.000000 -2.000000 -4.000000  7.000000 -1.000000 -1.000000 -4.000000 -3.000000 -2.000000
133 L 133 -1.000000 -2.000000 -3.000000 -4.000000 -1.000000 -2.000000 -3.000000 -4.000000 -3.000000  2.000000  4.000000 -2.000000  2.000000  0.000000 -3.000000 -2.000000 -1.000000 -2.000000 -1.000000  1.000000
134 P 134 -0.718213 -2.281787 -2.281787 -1.563574 -2.436426 -1.281787 -1.281787 -2.281787 -2.281787 -1.309278 -1.872852 -1.281787 -1.154639 -3.154639  4.463918 -1.281787 -0.718213 -3.718213 -2.436426 -0.309278
135 E 135 -0.552405 -0.281787  0.165808  1.320447 -3.154639  1.320447  3.475086 -1.668385 -0.397766 -2.602234 -2.602234  0.602234 -1.718213 -2.718213 -1.000000  0.779210  0.027491 -2.884021 -2.000000 -1.768041
136 G 136  0.000000 -2.000000  0.000000 -1.000000 -3.000000 -2.000000 -2.000000  6.000000 -2.000000 -4.000000 -4.000000 -2.000000 -3.000000 -3.000000 -2.000000  0.000000 -2.000000 -2.000000 -3.000000 -3.000000
137 R 137 -0.884021  3.574742 -0.347938 -1.950172 -2.768041  0.652062 -0.066151 -2.115979 -0.513746 -2.304124 -1.652062  2.033505 -0.768041 -2.768041 -1.834192 -0.950172 -0.884021 -3.000000 -1.884021 -2.022337
138 T 138  0.000000 -1.397766 -0.347938 -1.231959 -1.331615 -1.281787 -1.281787 -0.789519 -2.115979 -1.033505 -1.265464 -1.281787 -1.099656 -2.049828 -1.281787  0.486254  3.259450 -2.115979 -2.049828 -0.033505
139 K 139 -0.668385  1.038660 -0.066151 -0.834192 -2.668385  0.602234  0.602234 -1.668385 -1.115979 -2.834192 -2.115979  3.475086 -1.115979 -2.950172 -0.072165  0.547251 -0.668385 -3.115979 -2.115979 -2.000000
140 N 140 -1.834192 -0.497423  4.507732  0.336770 -2.668385 -0.497423 -0.497423 -0.663230  0.336770 -1.839347 -2.170962 -0.497423 -1.502577 -2.502577 -2.165808  0.502577 -0.165808 -3.834192 -1.834192 -2.005155
141 M 141 -0.834192 -1.447595 -2.165808 -2.768041 -1.231959 -0.447595 -1.884021 -2.884021 -2.165808  0.867698  1.254296 -1.165808  3.524914 -0.629725 -0.956186 -1.165808 -0.834192 -1.679553 -1.231959  1.149485
142 V 142 -0.281787 -2.254296 -2.652062 -2.933849 -1.231959 -1.652062 -1.817869 -3.049828 -2.768041  2.138316  1.149485 -1.188144  0.933849 -1.066151 -2.049828 -1.768041 -0.281787 -2.834192 -1.115979  2.806701
143 P 143 -1.115979 -1.768041 -1.072165 -0.768041 -3.000000 -0.884021 -0.884021 -1.768041 -1.652062 -3.000000 -3.000000 -0.884021 -2.000000 -3.884021  5.956186 -0.768041 -0.884021 -4.000000 -2.884021 -2.115979
144 S 144  1.016323 -1.165808  0.154639 -0.397766 -1.215636 -0.281787 -0.281787 -0.331615 -1.281787 -2.049828 -2.049828 -0.281787 -1.165808 -2.331615  0.326460  2.823024  0.552405 -3.165808 -2.165808 -1.768041
145 L 145 -0.884021 -2.115979 -3.000000 -3.884021 -1.000000 -2.000000 -2.884021 -3.884021 -3.000000  2.115979  3.652062 -2.000000  1.884021 -0.115979 -2.884021 -2.000000 -0.884021 -2.115979 -1.000000  1.347938
146 L 146 -1.000000 -2.000000 -2.884021 -3.652062 -1.231959 -1.884021 -2.768041 -3.768041 -2.884021  1.420103  3.188144 -1.884021  1.536082 -0.463918 -1.840206 -1.884021 -1.000000 -2.231959 -1.231959  0.652062
147 L 147 -0.950172 -2.165808 -2.884021 -3.718213 -1.115979 -1.884021 -2.718213 -3.718213 -2.420103  1.817869  2.922680 -2.000000  1.486254  0.182131 -2.834192 -2.000000 -0.950172 -1.701890 -0.072165  1.265464
148 D 148 -1.668385 -1.834192  0.834192  4.839347 -2.668385 -0.165808  1.502577 -1.165808 -1.165808 -2.668385 -3.502577 -1.000000 -2.668385 -2.834192 -1.000000  0.165808 -0.005155 -3.668385 -2.834192 -2.502577
149 T 149 -0.447595 -1.281787 -0.679553 -1.679553 -1.165808 -1.115979 -1.397766 -2.397766 -1.452749 -0.652062 -0.420103 -1.281787 -0.652062 -0.939003 -1.563574  0.154639  3.143471 -1.336770 -0.391753 -0.049828
150 P 150 -1.000000 -2.000000 -2.000000 -1.000000 -3.000000 -1.000000 -1.000000 -2.000000 -2.000000 -3.000000 -3.000000 -1.000000 -2.000000 -4.000000  7.000000 -1.000000 -1.000000 -4.000000 -3.000000 -2.000000
151 Q 151 -1.049828  0.270619 -0.331615 -0.613402 -2.602234  3.309278  0.988832 -2.165808  0.099656 -2.436426 -1.718213  0.270619 -0.281787 -1.889175 -1.331615 -0.215636 -0.469931 -1.336770  0.210481 -1.602234
152 I 152 -0.950172 -2.486254 -1.458763 -2.204467 -1.563574 -2.486254 -2.486254 -1.878007 -2.370275  1.861684  0.425258 -2.486254 -0.011168 -0.845361 -2.718213 -1.320447 -1.049828 -2.950172 -1.447595  1.309278
153 E 153 -0.834192 -0.099656  0.000000  1.154639 -3.718213  1.220790  3.375430 -0.673540 -0.447595 -3.165808 -3.049828  0.966495 -2.049828 -3.000000 -1.165808  0.000000 -1.165808 -2.834192 -2.165808 -2.165808
154 T 154  0.165808 -1.000000  0.165808 -0.834192 -1.000000 -0.834192 -0.834192 -1.668385 -1.834192 -1.165808 -1.165808 -0.834192 -1.000000 -2.000000 -1.000000  1.497423  4.336770 -2.165808 -2.000000 -0.331615
155 S 155  0.270619 -0.983677  0.220790 -0.613402 -1.397766 -0.381443 -0.381443 -0.729381 -1.000000 -1.784364 -1.668385  0.082474 -0.834192 -0.789519 -1.497423  2.541237  0.270619 -2.336770 -1.170962 -1.834192
156 S 156  1.497423 -1.000000  0.502577 -0.331615 -0.834192 -0.165808 -0.165808  0.000000 -1.165808 -1.834192 -1.834192 -0.165808 -1.000000 -2.000000 -1.000000  3.502577  0.834192 -3.000000 -2.000000 -1.668385
157 I 157 -0.718213 -3.000000 -3.000000 -3.000000 -1.000000 -2.718213 -2.718213 -3.718213 -3.000000  3.718213  1.718213 -2.718213  1.000000 -0.281787 -2.718213 -2.000000 -0.718213 -3.000000 -1.000000  3.281787
158 I 158 -0.950172 -2.668385 -2.502577 -2.668385 -1.115979 -2.668385 -2.668385 -3.552405 -2.602234  2.707045  1.270619 -2.668385  0.552405  0.364261 -2.784364 -1.502577 -0.121134 -2.370275 -0.701890  2.038660
159 A 159  2.756873 -0.635739 -1.933849 -2.165808 -0.513746 -0.933849 -1.049828 -0.729381 -1.933849 -0.568729 -0.784364 -0.817869 -0.668385 -1.950172 -1.281787  0.270619 -0.115979 -3.000000 -1.834192  0.315292
160 L 160 -0.884021 -1.386598 -2.154639 -2.988832 -1.331615 -0.723368 -1.939003 -3.436426 -2.386598  0.823024  2.425258 -1.386598  1.320447 -0.729381 -2.436426 -1.320447 -0.304124 -2.000000 -1.115979  0.386598
161 N 161 -2.000000  0.000000  6.000000  1.000000 -3.000000  0.000000  0.000000  0.000000  1.000000 -3.000000 -3.000000  0.000000 -2.000000 -3.000000 -2.000000  1.000000  0.000000 -4.000000 -2.000000 -3.000000
162 H 162 -1.768041  0.000000  0.884021 -0.884021 -2.652062  0.000000  0.000000 -1.768041  7.072165 -2.652062 -2.652062 -0.884021 -1.768041 -0.884021 -1.768041 -0.884021 -1.768041 -1.768041  1.768041 -2.652062
163 G 163  0.000000 -1.768041  0.000000 -0.884021 -2.652062 -1.768041 -1.768041  5.304124 -1.768041 -3.536082 -3.536082 -1.768041 -2.652062 -2.652062 -1.768041  0.000000 -1.768041 -1.768041 -2.652062 -2.652062
164 P 164 -0.884021 -1.768041 -1.768041 -0.884021 -2.652062 -0.884021 -0.884021 -1.768041 -1.768041 -2.652062 -2.652062 -0.884021 -1.768041 -3.536082  6.188144 -0.884021 -0.884021 -3.536082 -2.652062 -1.768041
165 V 165 -0.165808 -2.652062 -2.652062 -2.652062 -0.884021 -1.933849 -1.933849 -2.817869 -2.652062  2.817869  1.049828 -1.933849  0.884021 -0.718213 -1.933849 -1.768041 -0.165808 -2.652062 -0.884021  3.370275
166 N 166 -1.768041 -0.331615  4.475086  1.713058 -2.652062  0.000000  0.331615 -0.165808  0.552405 -2.652062 -2.817869 -0.165808 -1.933849 -2.652062 -1.602234  0.718213 -0.165808 -3.536082 -1.933849 -2.652062
167 D 167 -1.436426 -1.436426  0.718213  4.309278 -2.154639  0.000000  1.436426 -0.718213 -0.718213 -2.154639 -2.872852 -0.718213 -2.154639 -2.154639 -0.718213  0.000000 -0.718213 -2.872852 -2.154639 -2.154639
168 A 168  2.872852 -0.718213 -1.436426 -1.436426  0.000000 -0.718213 -0.718213  0.000000 -1.436426 -0.718213 -0.718213 -0.718213 -0.718213 -1.436426 -0.718213  0.718213  0.000000 -2.154639 -1.436426  0.000000
169 E 169 -0.718213  0.000000  0.000000  1.436426 -2.872852  1.436426  3.591065 -1.436426  0.000000 -2.154639 -2.154639  0.718213 -1.436426 -2.154639 -0.718213  0.000000 -0.718213 -2.154639 -1.436426 -1.436426
170 I 170 -0.718213 -2.154639 -2.154639 -2.154639 -0.718213 -2.154639 -2.154639 -2.872852 -2.154639  2.872852  1.436426 -2.154639  0.718213  0.000000 -2.154639 -1.436426 -0.718213 -2.154639 -0.718213  2.154639
171 S 171  0.718213 -0.718213  0.718213  0.000000 -0.718213  0.000000  0.000000  0.000000 -0.718213 -1.436426 -1.436426  0.000000 -0.718213 -1.436426 -0.718213  2.872852  0.718213 -2.154639 -1.436426 -1.436426
172 F 172 -1.436426 -2.154639 -2.154639 -2.154639 -1.436426 -2.154639 -2.154639 -2.154639 -0.718213  0.000000  0.000000 -2.154639  0.000000  4.309278 -2.872852 -1.436426 -1.436426  0.718213  2.154639 -0.718213
173 L 173 -0.718213 -1.436426 -2.154639 -2.872852 -0.718213 -1.436426 -2.154639 -2.872852 -2.154639  1.436426  2.872852 -1.436426  1.436426  0.000000 -2.154639 -1.436426 -0.718213 -1.436426 -0.718213  0.718213
174 T 174  0.000000 -0.718213  0.000000 -0.718213 -0.718213 -0.718213 -0.718213 -1.436426 -1.436426 -0.718213 -0.718213 -0.718213 -0.718213 -1.436426 -0.718213  0.718213  3.591065 -1.436426 -1.436426  0.000000
175 T 175  0.000000 -0.718213  0.000000 -0.718213 -0.718213 -0.718213 -0.718213 -1.436426 -1.436426 -0.718213 -0.718213 -0.718213 -0.718213 -1.436426 -0.718213  0.718213  3.591065 -1.436426 -1.436426  0.000000
176 I 176 -0.718213 -2.154639 -2.154639 -2.154639 -0.718213 -2.154639 -2.154639 -2.872852 -2.154639  2.872852  1.436426 -2.154639  0.718213  0.000000 -2.154639 -1.436426 -0.718213 -2.154639 -0.718213  2.154639
177 P 177 -0.718213 -1.436426 -1.436426 -0.718213 -2.154639 -0.718213 -0.718213 -1.436426 -1.436426 -2.154639 -2.154639 -0.718213 -1.436426 -2.872852  5.027491 -0.718213 -0.718213 -2.872852 -2.154639 -1.436426
178 L 178 -0.718213 -1.436426 -2.154639 -2.872852 -0.718213 -1.436426 -2.154639 -2.872852 -2.154639  1.436426  2.872852 -1.436426  1.436426  0.000000 -2.154639 -1.436426 -0.718213 -1.436426 -0.718213  0.718213
179 K 179 -0.718213  1.436426  0.000000 -0.718213 -2.154639  0.718213  0.718213 -1.436426 -0.718213 -2.154639 -1.436426  3.591065 -0.718213 -2.154639 -0.718213  0.000000 -0.718213 -2.154639 -1.436426 -1.436426
180 N 180 -1.436426  0.000000  4.309278  0.718213 -2.154639  0.000000  0.000000  0.000000  0.718213 -2.154639 -2.154639  0.000000 -1.436426 -2.154639 -1.436426  0.718213  0.000000 -2.872852 -1.436426 -2.154639
181 V 181  0.000000 -2.154639 -2.154639 -2.154639 -0.718213 -1.436426 -1.436426 -2.154639 -2.154639  2.154639  0.718213 -1.436426  0.718213 -0.718213 -1.436426 -1.436426  0.000000 -2.154639 -0.718213  2.872852
182 K 182 -0.718213  1.436426  0.000000 -0.718213 -2.154639  0.718213  0.718213 -1.436426 -0.718213 -2.154639 -1.436426  3.591065 -0.718213 -2.154639 -0.718213  0.000000 -0.718213 -2.154639 -1.436426 -1.436426
183 P 183 -0.718213 -1.436426 -1.436426 -0.718213 -2.154639 -0.718213 -0.718213 -1.436426 -1.436426 -2.154639 -2.154639 -0.718213 -1.436426 -2.872852  5.027491 -0.718213 -0.718213 -2.872852 -2.154639 -1.436426
184 H 184 -1.436426  0.000000  0.718213 -0.718213 -2.154639  0.000000  0.000000 -1.436426  5.745704 -2.154639 -2.154639 -0.718213 -1.436426 -0.718213 -1.436426 -0.718213 -1.436426 -1.436426  1.436426 -2.154639
185 K 185 -0.718213  1.436426  0.000000 -0.718213 -2.154639  0.718213  0.718213 -1.436426 -0.718213 -2.154639 -1.436426  3.591065 -0.718213 -2.154639 -0.718213  0.000000 -0.718213 -2.154639 -1.436426 -1.436426
186 R 186 -0.718213  3.591065  0.000000 -1.436426 -2.154639  0.718213  0.000000 -1.436426  0.000000 -2.154639 -1.436426  1.436426 -0.718213 -2.154639 -1.436426 -0.718213 -0.718213 -2.154639 -1.436426 -2.154639
187 G 187  0.000000 -0.764605  0.000000 -0.382302 -1.146907 -0.764605 -0.764605  2.293814 -0.764605 -1.529210 -1.529210 -0.764605 -1.146907 -1.146907 -0.764605  0.000000 -0.764605 -0.764605 -1.146907 -1.146907
188 T 188  0.000000 -0.382302  0.000000 -0.382302 -0.382302 -0.382302 -0.382302 -0.764605 -0.764605 -0.382302 -0.382302 -0.382302 -0.382302 -0.764605 -0.382302  0.382302  1.911512 -0.764605 -0.764605  0.000000
189 L 189 -0.382302 -0.764605 -1.146907 -1.529210 -0.382302 -0.764605 -1.146907 -1.529210 -1.146907  0.764605  1.529210 -0.764605  0.764605  0.000000 -1.146907 -0.764605 -0.382302 -0.764605 -0.382302  0.382302
190 E 190 -0.382302  0.000000  0.000000  0.764605 -1.529210  0.764605  1.911512 -0.764605  0.000000 -1.146907 -1.146907  0.382302 -0.764605 -1.146907 -0.382302  0.000000 -0.382302 -1.146907 -0.764605 -0.764605
191 V 191  0.000000 -1.146907 -1.146907 -1.146907 -0.382302 -0.764605 -0.764605 -1.146907 -1.146907  1.146907  0.382302 -0.764605  0.382302 -0.382302 -0.764605 -0.764605  0.000000 -1.146907 -0.382302  1.529210
192 L 192 -0.382302 -0.764605 -1.146907 -1.529210 -0.382302 -0.764605 -1.146907 -1.529210 -1.146907  0.764605  1.529210 -0.764605  0.764605  0.000000 -1.146907 -0.764605 -0.382302 -0.764605 -0.382302  0.382302
193 F 193 -0.764605 -1.146907 -1.146907 -1.146907 -0.764605 -1.146907 -1.146907 -1.146907 -0.382302  0.000000  0.000000 -1.146907  0.000000  2.293814 -1.529210 -0.764605 -0.764605  0.382302  1.146907 -0.382302
194 Q 194 -0.382302  0.382302  0.000000  0.000000 -1.146907  1.911512  0.764605 -0.764605  0.000000 -1.146907 -0.764605  0.382302  0.000000 -1.146907 -0.382302  0.000000 -0.382302 -0.764605 -0.382302 -0.764605
