  149         A         R         N         D         C         Q         E         G         H         I         L         K         M         F         P         S         T         W         Y         V    
  1 M   1 -0.080982 -0.102625 -0.183607 -0.264589 -0.080982 -0.043286 -0.183607 -0.264589 -0.183607  0.102625  0.205250 -0.102625  0.339981  0.000000 -0.183607 -0.102625 -0.080982 -0.102625 -0.080982  0.080982
  2 S   2 -0.426921 -0.368431  0.065271  1.193452 -1.635775  0.501404  1.608356 -0.757010 -0.285485 -1.347261 -1.476271  0.077763 -1.033066 -1.428013 -0.525584  0.128096 -0.345722 -1.634052 -1.137188 -1.014495
  3 A   3 -0.471237  0.343798  0.053067  0.241052 -1.726849  1.873904  1.321763 -0.929122 -0.083492 -1.615870 -1.271328  0.479171 -0.390350 -1.618735 -0.605951  0.084337 -0.495460 -1.340061 -0.806528 -1.122787
  4 T   4 -0.519668 -0.848799 -1.140293 -1.149451 -1.087973 -0.696326 -0.595262 -1.879817 -1.270249  0.675333  0.266977 -0.517446  0.211638 -0.700352 -1.323273 -0.754108 -0.463614 -1.718025 -0.821095  0.631966
  5 R   5  0.181488 -0.016771 -0.243291 -0.060131 -1.471357  0.611475  0.789265 -0.824208 -0.552265 -1.406766 -1.276199  0.287857 -0.716711 -1.659130 -0.796106  0.249794 -0.336223 -1.893976 -1.217053 -0.922969
  6 A   6 -0.626224 -0.309180  0.096658  1.070628 -2.368407  0.771503  2.110088 -0.671840 -0.155468 -1.953162 -2.006286  0.211592 -1.340157 -1.926736 -0.806399  0.002753 -0.692842 -1.995386 -1.381157 -1.401481
  7 N   7 -0.925644 -1.714340 -1.956204 -2.312794 -0.939145 -1.618788 -1.977688 -2.456040 -1.331737  1.035403  1.231514 -1.708259  0.682643  1.341717 -2.247345 -1.333877 -0.937032 -0.695961  0.588426  0.459926
  8 K   8 -0.686513  1.612930 -0.129189 -0.952180 -1.975794  0.703605  0.350407 -1.431947 -0.387486 -1.890940 -1.264244  2.123343 -0.600059 -1.839485 -1.030413 -0.283841 -0.699685 -1.862068 -1.089922 -1.474243
  9 D   9 -0.578613 -0.018604  0.019590  1.095242 -2.402311  1.044219  2.390129 -1.235063 -0.246299 -1.943720 -1.926124  0.572694 -1.244374 -2.016453 -0.783512  0.019176 -0.582656 -2.131788 -1.422396 -1.363540
 10 I  10  1.868116 -0.925329 -1.477568 -1.600457 -0.119023 -0.774585 -0.967636 -0.635797 -1.541051 -0.211764 -0.256858 -0.858966 -0.054408 -1.155169 -0.981392  0.261707 -0.045775 -1.959253 -1.268869  0.326800
 11 F  11 -1.436441 -2.175652 -2.180920 -2.187904 -1.436441 -2.171032 -2.180920 -2.203222 -0.761635  0.067188  0.044183 -2.175652  0.032854  4.242418 -2.888848 -1.454122 -1.436441  0.656057  2.110058 -0.656705
 12 T  12 -0.290928  0.149411  0.278441  0.052891 -1.514132  0.413510  0.405700 -0.897530 -0.541130 -1.665445 -1.463399  0.428951 -0.805821 -1.806193 -0.992962  0.460088 -0.203887 -2.122681 -1.399550 -1.372001
 13 L  13 -0.605261 -1.059526 -1.430477 -1.938182 -1.059584 -0.818260 -1.201122 -2.215014 -1.401454  0.533261  1.098687 -0.966083  0.790234 -0.346547 -1.772691 -0.927285 -0.608073 -1.448986 -0.519883  0.322729
 14 F  14 -1.281516 -2.034800 -2.103751 -2.208075 -1.311162 -1.929136 -2.083536 -2.261694 -0.882314  0.340989  0.277137 -2.012592  0.339420  3.362799 -2.666013 -1.397301 -1.287241  0.281968  1.714752 -0.261819
 15 D  15 -1.439346 -1.439110  0.722299  4.290363 -2.189914  0.005489  1.442371 -0.729319 -0.730196 -2.177836 -2.896766 -0.720029 -2.167608 -2.189940 -0.741478 -0.001646 -0.720977 -2.912507 -2.178681 -2.165351
 16 K  16 -0.341362  0.639314 -0.148161 -0.842458 -1.590427  0.218748  0.039487 -1.385329 -0.847326 -1.432971 -1.056232  1.248755 -0.538947 -1.771775 -0.871412  0.129885  0.370379 -1.962816 -1.357622 -0.924804
 17 K  17 -1.238732 -0.792440  1.133892  2.785154 -2.139659  0.109378  1.105181 -0.728853 -0.464671 -2.069790 -2.484715 -0.273339 -1.788127 -2.134101 -0.892655  0.130159 -0.416730 -2.727741 -1.902520 -1.946729
 18 G  18 -0.361501 -0.475683  0.628650 -0.474039 -2.009944 -0.536535 -0.622057  1.896676 -0.774323 -2.483047 -2.342012 -0.333059 -1.607622 -2.127931 -1.244864  0.132802 -0.952514 -1.884457 -1.791661 -1.957062
 19 Q  19 -0.712326 -0.883216  1.047168  2.039785 -1.713603  0.000731  0.689566 -0.490525 -0.576295 -1.877688 -2.190575 -0.328122 -1.514817 -1.932843 -0.855318  0.887059  0.023109 -2.556145 -1.792476 -1.788639
 20 G  20 -0.041512 -1.371205  0.037709 -0.693219 -2.147795 -1.336485 -1.338261  4.030886 -1.381519 -2.850402 -2.835335 -1.357313 -2.089820 -2.168479 -1.451168  0.014951 -1.401836 -1.507344 -2.129972 -2.146701
 21 A  21 -0.420482 -0.330776 -0.566509 -1.122714 -1.023602 -0.361421 -0.582289 -1.503962 -0.583095 -1.059254 -0.856830 -0.032832 -0.543525 -0.553444 -1.343856 -0.055725  0.172037 -1.210984 -0.178167 -0.801490
 22 I  22 -0.681668 -2.156307 -2.186029 -2.219903 -0.732493 -2.109508 -2.148689 -2.876687 -2.190352  2.806606  1.465323 -2.116977  0.779955 -0.046159 -2.150850 -1.442214 -0.691000 -2.165297 -0.739320  2.160416
 23 A  23 -0.172371 -0.757748  0.386657  0.357132 -1.214462 -0.273587  0.005543 -0.819248 -0.904678 -1.368970 -1.449228 -0.413634 -1.053748 -1.689929 -0.738075  0.907470  1.346886 -2.034736 -1.550652 -0.981522
 24 K  24 -0.116274 -0.973936 -1.157800 -1.549818 -0.890755 -0.809762 -1.033344 -1.608652 -0.977531 -0.256604 -0.322228 -0.764438 -0.247090 -0.358592 -1.295511 -0.394963 -0.008741 -1.284649 -0.084077 -0.021469
 25 D  25 -0.447829  0.079848  0.098198  0.375349 -1.989706  0.489206  0.991322 -0.925600 -0.274050 -1.901187 -1.748900  0.735211 -1.098285 -1.927896 -0.835884  0.223907 -0.482087 -2.174342 -1.384142 -1.459152
 26 S  26 -0.788507 -0.119584  0.116344  1.504975 -2.694518  1.402990  2.980068 -1.361360 -0.105479 -2.132091 -2.137987  0.543003 -1.344625 -2.138535 -0.768777  0.056143 -0.683027 -2.202948 -1.442248 -1.513872
 27 L  27 -0.711636 -1.581449 -2.187057 -2.796415 -0.479442 -1.542793 -2.191953 -2.830719 -2.108966  1.380755  2.459853 -1.557116  1.272383  0.132020 -2.200633 -1.421832 -0.739733 -1.404504 -0.606041  0.742897
 28 G  28 -0.234783  0.074322 -0.089216 -0.746583 -1.913984 -0.253517 -0.305473  0.855974 -0.824219 -2.213007 -1.934046  0.450751 -1.284588 -2.024365 -1.173688 -0.056450 -0.934586 -1.870464 -1.626728 -1.652411
 29 D  29 -0.193036 -0.770666 -0.343468 -0.154775 -1.356969 -0.197438 -0.014682 -1.219549 -0.782534 -0.791666 -1.067543 -0.508258 -0.709800 -1.456922 -1.045561 -0.032315  0.273611 -2.027228 -1.155934 -0.375914
 30 Y  30  0.521599 -1.600460 -1.678503 -1.898508 -0.507966 -1.264038 -1.441521 -1.036754 -1.860596  0.624960  0.158528 -1.308676  0.190209 -0.916226 -1.440868 -0.633481 -0.295121 -1.914524 -1.064126  1.048389
 31 L  31 -0.671676 -1.150362 -1.820233 -2.474940 -0.631817 -0.784417 -1.812726 -2.488668 -1.788855  1.050772  1.880807 -1.149574  2.406981  0.038187 -1.827198 -1.049185 -0.713286 -1.116719 -0.694965  0.749958
 32 R  32 -0.442745  2.175360 -0.134202 -1.167307 -1.910204  0.479226  0.037566 -1.327615 -0.348821 -1.888367 -1.348803  1.188345 -0.720885 -2.018132 -1.167951 -0.350623 -0.379438 -2.111462 -1.410903 -1.652918
 33 A  33  0.802375 -0.267533 -0.205806 -0.707867 -0.789934 -0.141155 -0.176498 -0.591678 -0.916027 -1.250523 -1.106175  0.051764 -0.650141 -1.575448 -0.906153  0.989112  0.192721 -2.098833 -1.395016 -0.877444
 34 I  34 -0.710404 -1.412719 -1.975069 -2.594522 -0.747556 -1.254528 -1.936732 -2.675278 -1.888027  1.189201  2.212054 -1.356153  1.306186  0.020307 -2.053506 -1.283506 -0.698427 -1.373370 -0.555569  0.661899
 35 G  35 -0.074202 -1.333301  0.102495 -0.615836 -2.149485 -1.312805 -1.298892  3.928293 -1.355843 -2.815135 -2.812022 -1.316379 -2.083320 -2.156075 -1.430073  0.019414 -1.361671 -1.514804 -2.119126 -2.134815
 36 Y  36 -0.625422 -0.426682 -0.615548 -0.677467 -1.654053  0.620680  0.128892 -1.473191 -0.355145 -1.192928 -0.885195 -0.246149 -0.302895 -0.632106 -1.294834 -0.217001 -0.607311 -1.222469 -0.248545 -0.973283
 37 N  37 -0.930035  0.032394  1.544986  0.386469 -2.005024  0.300046  0.507402 -0.746863  0.003341 -1.891005 -1.780816  0.343146 -1.052485 -1.880143 -1.035746  0.277529 -0.280404 -2.330786 -1.323280 -1.641258
 38 P  38 -0.523143 -1.422353 -1.585651 -1.404009 -1.445140 -0.942261 -1.160080 -1.790176 -1.591862 -0.663596 -0.463742 -0.989492 -0.314607 -1.557960  1.710163 -0.838825 -0.608435 -2.208894 -1.425938 -0.397748
 39 T  39 -0.075598 -0.440264  0.103820 -0.425756 -1.118958 -0.340251 -0.315927 -1.069340 -1.114328 -1.188560 -1.109814 -0.059179 -0.779305 -1.637714 -0.602100  0.812396  1.775021 -1.852381 -1.488305 -0.676864
 40 N  40 -0.808576 -0.108935  0.285795  1.041350 -2.354505  0.735063  1.692357 -1.127496 -0.360959 -1.987277 -1.966481  0.591590 -1.265277 -2.081855 -0.726814 -0.017644 -0.631760 -2.320582 -1.523267 -1.506405
 41 Q  41  0.442697 -0.362783 -0.368888 -0.072636 -1.440298  0.236138  0.681601 -0.745660 -0.764548 -1.414239 -1.373487 -0.034745 -0.835690 -1.730921 -0.770194  0.436169 -0.209558 -2.122364 -1.417632 -0.908840
 42 L  42 -0.788240 -0.166611 -0.006926  1.351916 -2.625075  1.217220  2.856766 -1.419059 -0.113545 -2.036805 -2.055869  0.458939 -1.316878 -2.057214 -0.821713 -0.037328 -0.652823 -2.144407 -1.391333 -1.429563
 43 V  43 -0.483159 -1.873222 -2.147630 -2.428886 -0.674966 -1.632879 -1.925103 -2.648330 -2.157579  1.977626  1.662930 -1.644062  0.972940 -0.249281 -1.952947 -1.394718 -0.475485 -1.888433 -0.743801  1.736116
 44 Q  44 -0.698135  0.323420 -0.254917 -0.355692 -1.844891  0.644005  0.369113 -1.506474 -0.531616 -1.359949 -0.967032  0.623667 -0.452039 -1.617505 -1.124994 -0.311225 -0.634430 -1.937590 -1.075132 -1.094260
 45 D  45 -0.517044  0.072474  0.183428  0.924930 -2.111846  0.788891  1.407490 -1.007784 -0.451013 -1.998858 -1.914515  0.669019 -1.197959 -2.059590 -0.840711  0.157812 -0.505410 -2.260464 -1.532628 -1.526781
 46 I  46 -0.649263 -1.311286 -1.740384 -2.214249 -0.720643 -0.932108 -1.656060 -2.418383 -1.623548  1.184147  1.490748 -1.250191  1.855840 -0.100998 -1.786404 -1.067664 -0.677350 -1.323069 -0.650680  0.937543
 47 I  47 -0.567770 -1.584642 -1.854852 -2.159218 -0.678342 -1.367069 -1.793255 -2.445298 -1.866885  1.710010  1.399845 -1.496982  1.276436 -0.091116 -1.824753 -1.119723 -0.570280 -1.615552 -0.682334  1.360577
 48 N  48 -0.586832  0.365635  0.668374  0.018171 -1.560764  0.309568  0.298032 -0.615451 -0.042060 -1.473970 -1.317573  0.461866 -0.752502 -1.480352 -0.903712  0.079393 -0.396708 -1.708392 -1.012905 -1.271345
 49 A  49  0.406185 -0.201175 -0.249675 -0.301477 -0.900788  0.290522  0.222066 -0.450950 -0.537981 -1.031233 -0.930784 -0.020127 -0.542634 -1.258739 -0.421864  0.309898 -0.127290 -1.449333 -0.943377 -0.635622
 50 D  50 -0.213035 -0.451831 -0.330483  0.594268 -1.879725  0.356884  1.376437 -1.116250 -0.377063 -1.457538 -1.571878 -0.005643 -1.090262 -1.693462 -0.735746 -0.064386 -0.547620 -2.065002 -1.266574 -0.986491
 51 S  51 -0.005455 -1.303508 -1.344992 -1.428122 -0.780886 -0.978401 -1.039205 -1.442041 -1.338273  0.640717  0.093251 -0.955707  0.129699 -0.531044 -1.061750 -0.628756 -0.265579 -1.577081 -0.553588  0.879496
 52 S  52 -1.222299 -1.192363  0.617052  3.397898 -2.058978  0.011372  1.208740 -0.712960 -0.683977 -2.040897 -2.602678 -0.524612 -1.918379 -2.090958 -0.592280  0.034050 -0.631188 -2.713180 -1.994343 -1.955021
 53 L  53 -0.022104 -0.545644 -0.800395 -0.866109 -1.234328 -0.282057 -0.262674 -1.344798 -1.179315 -0.544381 -0.593398 -0.145138 -0.315246 -1.384071 -0.810786 -0.170918 -0.029886 -1.974075 -1.217504 -0.156071
 54 R  54 -1.207337 -0.877742  0.944228  2.801724 -2.118997  0.151544  1.215539 -0.745498 -0.449151 -1.985659 -2.395841 -0.361690 -1.685382 -2.037712 -0.854189  0.068032 -0.562492 -2.628401 -1.838156 -1.876820
 55 D  55 -0.345571 -0.756832  0.599744 -0.423677 -1.887557 -0.699148 -0.721730  1.854832 -0.815835 -2.207113 -2.094978 -0.604428 -1.431766 -1.913787 -1.234003  0.130838 -0.889312 -1.775958 -1.707644 -1.758552
 56 A  56 -0.631410 -0.631393  1.305989  1.176314 -1.650671 -0.120466  0.278803 -0.273808 -0.458619 -1.761831 -1.942981 -0.249899 -1.334194 -1.854039 -0.954406  0.766838  0.083774 -2.400498 -1.627347 -1.618448
 57 S  57 -0.086819 -1.090472  0.079703 -0.640442 -2.117888 -1.116999 -1.106121  3.337011 -1.236960 -2.705518 -2.655295 -0.957281 -1.938857 -2.130781 -1.319512  0.057412 -1.230081 -1.604527 -2.022504 -2.035886
 58 S  58 -0.346444 -0.011320 -0.338471 -0.912198 -1.296607 -0.075498 -0.274317 -1.431593 -0.796526 -1.126852 -0.874417  0.048519 -0.482426 -1.333072 -0.967297  0.064410  0.509285 -1.708309 -1.047333 -0.779890
 59 L  59 -0.606519 -2.113968 -2.198130 -2.277251 -0.775365 -1.944510 -2.046636 -2.769307 -2.163816  2.482610  1.410036 -1.962839  0.832844 -0.036248 -2.065193 -1.451138 -0.602102 -2.040571 -0.669670  2.063325
 60 T  60 -1.006737 -0.946810  1.088452  2.575297 -2.015418  0.088733  1.078292 -0.616763 -0.455279 -2.053310 -2.444382 -0.393009 -1.746627 -2.070347 -0.871859  0.466877 -0.290454 -2.682612 -1.849036 -1.928917
 61 L  61 -1.332702 -1.901975 -1.993185 -2.250609 -1.362440 -1.681028 -1.940856 -2.258820 -0.320278 -0.112500 -0.023508 -1.884173 -0.093726  3.133296 -2.633591 -1.432254 -1.371622  0.606961  2.556320 -0.578839
 62 D  62 -0.619331 -0.557872  0.137587  0.913986 -2.198360  0.356205  1.215109 -0.812153 -0.598570 -1.938873 -2.025795  0.010601 -1.368080 -2.113057 -0.342870  0.121871 -0.445852 -2.372254 -1.659186 -1.467916
 63 Q  63 -0.738208 -0.251038  0.039854  1.329344 -2.570958  1.110718  2.567553 -1.293026 -0.241666 -2.028886 -2.080827  0.338253 -1.320138 -2.120616 -0.823371  0.025897 -0.507285 -2.235856 -1.500659 -1.413062
 64 I  64 -1.480286 -2.239027 -2.237087 -2.250723 -1.491981 -2.220300 -2.236746 -2.270247 -0.776802  0.023268  0.032945 -2.231223  0.010734  4.334175 -2.977412 -1.484572 -1.468017  0.683274  2.182403 -0.711911
 65 T  65 -0.389578 -1.423542 -1.798286 -2.253997 -0.658076 -1.274912 -1.659658 -2.324413 -1.893727  1.079605  1.240912 -1.287571  0.711290 -0.473632 -1.862922 -1.069101 -0.401418 -1.765272 -0.808632  0.934180
 66 G  66  0.363616 -0.376587 -0.450085 -0.628335 -1.285208 -0.126117 -0.075403 -0.927604 -0.859819 -1.370892 -1.289944 -0.145915 -0.859441 -1.770384 -0.416025  0.246648  0.154814 -2.140889 -1.368826 -0.829347
 67 L  67 -0.506997 -1.330215 -1.773909 -2.244436 -0.698546 -0.978427 -1.694572 -2.349921 -1.797579  1.207778  1.461257 -1.249534  1.795907 -0.137681 -1.679231 -0.984943 -0.476185 -1.328634 -0.727652  1.022166
 68 I  68 -0.657682 -1.000331 -1.338932 -2.093253 -0.789314 -0.476427 -1.505002 -2.131276 -1.381185  0.677598  1.169990 -0.963774  2.373666 -0.039289 -1.635526 -0.800500 -0.650100 -1.016053 -0.529635  0.603851
 69 E  69  0.188884 -0.250457 -0.127294 -0.718590 -1.229978  0.025170 -0.219468 -0.499316 -0.597993 -1.365529 -1.205549 -0.073055 -0.699889 -1.581107 -0.983507  0.417254  0.180506 -1.814561 -1.199520 -0.905745
 70 V  70 -0.333264  0.550168 -0.299194 -0.854766 -1.670400  0.181666 -0.001287 -1.277310 -0.451266 -1.422304 -1.087207  0.509866 -0.554021 -1.663787 -0.825944 -0.143714 -0.345011 -2.009044 -1.193505 -1.112034
 71 N  71 -0.675767  0.365382 -0.224877 -0.930333 -1.769864  0.171090 -0.070444 -1.267085 -0.509427 -1.329354 -1.049949  1.167187 -0.482345 -1.505842 -1.047926 -0.297960 -0.668838 -1.815660 -0.969969 -0.957115
 72 E  72 -0.431767 -0.509279 -0.877478 -1.460145 -1.063200 -0.396884 -0.912146 -1.580453 -1.157588 -0.043054  0.297674 -0.385892  0.802585 -0.710877 -1.361048 -0.401497 -0.412328 -1.484848 -0.874727 -0.040574
 73 K  73 -0.078964  0.086222 -0.320413 -0.944027 -1.491209 -0.042447 -0.271979 -0.804956 -0.912032 -1.269674 -0.900166  0.564529 -0.522743 -1.615964 -1.031865 -0.007421 -0.478540 -2.008612 -1.312111 -0.910399
 74 E  74 -0.352819 -0.469938  0.061795  0.452577 -1.795175  0.220319  0.791085 -0.705777 -0.608780 -1.643253 -1.629678 -0.090054 -1.076097 -1.724825 -0.830501  0.123661 -0.308636 -2.005256 -1.395170 -1.229852
 75 L  75 -0.454331  0.561195 -0.321202 -0.859969 -1.574785  0.044979 -0.023444 -1.322657 -0.749138 -1.198543 -0.830275  0.565623 -0.474235 -1.534936 -1.111115 -0.233122 -0.130835 -1.854407 -1.220452 -0.931021
 76 D  76 -0.965951 -0.710612  0.462205  1.780528 -1.905449  0.011338  0.732578 -0.803718 -0.223905 -1.762495 -2.069406 -0.308186 -1.452660 -1.803732 -0.797626 -0.007423 -0.423697 -2.309363 -1.479965 -1.581638
 77 A  77  0.002580 -0.725131 -0.596101 -0.606312 -1.151064 -0.256518 -0.229138 -0.927065 -0.938077 -0.828757 -0.814429 -0.416270 -0.499142 -1.315910 -0.129627  0.152521 -0.068651 -1.759987 -1.133846 -0.533034
 78 T  78 -0.346850 -0.397772 -0.181065 -0.521260 -1.041821 -0.302969 -0.350629 -0.861027 -0.653421 -0.565925 -0.364624 -0.138728 -0.279678 -0.917635 -0.917972 -0.123464 -0.253869 -1.438575 -0.850748 -0.508685
 79 T  79 -0.030661 -0.237973 -0.131472 -0.329412 -0.966027 -0.094085 -0.013149 -0.692220 -0.674831 -0.887263 -0.815166  0.053141 -0.455919 -1.141060 -0.432644  0.294310  0.395402 -1.364008 -0.982130 -0.554081
 80 K  80 -0.314383 -0.315980 -0.264551  0.029675 -1.406604  0.263050  0.548638 -0.861766 -0.542182 -0.992924 -0.937659 -0.047528 -0.563789 -1.304055 -0.549402 -0.112962 -0.400032 -1.554368 -1.015999 -0.705759
 81 A  81 -0.338442 -0.509206  0.017334  0.233376 -1.473633  0.030099  0.472526 -0.148198 -0.500795 -1.312231 -1.304534 -0.223976 -0.905742 -1.297359 -0.730597  0.004485 -0.475885 -1.481755 -1.032501 -0.995914
 82 K  82 -0.328955 -0.011659 -0.044325 -0.310715 -1.288212  0.571766  0.254684 -0.954663 -0.492966 -1.055642 -0.873320  0.137263 -0.358365 -1.324733 -0.776159  0.181081 -0.044906 -1.526039 -0.930430 -0.762000
 83 T  83 -0.601743 -0.176120 -0.434545  0.021558 -1.936670  0.442975  1.084754 -1.509549 -0.506479 -1.129936 -1.137178  0.161144 -0.670043 -1.405572 -0.961090 -0.261614 -0.549667 -1.847055 -0.971168 -0.798806
 84 E  84 -0.532489 -0.103230  0.001530  1.280884 -2.576690  1.171609  2.427740 -1.311106 -0.372792 -2.199551 -2.179067  0.552727 -1.385201 -2.302763 -0.880447  0.126595 -0.667462 -2.491718 -1.658268 -1.576490
 85 D  85 -1.036200 -0.334481  0.285794  1.783705 -2.943469  1.103636  2.860791 -1.467160  0.257612 -2.331348 -2.467870  0.293305 -1.626471 -2.289009 -0.974492 -0.068200 -0.829585 -2.568421 -1.517862 -1.768322
 86 F  86 -1.034465 -2.101890 -2.502724 -2.954728 -1.040983 -2.002088 -2.489268 -3.191548 -2.025259  1.710379  1.964896 -2.082551  1.121461  1.034652 -2.690915 -1.671333 -1.022901 -1.311910  0.097280  0.979486
 87 V  87 -0.742758  1.046794 -0.776909 -1.699421 -1.954620  0.093404 -0.428685 -2.045069 -0.827427 -1.193305 -0.685821  1.045894 -0.226359 -1.537239 -1.641583 -0.716972 -0.779339 -2.109913 -1.032661 -0.975434
 88 K  88 -0.568695  0.179421  0.000285  0.895884 -2.668823  0.962957  2.232782 -1.440365 -0.459535 -2.244709 -2.135106  0.906168 -1.388070 -2.397520 -0.994952  0.033873 -0.642678 -2.620628 -1.754248 -1.602434
 89 A  89  2.474967 -1.063391 -1.585679 -1.736613 -0.326002 -0.967664 -1.084114  0.051666 -1.775374 -0.776382 -0.793495 -1.021986 -0.584751 -1.598533 -1.107284  0.491538 -0.193293 -2.368129 -1.677890 -0.037396
 90 F  90 -1.637195 -2.498243 -2.575527 -2.650354 -1.637597 -2.482751 -2.570719 -2.659128 -1.025828  0.176033  0.292838 -2.496507  0.177710  4.605636 -3.329324 -1.716252 -1.634124  0.618981  2.231227 -0.668364
 91 Q  91 -0.522262  1.361398  0.119852 -0.497894 -2.113746  0.822625  0.481679 -1.295610 -0.443627 -2.224482 -1.732265  1.220235 -0.869564 -2.304455 -1.237338  0.105391 -0.569565 -2.482194 -1.613933 -1.874655
 92 V  92 -0.563035 -1.667825 -1.885393 -2.307659 -1.084211 -1.182274 -1.490170 -2.569410 -1.542243  0.982009  0.979473 -1.386066  0.764791 -0.330373 -2.017720 -1.236311 -0.609154 -1.744574 -0.335257  1.005457
 93 F  93 -1.552051 -2.420965 -2.466664 -2.562303 -1.595524 -2.353074 -2.463979 -2.599898 -0.955430  0.202761  0.193796 -2.403093  0.194392  4.309123 -3.211373 -1.622343 -1.534705  0.505474  2.197266 -0.551718
 94 D  94 -1.690051 -1.693278  0.844949  5.061494 -2.568012  0.002684  1.694766 -0.852054 -0.860828 -2.564773 -3.409773 -0.847908 -2.553270 -2.571901 -0.866172  0.006472 -0.843866 -3.420788 -2.564271 -2.554388
 95 K  95 -0.669232  0.844636 -0.095098 -0.439008 -2.185891  0.465788  0.509373 -1.631179 -0.868964 -1.984846 -1.548186  1.968424 -0.867024 -2.265101 -0.975647 -0.001123 -0.178332 -2.482545 -1.673759 -1.390236
 96 E  96 -1.484884 -1.115739  1.204439  3.625801 -2.627984  0.236014  1.664228 -0.855919 -0.459017 -2.515366 -3.052645 -0.425769 -2.211666 -2.508046 -0.989530  0.117147 -0.690282 -3.203543 -2.228531 -2.360610
 97 S  97 -0.353277 -0.703041  0.715143 -0.437745 -2.354830 -0.625791 -0.684568  2.311996 -0.941917 -2.892295 -2.756753 -0.493812 -1.895759 -2.468605 -1.483963  0.216568 -1.105358 -2.194832 -2.108751 -2.267460
 98 T  98 -0.788965 -0.734707  1.728466  1.541028 -1.916467 -0.073644  0.428599 -0.602620 -0.505556 -2.100116 -2.311363 -0.233753 -1.586426 -2.227383 -1.100079  1.114734  0.510469 -2.900038 -1.947479 -1.929511
 99 G  99 -0.026757 -1.663660  0.020014 -0.825092 -2.540834 -1.642383 -1.636233  4.924814 -1.660870 -3.389834 -3.385021 -1.653967 -2.528658 -2.555755 -1.689570  0.011661 -1.674481 -1.732154 -2.526119 -2.550705
100 K 100 -0.842859 -0.749297 -0.952770 -1.579012 -1.504766 -0.621384 -0.892562 -1.968728 -0.350869 -1.071730 -0.856648 -0.369762 -0.595455  0.237094 -1.849018 -0.479160 -0.225327 -0.812674  0.824987 -0.889981
101 V 101 -0.771132 -2.520052 -2.548696 -2.580909 -0.860626 -2.436162 -2.473199 -3.323249 -2.527812  3.245664  1.649783 -2.447724  0.896735 -0.067671 -2.480272 -1.692375 -0.783806 -2.520556 -0.842828  2.555989
102 S 102 -0.016533 -0.849946  0.482920  0.052953 -1.258316 -0.260239 -0.166142 -0.795423 -1.044684 -1.490703 -1.503720 -0.406431 -0.874743 -1.821048 -0.917504  1.459981  1.433998 -2.297590 -1.729220 -1.129859
103 V 103  0.266178 -1.230293 -1.443109 -1.790630 -1.039509 -1.052766 -1.220089 -1.411685 -1.421217 -0.290443 -0.357247 -1.041577 -0.290483 -0.686937 -1.401205 -0.357502 -0.173102 -1.759011 -0.670514  0.017305
104 G 104  0.013872 -0.105068  0.018133  0.327465 -1.971101  0.314247  0.821157 -0.751134 -0.590641 -2.051513 -1.971254  0.452167 -1.291636 -2.191921 -1.012666  0.435815 -0.428242 -2.573913 -1.706146 -1.528948
105 D 105 -0.985575 -0.174622  0.521088  1.732928 -3.114705  1.344715  3.264263 -1.462613 -0.022880 -2.472233 -2.527541  0.551608 -1.666363 -2.456339 -0.969533  0.092327 -0.723876 -2.636245 -1.660122 -1.811527
106 L 106 -0.850852 -1.766496 -2.536961 -3.296104 -0.828862 -1.744195 -2.523644 -3.341485 -2.484401  1.716455  3.075170 -1.758714  1.613976  0.115678 -2.550701 -1.679429 -0.862537 -1.684799 -0.760786  0.926174
107 R 107 -0.558070  1.615314 -0.101269 -1.039096 -2.346365  0.507955  0.173616 -0.704411 -0.538190 -2.426658 -1.868162  1.461102 -1.055220 -2.389899 -1.352819 -0.289334 -0.892419 -2.358704 -1.673477 -1.951975
108 Y 108 -0.592130  0.020594 -0.118782 -0.659919 -1.915094  0.248094  0.105003 -1.546417  0.664704 -1.548435 -1.499494 -0.197468 -0.864886 -1.533814 -1.402496 -0.226185 -0.341500 -2.035620 -0.594059 -1.205291
109 M 109  0.541523 -1.949716 -2.098979 -2.272447 -0.659975 -1.518317 -1.648444 -1.673355 -2.244810  1.223733  0.417136 -1.507666  0.364586 -0.974077 -1.675302 -0.892695 -0.237576 -2.357567 -1.159140  1.719744
110 L 110 -0.320820 -1.323386 -2.081360 -2.770979 -0.429387 -0.974281 -2.021739 -2.599956 -2.080800  0.935834  1.883318 -1.313104  2.230420 -0.243256 -2.010664 -0.988477 -0.703532 -1.461001 -0.949232  0.693761
111 T 111 -0.245128  1.011375 -0.286049 -1.120899 -1.759147  0.181958 -0.103788 -1.536788 -0.839100 -1.622847 -1.271665  0.779615 -0.701979 -2.044522 -1.162664 -0.017848  0.359531 -2.269161 -1.554165 -1.161713
112 G 112  0.057600 -0.210103  0.404442 -0.160368 -1.611506  0.185237  0.542118 -0.871406 -0.653432 -1.786266 -1.670215  0.228583 -1.042143 -2.036981 -1.071081  0.845528  0.243022 -2.471082 -1.621260 -1.313132
113 L 113 -0.843120 -1.640189 -2.283248 -2.980038 -0.936203 -1.476417 -2.242879 -3.085395 -2.105232  1.359814  2.500309 -1.600198  1.475117  0.168703 -2.371015 -1.490382 -0.820596 -1.505947 -0.520022  0.729372
114 G 114 -0.036499 -1.582113  0.019861 -0.669037 -2.457371 -1.523268 -1.463830  4.546910 -1.596523 -3.236494 -3.249295 -1.545111 -2.424976 -2.475907 -1.625106  0.025700 -1.579989 -1.729653 -2.449045 -2.442649
115 E 115 -0.828512 -0.400231 -0.326531  0.521883 -2.447693  0.958554  1.847663 -1.632949 -0.156485 -1.771717 -1.667307  0.059679 -0.923074 -1.467096 -1.179246 -0.173626 -0.744854 -1.892888 -0.923939 -1.318892
116 K 116 -0.905303  0.506761  1.092864 -0.031678 -2.239383  0.409415  0.446895 -0.967264 -0.253273 -2.190673 -1.885741  1.147345 -1.087881 -2.228333 -0.899280  0.162353 -0.387193 -2.524456 -1.550539 -1.773222
117 L 117 -0.718782 -1.608831 -2.079787 -2.392301 -1.011945 -1.251397 -1.866788 -2.633020 -2.022442  0.582789  1.246412 -1.400802  0.950542 -0.595148 -0.726503 -1.244916 -0.756858 -1.857776 -1.013766  0.366916
118 T 118 -0.013825 -0.708546  0.242741 -0.277934 -1.190435 -0.420284 -0.298330 -1.053602 -1.258016 -1.371780 -1.362895 -0.308946 -0.974355 -1.839597 -0.806938  1.157908  2.105126 -2.128624 -1.723422 -0.827817
119 D 119 -1.092304 -0.633825  0.306187  2.067281 -2.627971  0.562718  1.850687 -1.259447 -0.473450 -2.225147 -2.451132  0.145522 -1.676422 -2.319019 -0.782649 -0.071825 -0.757527 -2.776691 -1.833703 -1.817890
120 A 120 -0.068124 -0.340699 -0.243634  0.676245 -2.137972  0.566412  1.587583 -1.136012 -0.694838 -1.843337 -1.889402  0.191616 -1.216898 -2.149549 -0.902314  0.260780 -0.441976 -2.540021 -1.697620 -1.259393
121 E 121 -0.893970 -0.191777  0.045865  1.680842 -3.089140  1.364341  3.432831 -1.589917 -0.077715 -2.386340 -2.451174  0.539736 -1.624116 -2.390744 -0.903791 -0.016308 -0.730675 -2.527498 -1.644032 -1.673623
122 V 122 -0.469183 -2.183519 -2.480691 -2.788246 -0.581982 -1.896523 -2.229899 -2.940869 -2.465507  2.149566  1.777714 -1.908739  1.034777 -0.290507 -2.226258 -1.573846 -0.544479 -2.131166 -0.834697  1.940955
123 D 123 -0.958017  0.089602  0.107630  0.981928 -2.422170  0.912200  1.287426 -1.470388 -0.482347 -2.077485 -1.939982  0.523137 -1.159863 -2.195107 -1.080699 -0.151345 -0.694041 -2.494416 -1.573418 -1.696014
124 E 124 -0.574796 -0.099147  0.070005  1.229058 -2.542553  1.106073  2.103086 -1.260790 -0.467749 -2.251766 -2.204875  0.519394 -1.374697 -2.368343 -0.936204  0.146659 -0.579749 -2.549231 -1.734021 -1.650806
125 L 125 -0.799908 -1.380824 -2.057000 -2.733539 -0.826564 -0.883811 -2.017066 -2.825989 -2.007526  1.374979  1.960270 -1.352883  2.795276 -0.030426 -2.042202 -1.204964 -0.809246 -1.259526 -0.792398  1.086727
126 L 126 -0.760523 -2.062775 -2.306113 -2.606058 -0.855656 -1.872724 -2.269824 -3.038503 -2.245411  2.304833  1.707443 -1.995569  1.335256  0.061992 -2.328869 -1.444809 -0.767393 -1.983244 -0.701082  1.749015
127 K 127 -0.336143  0.776004  0.268355 -0.086811 -2.055850  0.601844  0.579493 -1.039175 -0.459158 -2.128706 -1.835646  0.882396 -1.077319 -2.257820 -1.154291  0.167678 -0.492386 -2.540813 -1.635327 -1.710718
128 G 128 -0.446582 -0.417685 -0.048389  1.130866 -2.658406  0.801853  2.283148 -0.808751 -0.409785 -2.267604 -2.313578  0.176539 -1.563868 -2.322655 -0.955851  0.074116 -0.769200 -2.486851 -1.743409 -1.595936
129 V 129  0.977550 -1.548495 -1.849242 -1.984853 -0.704088 -1.147416 -1.283811 -1.417814 -1.510346  0.448852 -0.112853 -1.319492 -0.073893 -0.742117 -1.508060 -0.500229 -0.331492 -2.081071 -0.757328  0.934456
130 E 130 -1.534402 -1.385780  0.746703  4.181344 -2.539429  0.131396  1.664018 -0.909945 -0.682520 -2.489931 -3.151088 -0.574612 -2.316780 -2.485571 -0.735283 -0.013099 -0.816341 -3.181968 -2.321072 -2.375666
131 V 131 -0.140741 -0.578230 -1.040307 -1.426091 -1.228116 -0.436109 -0.701393 -1.740637 -1.379393 -0.203458 -0.219596 -0.330192 -0.038991 -1.303662 -1.140715 -0.364610  0.088797 -2.044246 -1.180917  0.117036
132 D 132 -1.507277 -1.247295  1.266077  3.838011 -2.466525  0.058065  1.386130 -0.662415 -0.537915 -2.449976 -3.052657 -0.578913 -2.234294 -2.436989 -0.948553  0.121162 -0.687897 -3.162826 -2.253353 -2.373870
133 S 133 -0.289250 -0.877510  0.734580 -0.446442 -2.227785 -0.684443 -0.719632  2.163413 -0.920116 -2.674493 -2.575397 -0.643975 -1.770738 -2.310795 -1.397758  0.374772 -0.947711 -2.154189 -2.010765 -2.113342
134 N 134 -1.216649 -1.015501  1.465673  2.868670 -2.221076  0.068991  0.952011 -0.593124 -0.505326 -2.322219 -2.742618 -0.415439 -1.931032 -2.347116 -1.017108  0.525206 -0.342653 -3.051036 -2.104007 -2.229554
135 G 135 -0.040825 -1.537698  0.062603 -0.783575 -2.461736 -1.539821 -1.529256  4.563426 -1.563056 -3.229315 -3.216463 -1.510643 -2.395838 -2.471218 -1.597991  0.030289 -1.555215 -1.734352 -2.429959 -2.432636
136 E 136 -0.570776  0.381547 -0.137183 -0.761825 -1.569937  0.482126  0.237204 -1.624836 -0.612690 -1.624232 -1.246280  0.377423 -0.621014 -1.855105 -1.299551 -0.060845  0.039458 -2.098752 -1.286003 -1.207961
137 I 137 -0.616742 -2.462490 -2.500642 -2.557773 -0.867871 -2.219948 -2.280099 -3.074214 -2.481211  2.918909  1.467994 -2.230303  0.885574 -0.148071 -2.299437 -1.651312 -0.619530 -2.403150 -0.789193  2.558448
138 D 138 -1.246871 -0.762202  2.137366  2.244609 -2.252763  0.029099  0.765786 -0.516457 -0.176876 -2.347482 -2.651419 -0.288477 -1.843694 -2.343084 -1.190612  0.646479 -0.268100 -3.092932 -1.959647 -2.268530
139 Y 139 -1.485379 -1.780987 -1.870015 -2.217979 -1.689520 -1.216042 -1.576045 -2.439674  0.333243 -0.565129 -0.527186 -1.726119 -0.453405  2.679713 -2.587395 -1.490934 -1.520438  0.748232  3.477940 -0.795111
140 K 140 -0.772277 -0.471073  0.215695  1.259642 -2.619024  0.769448  1.962305 -1.107112 -0.401598 -2.204737 -2.280320  0.150223 -1.511159 -2.304365 -0.732465  0.106281 -0.608561 -2.567255 -1.690017 -1.661638
141 K 141 -0.796404 -0.247559  0.080262  1.772426 -3.007288  1.277812  3.365997 -1.431993 -0.202114 -2.368461 -2.458276  0.529813 -1.659031 -2.419015 -0.866862  0.044397 -0.737616 -2.557747 -1.732801 -1.664001
142 F 142 -1.620080 -2.443100 -2.468365 -2.500700 -1.622331 -2.433584 -2.466427 -2.497026 -0.867698  0.043374  0.094524 -2.440341  0.045517  4.752425 -3.264499 -1.645040 -1.618243  0.759583  2.377897 -0.771269
143 I 143 -0.282581 -1.817207 -2.089407 -2.399526 -0.617617 -1.474003 -1.767174 -2.529022 -2.117531  1.520247  1.117357 -1.437539  0.753085 -0.546612 -1.899296 -1.239963 -0.323422 -2.024575 -0.802760  1.606080
144 E 144  0.105125  0.614396 -0.166548 -0.787120 -1.595848  0.287170  0.119786 -1.095212 -0.507859 -1.685608 -1.392173  0.611874 -0.822761 -1.914142 -0.983461  0.186802 -0.064221 -2.183814 -1.347534 -1.211605
145 D 145 -0.442723 -1.216488 -1.702028 -2.219981 -0.852000 -0.833596 -1.619965 -2.291697 -1.579985  1.022948  1.179761 -1.175372  1.907137 -0.271630 -1.738472 -0.909847 -0.626281 -1.477557 -0.772240  0.916529
146 V 146 -0.656087 -1.125694 -1.669377 -2.279269 -0.761724 -0.571288 -1.644337 -2.394523 -1.732102  1.124504  1.490046 -1.066451  2.748889 -0.111763 -1.650773 -0.902262 -0.501129 -1.157359 -0.783514  1.050956
147 L 147  0.030174 -0.234782 -0.638133 -1.199099 -0.874127 -0.221810 -0.607676 -1.292422 -1.094229 -0.479433 -0.101880  0.000344  0.267043 -1.050260 -1.001907  0.052560  0.371576 -1.479347 -1.052150 -0.206391
148 R 148 -0.296837  0.733914  0.025871 -0.469995 -1.218919  0.410633  0.229335 -0.754074  0.175452 -1.258632 -0.968444  0.850616 -0.503770 -1.194748 -0.559926 -0.023375 -0.353984 -1.277752 -0.661466 -0.995955
149 Q 149 -0.243733  0.531341  0.000000 -0.216655 -0.739546  0.385443  0.279157 -0.487466 -0.170742 -0.731199 -0.495813  0.958006 -0.218739 -0.731199 -0.275036 -0.031303 -0.243733 -0.697858 -0.454125 -0.518769
