  108         A         R         N         D         C         Q         E         G         H         I         L         K         M         F         P         S         T         W         Y         V    
  1 M   1 -0.137612 -0.137612 -0.275224 -0.412835 -0.137612  0.000000 -0.275224 -0.412835 -0.275224  0.137612  0.275224 -0.137612  0.688059  0.000000 -0.275224 -0.137612 -0.137612 -0.137612 -0.137612  0.137612
  2 A   2  0.004359 -0.065092  0.040253 -0.156099 -0.243306 -0.081078 -0.078439 -0.249849 -0.231495 -0.218567 -0.192011  0.037720 -0.149018 -0.345275 -0.197041  0.106623  0.310343 -0.416867 -0.303254 -0.103219
  3 Q   3 -0.111328 -0.015072 -0.038701 -0.089448 -0.418600  0.271045  0.097017 -0.278543 -0.142541 -0.349138 -0.271234  0.042030 -0.084366 -0.436705 -0.083769 -0.013556 -0.106605 -0.444692 -0.273338 -0.236930
  4 Q   4 -0.211431  0.116751  0.045217 -0.145031 -0.509954  0.121352  0.064909 -0.350095  0.005737 -0.438360 -0.352529  0.129742 -0.197944 -0.385975 -0.203182 -0.043183 -0.148230 -0.476275 -0.182400 -0.374518
  5 S   5  0.001919 -0.113302  0.071371 -0.076871 -0.387510 -0.005807  0.000186 -0.197205 -0.105784 -0.474579 -0.451200  0.017243 -0.264091 -0.462050 -0.032348  0.358384  0.056548 -0.607067 -0.349785 -0.408971
  6 P   6  0.012319 -0.365794 -0.427857 -0.512275 -0.292768 -0.274267 -0.355938 -0.458183 -0.441648  0.011297  0.071927 -0.306017  0.046527 -0.244995 -0.235334 -0.147071 -0.078482 -0.524112 -0.271583  0.056880
  7 Y   7 -0.199508 -0.237306 -0.097801 -0.269708 -0.406053 -0.128508 -0.172702 -0.413793 -0.058445 -0.207491 -0.229323 -0.173023 -0.157972 -0.178541 -0.342496 -0.096393 -0.059929 -0.346104  0.058695 -0.155956
  8 S   8 -0.193400 -0.267418  0.067626  0.441245 -0.540462 -0.009582  0.175212 -0.204720 -0.218242 -0.545900 -0.620743 -0.099099 -0.417023 -0.594474 -0.098802  0.112386 -0.034568 -0.722955 -0.524540 -0.457556
  9 A   9 -0.019281 -0.342190 -0.324544 -0.222354 -0.549145 -0.156717 -0.114655 -0.368023 -0.426916 -0.561357 -0.538852 -0.151396 -0.356583 -0.755859  0.771423 -0.005379 -0.038677 -0.820049 -0.610583 -0.354475
 10 A  10  0.306213 -0.260553 -0.308406 -0.381077 -0.270074 -0.185284 -0.177539 -0.263128 -0.406085 -0.195216 -0.212134 -0.231159 -0.171196 -0.451670 -0.390508  0.048147 -0.049851 -0.646757 -0.423175 -0.067280
 11 M  11 -0.096884 -0.384937 -0.456297 -0.618735 -0.447932 -0.239229 -0.410017 -0.518612 -0.594928 -0.066751  0.114408 -0.293381  0.122204 -0.369132 -0.451947 -0.174152 -0.108305 -0.641278 -0.432639 -0.028491
 12 A  12  0.100488 -0.245126 -0.092977 -0.079539 -0.482840 -0.018792  0.014304 -0.338665 -0.327737 -0.524041 -0.542093 -0.051938 -0.349789 -0.614506 -0.355776  0.262937  0.104554 -0.814184 -0.472597 -0.348642
 13 E  13 -0.175490 -0.049746 -0.067340  0.075234 -0.883547  0.343040  0.439888 -0.536392 -0.219807 -0.827443 -0.766642  0.104706 -0.446268 -0.938622  0.070356  0.041553 -0.083248 -0.964495 -0.640733 -0.569885
 14 Q  14 -0.167540 -0.043582 -0.241078 -0.138225 -0.849230  0.230101  0.160727 -0.592972 -0.374110 -0.727111 -0.609899  0.042633 -0.343059 -0.925583  0.074688 -0.078560 -0.262192 -1.028062 -0.677330 -0.537440
 15 R  15 -0.255437 -0.111256 -0.054609  0.070038 -0.899462  0.097877  0.268659 -0.540084 -0.336894 -0.621398 -0.645054  0.024597 -0.390761 -0.821327 -0.529354 -0.067145 -0.239665 -1.060488 -0.642437 -0.460896
 16 H  16 -0.417890 -0.322342  0.316118  0.181542 -0.961258 -0.047781  0.108447 -0.364411 -0.029439 -0.812494 -0.857932 -0.206053 -0.601070 -0.663582 -0.573890 -0.010734 -0.289274 -0.966067 -0.353395 -0.721315
 17 Q  17 -0.155614 -0.075669  0.137176  0.292571 -1.022000  0.409190  0.578337 -0.525939 -0.306456 -1.002426 -0.939762  0.282478 -0.549716 -1.098879 -0.382840  0.251497 -0.104949 -1.225152 -0.814590 -0.730676
 18 E  18 -0.423576 -0.261905  0.299021  0.676329 -1.232017  0.257663  0.700141 -0.391649  0.068741 -1.141362 -1.198022 -0.075804 -0.800293 -1.082625 -0.562197  0.078890 -0.329978 -1.274549 -0.748462 -0.946103
 19 W  19 -0.820264 -1.071886 -1.280987 -1.428548 -0.673449 -0.776043 -1.098552 -1.007773 -0.721790 -0.484722 -0.279931 -1.035345 -0.147112  0.286787 -1.400944 -0.909495 -0.592379  2.030455  0.543893 -0.530096
 20 L  20 -0.700770 -0.183068  0.148200  0.693818 -1.563500  0.672017  0.597182 -0.943203 -0.451682 -1.340659 -1.156694  0.102134 -0.654578 -1.488418 -0.807085 -0.036209 -0.430841 -1.714693 -1.120135 -1.153248
 21 R  21 -0.231922  0.175055 -0.141127  0.073451 -1.359932  0.624798  0.527481 -0.901903 -0.436916 -1.318150 -1.110617  0.103754 -0.596531 -1.460361 -0.840037  0.022627 -0.377804 -1.649695 -1.046724 -1.050683
 22 F  22 -0.704974 -1.562390 -1.847088 -2.158417 -0.854512 -1.479924 -1.775693 -2.195438 -1.450420  0.923957  1.233387 -1.487606  0.666474  1.098846 -2.000262 -1.181350 -0.689612 -0.795634  0.186262  0.499028
 23 V  23 -0.292554 -1.623344 -1.791824 -1.961973 -0.441908 -1.396451 -1.597449 -1.970964 -1.510218  0.937009  0.680118 -1.406516  0.433281  0.349803 -1.700394 -1.001783 -0.491230 -1.215061 -0.152930  0.870875
 24 D  24 -0.545698 -0.193652  0.176112  1.115421 -1.892839  0.463162  1.248856 -0.911266 -0.386076 -1.741986 -1.807656  0.159127 -1.216852 -1.778527 -0.825263  0.070263 -0.376719 -2.086764 -1.392215 -1.380926
 25 L  25  0.311027 -0.991944 -1.419384 -1.766379 -0.656102 -0.932710 -1.175493 -1.544449 -1.349296  0.284007  0.648515 -0.910146  0.254612 -0.603508 -1.434364 -0.493338 -0.340098 -1.628519 -0.825621  0.270956
 26 L  26 -0.570272 -1.653366 -1.977842 -2.312025 -0.610292 -1.530037 -1.892878 -2.493285 -1.928076  1.679058  1.725023 -1.554156  0.982540  0.011673 -1.885641 -1.287478 -0.582609 -1.547906 -0.581031  1.256997
 27 K  27 -0.250712 -0.305812 -0.803084 -1.091594 -1.185137  0.020868 -0.418040 -1.442613 -0.929011 -0.599424 -0.045622 -0.205000  0.005892 -1.122550 -1.209993 -0.279303 -0.452078 -1.615658 -0.952189 -0.526613
 28 N  28 -0.302283 -0.083869  0.007370 -0.472822 -1.290064  0.598447  0.129674 -1.092970 -0.478622 -1.261829 -0.936140  0.120418 -0.371136 -1.477443 -1.001758  0.273731 -0.028397 -1.718671 -1.019696 -0.951375
 29 A  29  0.327794 -0.892129 -1.074022 -1.499677 -0.749036 -0.700333 -0.953361 -1.399191 -1.066203 -0.042772  0.318506 -0.771219  0.084156 -0.842303 -1.309215 -0.185637 -0.262418 -1.750846 -0.890460 -0.010821
 30 Y  30 -0.582350 -0.496224 -0.408755 -0.533897 -1.536953 -0.124782 -0.000139 -1.291072 -0.637468 -1.011970 -0.979844 -0.034466 -0.508875 -0.861501 -1.200592 -0.148080 -0.436888 -1.576500 -0.667116 -0.796656
 31 Q  31 -0.323826 -0.568170  0.577602  1.020503 -1.643047  0.154235  0.651811 -0.565943 -0.624987 -1.699349 -1.820735 -0.223443 -1.253556 -1.882064 -0.890634  0.524625  0.058702 -2.288484 -1.607291 -1.380180
 32 N  32 -0.499548 -0.295428 -0.457204 -0.358834 -1.788001  0.289526  0.351370 -1.408873 -0.629422 -1.209839 -1.125567  0.005332 -0.621653 -1.695765 -0.444800 -0.194010 -0.378869 -2.067662 -1.201453 -0.840361
 33 D  33 -0.730504 -0.410413  0.357604  1.317247 -2.316919  0.632971  1.625307 -0.665776 -0.357164 -2.072082 -2.144026  0.158632 -1.421338 -2.053760 -0.882206  0.122306 -0.624424 -2.268636 -1.569847 -1.616875
 34 L  34 -0.506742 -0.310248 -0.369850  0.215237 -1.921508  0.457278  1.021733 -1.404616 -0.681562 -1.313435 -1.114780  0.169688 -0.713095 -1.605643 -1.071077 -0.155310 -0.540084 -2.017752 -1.280756 -0.977759
 35 H  35 -0.250698 -1.219866 -1.375277 -1.617955  0.400679 -0.913991 -1.250022 -1.936549 -0.795597 -0.015276 -0.073944 -1.211216 -0.023789 -0.840227 -1.640818 -0.723682 -0.635987 -1.688845 -0.686929  0.005914
 36 L  36 -0.737978 -0.539492 -0.707871 -0.701627 -1.674252 -0.012799 -0.082456 -1.588570 -0.083029 -1.067434 -0.871283 -0.404876 -0.555887 -0.440829 -1.476373 -0.565957 -0.844057 -1.051971  0.460081 -0.920868
 37 P  37 -0.174090 -0.175094 -0.502012 -0.311344 -1.634226  0.102864  0.123001 -1.198746 -0.893500 -1.424671 -1.319241 -0.010696 -0.716934 -1.898647 -0.029555 -0.065073 -0.353975 -2.267826 -1.527129 -1.025326
 38 L  38 -0.879929 -1.572803 -1.962183 -2.281380 -1.137639 -1.509453 -1.825745 -2.321210 -1.342004  0.521196  0.894814 -1.514326  0.531466  1.450532 -2.275368 -1.256315 -0.982561 -0.603351  0.480710  0.064429
 39 L  39 -0.924634 -1.694216 -2.085665 -2.544107 -0.979508 -1.642723 -2.086749 -2.578266 -1.649954  0.894099  1.628133 -1.678303  0.896082  1.312367 -2.353554 -1.381460 -0.942040 -0.830182  0.179458  0.267500
 40 N  40 -0.526540 -0.167728  0.070359  0.464094 -1.997230  0.776052  1.063074 -1.072685 -0.418664 -1.737775 -1.606741  0.116538 -0.941974 -1.901895 -0.879163  0.111836 -0.227132 -2.076384 -1.357763 -1.290315
 41 L  41 -0.713394 -1.062777 -0.482515  0.556777 -1.345850 -0.369150  0.001397 -1.416626 -1.159846 -0.854022 -0.765361 -0.709093 -0.577314 -1.360497 -1.268111 -0.282815 -0.467850 -2.097851 -1.448587 -0.861427
 42 M  42 -0.684912 -1.510202 -2.009681 -2.549062 -0.792549 -1.388228 -1.945692 -2.693704 -1.956713  1.365262  1.971199 -1.461177  1.280032  0.044484 -2.066839 -1.288921 -0.679157 -1.510463 -0.613562  0.884922
 43 L  43 -0.399701 -1.598317 -2.115918 -2.584646  1.166413 -1.534241 -2.248008 -2.571747 -2.070963  0.557893  1.374158 -1.604959  0.763515 -0.350524 -2.173483 -1.081787 -0.704823 -1.468607 -0.889784  0.179547
 44 T  44  0.060805 -0.784912 -0.001297 -0.705632 -0.890027 -0.671986 -0.668447 -1.473887 -1.504749 -0.910517 -0.905482 -0.692673 -0.804846 -1.598464 -0.844824  0.905887  3.375107 -1.742349 -1.586965 -0.205944
 45 P  45 -0.563354 -1.245870 -1.431357 -1.043365 -1.800244 -0.725888 -0.653936 -1.822384 -1.392315 -1.125552 -1.367700 -0.747722 -0.851580 -2.088287  1.647879 -0.753271 -0.669027 -2.626077 -1.605473 -0.622928
 46 D  46 -0.517706 -0.148230  0.434384  0.907026 -2.109953  0.180700  0.642436 -0.798407 -0.709248 -2.061663 -2.126015  0.115749 -1.419464 -2.273489 -1.028868  0.223903 -0.382852 -2.750672 -1.888786 -1.711163
 47 E  47 -0.764958 -0.056469 -0.017725  1.569149 -3.283713  1.626284  3.924299 -1.656834 -0.090528 -2.504218 -2.493764  0.753034 -1.625374 -2.536077 -0.891802  0.034145 -0.807283 -2.575866 -1.706107 -1.672756
 48 R  48 -0.801661  0.966504 -1.151123 -2.176112 -1.827112 -0.368800 -1.012740 -2.459745 -1.189605 -0.381826  0.105368  0.126781  0.102977 -1.430867 -1.965906 -1.092607 -0.787431 -2.338205 -1.218995 -0.570939
 49 E  49 -0.597110  0.042124 -0.041828  0.291640 -2.349129  0.753302  1.278247 -1.460234 -0.632985 -2.083136 -1.830783  0.659438 -1.108389 -2.235537 -0.998908  0.084500 -0.373438 -2.512838 -1.635944 -1.525710
 50 A  50  1.113223 -0.822957 -0.811665 -0.524702 -1.096483 -0.205880 -0.023191 -0.836627 -1.296585 -1.077614 -1.268113 -0.452385 -0.846581 -1.861900 -1.046040  0.618972 -0.107779 -2.616661 -1.650767 -0.514744
 51 L  51 -0.826191 -1.816622 -2.370737 -2.937705 -0.988099 -1.600700 -2.255429 -3.142187 -2.308858  1.712142  2.279550 -1.712524  1.614526  0.122652 -2.408266 -1.508568 -0.786020 -1.728627 -0.699956  1.167861
 52 G  52  0.930729 -0.997957 -0.654898 -1.000937 -1.140688 -0.676985 -0.636242  0.066492 -1.428595 -1.201098 -1.303710 -0.746336 -0.929433 -1.764570 -1.161794  0.568420 -0.131326 -2.334300 -1.698449 -0.673549
 53 T  53 -0.351874 -0.293072 -0.168056 -0.456895 -1.799936  0.728988  0.184398 -1.183588 -0.821938 -1.583398 -1.185179 -0.055373 -0.523047 -1.918160 -1.046109  0.108025 -0.020065 -2.083066 -1.370109 -1.098609
 54 R  54 -0.839447  4.070810 -0.004355 -1.622878 -2.586335  0.824345  0.050082 -1.724833 -0.064360 -2.552120 -1.739622  1.701024 -0.887128 -2.591701 -1.705017 -0.816891 -0.848430 -2.630879 -1.747009 -2.514497
 55 V  55 -0.934141 -1.716250 -2.135943 -2.400565 -1.289650 -1.191236 -1.587990 -2.579225 -1.556125  0.484868  0.692228 -1.518556  0.430766  0.090281 -2.233882 -1.479933 -0.861779 -0.420866  0.159507  0.401462
 56 R  56 -0.590709  1.058306  0.063503 -0.505620 -2.311206  0.816369  0.694737 -1.200455 -0.362995 -2.118407 -1.646226  0.771660 -0.910972 -2.222537 -1.348824 -0.220620 -0.734287 -2.389041 -1.516460 -1.728382
 57 I  57 -0.398316 -2.000927 -2.165462 -2.242210 -1.016013 -1.600853 -1.633712 -2.723343 -2.200428  1.990300  1.115005 -1.658228  0.666507 -0.559164 -2.003161 -1.341976 -0.484293 -2.327734 -0.903182  1.925442
 58 V  58  0.204442 -1.956950 -2.171674 -2.328348 -0.822493 -1.649478 -1.768638 -2.180007 -1.893615  1.122588  0.470431 -1.718386  0.265967 -0.035072 -1.965710 -1.007912 -0.496037 -1.897827 -0.407435  1.244658
 59 E  59 -0.556591  0.674998 -0.165526 -0.814315 -2.141675  0.591648  0.325195 -1.254969 -0.444538 -2.046821 -1.569772  0.816738 -0.853386 -2.081053 -1.127197 -0.235160 -0.739371 -2.278851 -1.344940 -1.586401
 60 E  60 -0.459350 -0.422989 -0.762767 -0.504178 -1.839686  0.274903  0.575145 -1.497941 -0.837073 -1.181231 -0.808272 -0.194030 -0.293418 -1.392199 -1.341180 -0.352307 -0.662967 -1.707561 -1.121414 -0.871164
 61 L  61 -0.848596 -1.511760 -2.308888 -3.131071 -0.993217 -1.436822 -2.313569 -3.201128 -2.225173  1.313407  2.695728 -1.540041  1.654829 -0.120372 -2.413686 -1.512586 -0.878563 -1.705892 -0.766687  0.649722
 62 L  62 -0.815542 -1.223500 -1.651352 -2.262820 -1.275185 -1.068778 -1.679292 -2.656929 -1.666509  0.586221  1.357250 -1.164483  0.981060 -0.411852 -2.123804 -1.151578 -0.765611 -1.792534 -0.687755  0.240519
 63 R  63 -0.400062  0.768547  0.020521 -0.307435 -2.236120  0.491403  0.601040 -1.340489 -0.612244 -2.086835 -1.721805  0.923246 -1.051237 -2.240811 -1.295161 -0.009566 -0.600333 -2.663371 -1.676132 -1.674603
 64 G  64 -0.504569 -0.349994  0.229878 -0.166432 -2.784348  0.177004  0.311934  1.096588 -0.725033 -2.983529 -2.755688  0.042781 -1.786382 -2.666468 -1.413938  0.036321 -1.176634 -2.417424 -2.033323 -2.243754
 65 E  65 -0.569919 -0.502522  0.399804  0.254273 -2.805151  0.010311  0.633019  1.012027 -0.768440 -2.929118 -2.839086 -0.080624 -1.944401 -2.641547 -1.325425  0.107417 -0.982640 -2.482704 -2.117059 -2.216163
 66 M  66 -0.832160 -0.826389 -1.606947 -2.385679 -1.378198 -0.726719 -1.444430 -2.640052 -1.480428  0.254143  0.776723 -0.386800  1.161451 -0.570116 -1.907184 -1.058975 -0.839015 -1.701994 -0.588873  0.239104
 67 S  67  0.273185 -1.067744  0.095927 -0.657398 -1.155892 -0.564947 -0.593039 -1.132551 -1.480144 -1.442908 -1.484710 -0.548474 -0.975751 -2.030964 -0.324560  1.793686  2.201060 -2.524026 -1.904676 -0.927182
 68 Q  68 -1.261278 -0.125529 -0.417028 -1.023149 -2.508774  2.213936  0.350102 -2.168242  0.595412 -2.048472 -1.533617 -0.134265 -0.391424 -1.007989 -1.699383 -0.616273 -1.184396 -0.996239  1.225953 -1.518116
 69 R  69 -0.738204  2.588668 -0.038661 -1.398839 -2.565179  0.587430  0.023349 -1.747623 -0.296717 -2.387106 -1.742236  1.280895 -0.935337 -2.522002 -1.660802 -0.485163 -0.628477 -2.768307 -1.670136 -2.163089
 70 E  70 -0.857739 -0.074731 -0.051974  1.483159 -3.314525  1.789676  3.279630 -1.779247 -0.312729 -2.686214 -2.567026  0.741933 -1.557545 -2.791132 -1.067102  0.014706 -0.862671 -2.859743 -1.872139 -1.873953
 71 L  71 -0.914587 -2.750669 -2.910943 -3.109426 -0.971861 -2.682873 -2.869302 -3.847027 -2.932317  3.448114  2.207431 -2.682863  1.154569 -0.083940 -2.877575 -1.938185 -0.899719 -2.769551 -0.993973  2.612241
 72 K  72  1.973707 -0.621786 -1.103912 -1.226375 -1.050276 -0.285030 -0.152179 -0.547430 -1.262568 -1.493704 -1.420905 -0.150844 -1.009035 -2.113915 -1.083040  0.823743 -0.209432 -2.840351 -1.772486 -0.678927
 73 N  73 -0.620401  0.360767  0.535754  0.469244 -2.749608  1.248331  1.616763 -1.369130 -0.408228 -2.596941 -2.321943  1.012903 -1.329463 -2.695343 -1.198626  0.306467 -0.549592 -2.919169 -1.828169 -1.932972
 74 E  74 -0.695303  0.422218 -0.324032 -0.356413 -2.611609  0.948651  1.188976 -1.969873 -0.631340 -1.871787 -1.512018  0.776656 -0.701207 -2.302320 -1.449813 -0.252723 -0.732369 -2.691949 -1.604637 -1.366745
 75 F  75 -0.628671 -1.694265 -1.947632 -2.783908 -1.055684 -1.568163 -2.129565 -3.101013 -2.152966  0.844277  1.753656 -1.648924  0.758267 -0.445664 -2.302349 -0.986076  0.477980 -1.890854 -0.871019  0.567776
 76 G  76 -0.277879 -1.496241  0.443613 -0.698595 -2.823949 -1.300488 -1.327492  4.002169 -1.351480 -3.495340 -3.466067 -1.416548 -2.491093 -2.681832 -1.853309  0.129032 -1.544482 -2.188711 -2.480353 -2.698469
 77 A  77  0.561598 -2.031026 -2.422868 -2.597336 -0.805376 -1.692753 -1.880408 -2.442800 -2.505610  1.652103  0.759024 -1.720378  0.510034 -0.975925 -1.983965 -1.000886 -0.215458 -2.685574 -1.263665  1.929775
 78 G  78  0.684593 -1.120041  0.708719 -0.164468 -1.380125 -0.361403 -0.340420  0.836116 -1.151000 -2.255940 -2.250930 -0.349263 -1.331801 -2.128671 -1.098817  2.891234  0.492188 -2.721387 -2.083329 -2.032434
 79 I  79 -0.346119 -1.061546 -1.471410 -1.923630 -1.410832 -1.025941 -1.288160 -2.517868 -1.897847  0.502674  0.116604 -1.100834  0.027993 -1.345780 -1.595148 -0.642607  0.284076 -2.597374 -1.413733  0.603277
 80 A  80  2.049190 -0.860255 -1.106722 -1.464708 -0.180157 -0.786776 -0.837421 -0.552664 -1.663564 -1.275166 -1.222546 -0.638179 -0.955185 -1.987117 -1.033997  1.006042  0.470286 -2.677627 -1.880345 -0.556401
 81 T  81 -0.273203 -0.797348 -0.117060 -0.961890 -1.291871 -0.651602 -0.738305 -1.954127 -1.444070 -1.151148 -1.097463 -0.618447 -0.944342 -1.648076 -1.163014  0.608526  3.371152 -1.791197 -1.239645 -0.340000
 82 I  82 -0.591745 -2.808745 -2.838931 -2.870130 -0.943481 -2.445082 -2.489655 -3.442035 -2.809254  3.325104  1.546277 -2.470024  0.937551 -0.346811 -2.508032 -1.879854 -0.610815 -2.799933 -0.901299  3.080038
 83 T  83  0.321067 -0.888708  0.223246 -0.549382 -1.031288 -0.443144 -0.422951 -0.811295 -1.284305 -1.345753 -1.377320 -0.458583 -0.916824 -1.771517 -1.052433  1.730479  1.911109 -2.246866 -1.683266 -0.903571
 84 R  84 -0.910799  3.983239  0.097465 -1.647888 -2.614007  0.829009  0.016133 -1.731492  0.314214 -2.612936 -1.798762  1.579971 -0.923165 -2.528807 -1.739951 -0.793151 -0.871872 -2.590587 -1.569066 -2.596281
 85 G  85 -0.000191 -1.636046 -1.185896 -1.441483 -0.947241 -1.324729 -1.343682  0.257305 -1.650926 -0.323355 -0.851551 -1.345010 -0.592044 -1.313862 -1.500938 -0.680562 -0.665890 -1.724809 -1.305899  0.216591
 86 S  86  0.306943 -0.439131  0.467539 -0.492263 -1.106151 -0.180713 -0.212041 -0.537794 -0.803016 -1.230491 -1.149585  0.197504 -0.631831 -1.520122 -1.025244  1.382370  0.173992 -2.252248 -1.385199 -1.058890
 87 N  87 -0.935376  1.729970  1.710227 -0.484802 -2.181172  0.421803  0.079539 -0.857907  0.130311 -2.184373 -1.768681  1.052720 -1.038836 -2.216027 -1.384515  0.004737 -0.417699 -2.538435 -1.489076 -2.058839
 88 S  88  0.079499 -0.973594 -0.665064 -0.841804 -0.276105 -0.500602 -0.424599 -1.118825 -0.983561 -0.873240 -0.903828 -0.623587 -0.545581 -1.086201 -1.316370  0.300744 -0.261646 -1.762938 -0.930032 -0.660892
 89 L  89 -0.742573 -1.452564 -2.072310 -2.721842 -0.821371 -1.393809 -2.041846 -2.800945 -1.979886  1.308234  2.425318 -1.427514  1.293555  0.031009 -2.135294 -1.359678 -0.722340 -1.403378 -0.596397  0.682355
 90 K  90 -0.716630  0.841197  0.723378 -0.344469 -2.005777  0.620543  0.486791 -0.984875 -0.233025 -1.972015 -1.547745  1.732554 -0.830968 -1.966540 -0.907302  0.127542 -0.501799 -2.131802 -1.264889 -1.518970
 91 A  91 -0.397453 -0.299653 -0.100226 -0.558092 -1.453776 -0.029468 -0.057934 -0.941535 -0.035037 -1.316755 -1.191207  0.056693 -0.769652 -0.910847 -1.078530  0.085414 -0.263454 -1.278886 -0.161609 -1.028989
 92 A  92  0.035502 -0.654709 -0.695307 -1.061240 -1.154839 -0.389015 -0.661513 -0.200244 -0.994424 -0.894112 -0.675003 -0.513083 -0.276569 -1.251009 -1.041508 -0.201040 -0.557588 -1.545084 -1.146124 -0.572917
 93 P  93 -0.073416 -0.675689  0.109383  0.201712 -1.278077 -0.194368  0.001214 -0.384117 -0.710154 -1.452282 -1.509710 -0.295257 -1.011202 -1.612320  0.074454  0.507112 -0.095153 -1.984835 -1.378273 -1.154323
 94 V  94 -0.354653 -0.750034 -0.175162  0.333689 -1.430585 -0.118424  0.173453 -0.639770 -0.589683 -1.283532 -1.403718 -0.351902 -0.927364 -1.541752  0.055011  0.072475 -0.368591 -1.903761 -1.240466 -0.987432
 95 E  95 -0.043881 -0.462329 -0.231453 -0.077020 -1.417607 -0.068080  0.196844  0.015646 -0.658503 -1.362082 -1.387114 -0.274113 -0.941882 -1.476522 -0.750853  0.056841 -0.505787 -1.637844 -1.194187 -0.978515
 96 L  96 -0.693256 -0.987404 -0.949237 -1.158942 -1.139263 -0.585699 -0.680727 -1.540856 -0.350257 -0.231977 -0.121352 -0.877435 -0.181462  0.324004 -1.476334 -0.710846 -0.583124 -0.610644  0.693369 -0.263927
 97 R  97 -0.523622  1.196404 -0.118220 -0.761063 -1.599888  0.408677  0.158019 -1.195605 -0.439537 -1.440094 -0.984763  1.395392 -0.471417 -1.530569 -0.804611 -0.256719 -0.488242 -1.661815 -1.025343 -1.152214
 98 Q  98 -0.211215 -0.077061 -0.280677 -0.345750 -1.227452  0.196568  0.147522 -1.063379 -0.574214 -0.850574 -0.648716  0.058852 -0.325884 -1.187472 -0.886127 -0.072611 -0.286110 -1.575963 -0.931746 -0.648456
 99 W  99 -0.446853 -0.952309 -1.347443 -1.507035 -0.891849 -0.696548 -0.987238 -1.297387 -1.097986 -0.234993 -0.204251 -0.758405 -0.058998 -0.330101 -1.337700 -0.779624 -0.526849  0.481207 -0.216456 -0.147908
100 L 100 -0.489841 -1.198102 -1.601353 -2.007681 -0.598557 -1.115968 -1.511906 -2.087278 -1.551406  1.118043  1.679519 -1.131023  0.888495  0.008564 -1.592248 -1.038753 -0.491774 -1.165399 -0.450758  0.732151
101 E 101 -0.292373 -0.067408 -0.063921  0.236462 -1.426659  0.417263  0.897413 -0.853025 -0.380560 -1.167598 -1.078396  0.312611 -0.677678 -1.353284 -0.654531  0.080125 -0.312123 -1.571055 -1.020614 -0.849492
102 E 102 -0.106195  0.583904 -0.123744 -0.310095 -1.254480  0.417164  0.337266 -0.793025 -0.309475 -1.212502 -0.978890  0.467935 -0.552569 -1.298745 -0.730312 -0.030822 -0.314313 -1.468556 -0.905635 -0.944815
103 V 103 -0.372876 -0.322379 -0.654797 -0.974410 -0.845260  0.045591 -0.419505 -1.205651 -0.649725 -0.145557  0.293028 -0.279775  0.246345 -0.564430 -0.953893 -0.448217 -0.346596 -0.938010 -0.440762 -0.140034
104 L 104 -0.318372 -0.706802 -0.957434 -1.219900 -0.463056 -0.648824 -0.909559 -1.322976 -0.974648  0.655280  0.935932 -0.689382  0.483913 -0.126429 -1.028830 -0.628109 -0.338106 -0.860661 -0.366882  0.414092
105 L 105 -0.242808 -0.249918 -0.431222 -0.487122 -0.653814 -0.165210 -0.130422 -0.839642 -0.589951 -0.134260  0.116744 -0.001554  0.033499 -0.502246 -0.636925 -0.245923 -0.247801 -0.858377 -0.523712 -0.126930
106 K 106 -0.213783  0.272289  0.024882 -0.194808 -0.767720  0.264396  0.186422 -0.457012 -0.075642 -0.757473 -0.595927  0.526364 -0.319710 -0.780452 -0.185232 -0.016544 -0.184440 -0.806829 -0.478847 -0.551180
107 S 107 -0.106469 -0.006774  0.177184 -0.102511 -0.518027  0.123250  0.071553 -0.257686 -0.081074 -0.501298 -0.435483  0.182749 -0.237914 -0.528921 -0.254148  0.134402 -0.075503 -0.642712 -0.347641 -0.382833
108 D 108 -0.215118 -0.097217  0.290462  0.406525 -0.415883  0.074566  0.283631 -0.123174 -0.008299 -0.378600 -0.427209 -0.011326 -0.301009 -0.378600 -0.166509  0.040309 -0.085891 -0.467518 -0.301009 -0.341318
