
Last position-specific scoring matrix computed, weighted observed percentages rounded down, information per position, and relative weight of gapless real matches to pseudocounts
           A  R  N  D  C  Q  E  G  H  I  L  K  M  F  P  S  T  W  Y  V   A   R   N   D   C   Q   E   G   H   I   L   K   M   F   P   S   T   W   Y   V
    1 G    2 -4 -3 -4 -4 -4 -4  6 -4 -5 -5 -3 -4 -5 -4 -2 -3 -5 -5 -4   21   0   0   0   0   0   0  79   0   0   0   0   0   0   0   0   0   0   0   0  1.57 0.44
    2 P   -4 -4 -6 -6 -7 -5 -2 -4 -1 -7 -3 -4 -6 -8  8 -4 -5 -8 -7 -6    1   1   0   0   0   0   3   2   2   0   3   1   0   0  88   1   0   0   0   0  2.76 0.93
    3 L    2  1 -2  2 -4  1  3 -2 -1 -3 -1  0 -1 -4  2  0  0 -5 -3 -2   20   6   1  10   0   4  19   2   1   0   7   3   1   0  11   7   6   0   0   1  0.30 0.23
    4 G    0  1 -3 -1 -3 -1 -1  6 -4 -5 -3 -3 -5 -4  0 -1 -1 -6 -5 -4    8   7   0   3   1   2   4  57   0   0   2   1   0   1   5   3   4   0   0   1  0.95 0.47
    5 S    1  0  1 -2 -3  1  0  0  1 -2 -3 -1 -2  0  1  3  1 -4  0 -2   12   4   7   1   0   5   5   6   3   1   0   3   1   5   7  25   9   0   3   3  0.24 0.23
    6 S    4 -2 -2 -3 -4 -1 -1 -1 -3 -4 -4 -1  3 -4  1  3  0 -5 -1 -2   35   2   1   1   0   3   3   4   0   0   0   3   8   0   6  22   5   0   3   2  0.55 0.40
    7 W    0  1  0 -1  2  0  0 -2  0 -1  1 -1  1  0 -1  1  0  2 -1  0    8   8   3   2   6   5   6   2   3   2  18   3   3   5   3  10   5   3   1   5  0.07 0.10
    8 L    1 -2 -5 -5 -2 -4 -4 -3 -3  1  4 -4  2  1 -1 -3 -2  1  2  0   11   2   0   0   1   0   0   2   1   6  45   0   4   6   4   1   2   2   7   5  0.57 0.34
    9 F    0  1 -3 -2  1 -2 -2 -2 -2  1  0  0  1  0 -4  1  2 -3  2  1    6  10   0   2   4   1   1   2   1   7   9   4   4   5   0   9  17   0   6  11  0.19 0.19
   10 L   -4 -7 -8 -8 -6 -5 -6 -7 -5  1  6 -5  1 -2 -6 -4 -5 -6 -6  1    1   0   0   0   0   1   1   0   0   5  77   1   2   2   0   1   1   0   0   8  1.69 0.77
   11 E   -1  1 -3 -1 -3  0  3 -4  2  1  0  0  0 -3 -3 -1  1 -3 -2  2    4   9   1   3   0   4  18   0   5   6   8   5   2   1   1   3  10   0   1  19  0.27 0.25
   12 V   -1 -4 -6 -7 -1 -3 -6 -5 -3  3  0 -6  0  2 -5 -3 -3 -6 -2  6    5   1   0   0   2   2   0   1   1  15   7   0   2   7   1   2   1   0   1  53  1.17 0.58
   13 I   -2 -1 -4 -3 -3 -2 -2 -4 -4  4  2 -1  1 -2 -3 -2  2 -2 -3  3    2   4   1   1   0   2   3   1   0  20  22   4   3   1   1   2  12   0   1  19  0.45 0.30
   14 A    1  2  0  1 -3  1  2 -1  0 -4 -4  1 -4 -4 -2  2  1 -3 -2 -3   12  13   4   9   0   5  13   4   2   1   1   8   0   0   1  17   8   0   1   1  0.33 0.27
   15 G   -3 -4 -4 -4 -3 -4 -4  7 -4 -6 -6 -5 -5 -6 -5 -1 -2 -6 -7 -6    2   1   1   1   1   1   1  80   1   1   1   1   0   0   1   5   2   0   0   1  2.06 0.86
   16 P    0 -2 -3 -2 -5 -4 -2 -2 -2 -5 -3 -2 -4 -6  8 -1 -3 -7 -6 -3    7   2   2   2   0   1   3   3   1   1   3   3   0   0  63   4   2   0   0   2  1.67 0.78
   17 A    0  0  2  3  1  1  0 -1  0 -3  0 -1  0 -2 -2  1 -1 -3 -2 -2    7   6   8  18   3   5   6   4   3   1  12   3   2   2   2  10   3   0   1   3  0.18 0.17
   18 I    3  0  0 -2 -2  1  0 -2 -1 -1 -2  0 -2 -3 -1  1  1 -2 -4 -1   29   5   4   2   1   6   6   2   2   4   5   6   1   1   3  12   7   1   0   5  0.25 0.23
   19 G   -2 -4  0 -4 -7 -4 -5  7 -3 -6 -5 -6 -3 -6 -4 -3 -3 -5 -6 -5    3   1   4   1   0   1   1  79   1   0   1   0   1   0   1   2   2   0   0   1  2.01 0.88
   20 L    0  3 -1  0 -4  3  0 -1  0 -2 -1  1 -2 -3 -2  1  1 -5 -3 -2    9  15   2   4   0  12   6   4   2   3   6   9   1   1   1  12  10   0   1   3  0.24 0.22
   21 Q   -1  4  0 -2 -1  0  0 -2 -1 -1 -2  0 -1 -2 -3  1  2 -3 -3  1    4  22   4   1   1   4   7   3   1   4   4   5   1   2   1  11  13   0   1  10  0.29 0.25
   22 H   -3 -2 -4 -5 -2 -3 -3 -4  3  1  1 -3  1  6 -3 -3 -3  2  4  0    3   2   1   1   1   1   2   1   7   8  13   1   3  29   2   2   1   3  13   6  0.78 0.41
   23 A    0  0 -2 -1 -2  1  1 -2 -1 -1  1 -1 -1 -3  3  0  0 -1 -1  0    7   6   1   2   1   5   9   2   1   3  16   4   1   1  16   9   5   1   2   5  0.19 0.18
   24 V   -2  0 -5 -3 -3 -4 -2 -4 -3  2  5 -4  0  1 -4 -3 -2 -3 -3  2    3   5   0   1   1   1   3   1   1   8  51   1   2   6   1   2   2   0   1  11  0.79 0.43
   25 N   -1  2  1  3 -4  2  1  1  2 -4 -3  1 -2 -4 -1 -1  0 -2 -2 -2    4  10   5  16   0  10   8  12   4   1   2   8   1   1   3   4   7   1   1   3  0.29 0.22
   26 S    0  1 -1  1 -3  1  1  1 -1 -3 -2  1 -2 -2  2  1  0 -4 -1 -2    7   6   2   9   0   7  10   9   1   2   3   7   1   2  10  13   6   0   2   3  0.18 0.16
   27 T    0  0 -1  1 -3  0  1  2 -1 -1 -2 -1 -1  0  2  0  0 -2 -1  0    9   6   2   9   0   4   8  16   1   4   3   3   1   4   9   5   7   1   2   6  0.12 0.11
   28 S    0  1 -1  0 -2  1  1 -1 -1 -1 -1  0 -1 -1  0  2  1 -3 -1  1    7   7   2   5   1   5   9   5   1   3   7   4   1   3   4  15   9   0   2  10  0.08 0.09
   29 S    0 -1  0 -1 -1 -1 -1  0 -1 -1  0 -1 -1 -1  2  1  3 -2 -2  0    7   3   3   4   1   3   4   6   2   3  10   2   1   3  10   9  21   1   1   6  0.15 0.12
   30 S    0  0  0  1 -1  0  0  0  0 -1 -1  0 -1 -2  1  1  1 -1 -1 -1    9   6   3   7   1   3   7   8   2   4   7   4   1   2   6  13  10   1   2   5  0.06 0.05
   31 K    1  2  0  0 -1  0  0  0  1 -1 -1  1 -1 -1  0  0  0 -1 -1 -1   11  12   4   6   1   5   7   8   3   3   5   7   1   2   5   7   6   1   2   6  0.07 0.04
   32 L    0  1  0  1 -1  0  1  1  0 -1  0  0 -1  0  1  0  0  0  0 -1    7   8   4   7   1   4   8  10   2   3   8   5   1   4   6   7   4   1   3   4  0.04 0.02
   33 P   -1  0 -1  0 -1  0  2 -1 -1 -1 -2 -1 -1 -2  4  0  0  0 -2 -1    5   6   2   4   1   4  15   6   1   3   4   4   1   2  22   5   5   1   2   5  0.29 0.15
   34 V   -2 -3 -3 -3  1 -3 -4 -4 -3  4  2 -4  2  1 -4 -3 -1  0  2  3    3   1   1   2   3   1   1   2   1  20  20   1   4   5   1   1   3   1   6  22  0.55 0.26
   35 K   -2  2 -2 -3 -3 -2 -2 -5 -2  1  0 -1 -2 -2 -4  0  5 -5 -3  2    2  12   2   1   0   2   2   1   1   7   8   3   1   2   1   7  33   0   1  13  0.56 0.36
   36 L   -4 -7 -7 -7 -3 -7 -7 -8 -7  7  2 -7  1  0 -5 -6 -5 -7 -6  3    1   0   0   0   1   0   0   0   0  54  16   0   3   3   1   0   0   0   0  18  1.67 0.68
   37 G   -7 -9 -7 -5 -9 -8 -9  8 -9 -10 -10 -8 -9 -10 -9 -7 -8 -9 -10 -10    0   0   0   1   0   0   0  98   0   0   0   0   0   0   0   0   0   0   0   0  3.18 1.24
   38 R   -5  9 -7 -8 -5 -5 -7 -9 -7 -7 -9 -2 -8 -9 -9 -4 -5 -9 -9 -7    1  92   0   0   0   0   0   0   0   0   0   2   0   0   0   2   1   0   0   0  3.21 1.30
   39 V    2 -1 -1  2 -5 -1  0  2  3 -4 -1 -2 -2 -4 -4  3  0 -6 -4 -1   14   4   2  12   0   2   7  13   8   0   6   2   1   0   1  19   4   0   0   4  0.33 0.28
   40 S    1  1 -1  0 -6  0  0  0 -2 -4 -3  0 -4 -5  5  1 -1 -4 -5 -3   10   7   3   6   0   3   7   6   1   1   3   6   0   0  29  10   4   0   0   2  0.55 0.38
   41 P   -1 -1  1  5 -7  1  2  1  0 -5 -5 -2 -4 -5 -1  1 -1 -7 -3 -4    5   3   6  32   0   5  13  10   2   1   1   3   0   0   3  10   5   0   1   1  0.65 0.41
   42 S    2 -5  6 -5  7 -4 -6 -4  1 -5 -6 -6 -5 -7 -4  2 -3 -5 -8 -3   16   1  35   0  22   1   0   1   3   1   1   0   0   0   1  13   2   0   0   2  1.51 0.74
   43 D   -2 -1  0  7 -6  0  0 -2  2 -6 -7 -4 -5 -7 -4 -1  0 -4 -6 -5    4   3   4  55   0   5   6   3   4   0   1   1   0   0   1   4   7   0   0   1  1.37 0.69
   44 L   -5 -7 -7 -7 -4 -6 -7 -7 -5  6  3 -7  0  1 -6 -7 -4 -2 -2  3    0   0   0   0   0   0   0   0   0  39  28   0   2   5   0   0   1   1   1  20  1.39 0.61
   45 A   -1  3 -5 -4  2  1 -4 -5 -1  1 -2 -4  0  0  0 -2 -1 -2 -3  5    4  13   0   1   4   7   1   1   1   6   3   0   2   5   4   3   3   1   1  39  0.68 0.41
   46 L   -6 -8 -8 -7 -7 -6 -6 -9 -6  4  5 -8 -1 -1 -4 -6 -4 -7 -4  2    0   0   0   0   0   0   1   0   0  24  54   0   1   3   1   0   1   0   1  12  1.50 0.66
   47 K   -1  1  2  4 -4  0  1 -2  0 -5 -4  0 -4 -5  3  0 -1 -5 -3 -4    5   6   8  26   0   4   8   3   2   0   2   6   0   0  16   7   4   0   1   1  0.57 0.37
   48 D   -3 -6  0  8 -3 -4  0 -5  3 -7 -6 -5 -6 -4 -5  0 -5 -9 -5 -5    2   0   4  68   1   1   5   1   7   0   1   0   0   1   1   6   1   0   0   1  1.95 0.86
   49 S    0  0 -1  1 -6 -1 -1 -1  0 -1 -1 -2  0 -5  5  0  0 -6 -4  0    9   6   3   8   0   2   4   4   2   3   5   3   2   0  28   6   6   0   0   8  0.45 0.31
   50 E    0  0  0 -1 -2 -1  0  1 -1 -3  0 -1 -1  0 -4  2  2  0  2 -2    7   5   4   3   1   3   6  12   1   1   8   4   2   4   0  16  14   1   6   3  0.16 0.18
   51 V    1 -8 -9 -9 -1 -8 -8 -8 -9  4 -1 -8 -1 -7 -8 -5 -3 -9 -7  7   10   0   0   0   1   0   0   0   0  17   5   0   1   0   0   1   1   0   0  62  1.79 0.76
   52 S   -4 -8 -6 -3 -8 -7 -7 -3 -8 -9 -10 -7 -9 -10 -8  8 -4 -10 -9 -6    1   0   0   2   0   0   0   2   0   0   0   0   0   0   0  94   1   0   0   1  2.80 1.22
   53 G   -3  8 -3 -6 -9 -2 -4  0  0 -7 -7  2 -5 -9 -5 -1 -3 -2 -6 -6    2  65   1   0   0   2   1   8   2   0   0   9   0   0   1   5   2   1   0   1  1.84 0.85
   54 K   -3  5 -1 -3 -2  2 -1 -6  5 -3 -1  2 -1 -1 -5 -2 -2 -4  1 -2    2  28   3   1   1   8   4   0  15   2   7  10   2   3   0   3   2   0   5   3  0.69 0.41
   55 H   -10 -8 -7 -9 -11 -2 -8 -10 11 -11 -11 -9 -10 -9 -10 -9 -10 -10 -2 -11    0   0   0   0   0   2   0   0  97   0   0   0   0   0   0   0   0   0   1   0  4.73 1.67
   56 A    6 -8 -8 -8  4 -7 -7 -4 -8 -4  0 -7 -3 -3 -7 -3 -5 -8 -8  0   71   0   0   0   7   0   0   1   0   1  10   0   1   1   0   1   1   0   0   6  1.79 0.85
   57 Q   -1  4 -3 -3 -3  2  4 -5 -1 -1 -2  0 -1 -3 -6 -2  0  0 -4  1    6  19   1   1   1   9  25   1   2   3   4   6   2   1   0   2   6   1   1  10  0.53 0.38
   58 I   -5 -8 -9 -9 -3 -8 -8 -9 -8  6  3 -8 -2  3 -8 -8 -6 -7 -6  2    1   0   0   0   1   0   0   0   0  44  29   0   1  11   0   0   0   0   0  13  1.65 0.73
   59 T   -2  3 -1 -1 -2  0  1 -4  1  0 -1 -1 -2  1 -4  0  1 -1  1  1    3  18   3   3   1   4  10   1   4   5   7   3   1   5   0   8  11   1   5  11  0.23 0.20
   60 W   -2  2 -3 -3 -1  0 -3 -4  0  0  1 -2 -1  2  1 -2 -2  6  3  1    3  13   1   1   1   5   1   1   2   4  11   3   1   8   7   3   3  12   8  11  0.42 0.24
   61 N   -1  2  2  3 -1  1  1 -1  1 -2 -2  0 -1 -3 -2  0  1 -2 -3 -2    4  11   9  19   2   6   8   5   3   3   4   4   2   1   2   6   8   0   1   3  0.24 0.17
   62 S    0 -1  0  0 -2  0  1  4 -1 -3 -3 -2 -2 -4  3  0 -1 -3 -4 -2    7   4   4   5   1   4   9  29   1   1   3   2   1   1  13   6   3   0   1   3  0.40 0.27
   63 T    0  1  1  3 -3  1  2 -1  0 -3 -3  0 -3 -4  0  1  0 -3 -3 -1    8   7   8  15   0   6  13   6   2   1   2   4   1   1   5  10   7   0   1   5  0.24 0.20
   64 K    0  1  2  2 -3  1  1  3  2 -4 -3  0 -3 -4 -2  0  0 -4 -2 -2    6   7   8  12   0   6   8  19   4   1   2   5   1   1   2   7   6   0   1   2  0.28 0.20
   65 F    0 -1 -1  0 -2  0 -2  4  0 -2 -1 -2 -2  2 -2 -1 -1 -2 -1 -2    8   3   2   5   1   4   3  33   2   2   6   3   1  10   2   5   4   0   2   3  0.35 0.22
   66 K    0  2  0 -1 -1  2  0  1  0 -1 -1  0 -1 -1 -1  0  0 -3 -2  0    6  13   4   4   2   9   5   9   3   4   6   6   2   2   3   7   7   0   1   6  0.08 0.07
   67 W   -1 -3 -4 -4  0 -3 -3 -3  0 -1 -1 -4 -2  2 -3 -3 -2  9  5  2    5   2   1   1   2   1   2   2   2   3   6   1   1   7   2   2   2  25  18  13  1.11 0.43
   68 E   -1 -1 -3 -3 -1  0  1 -3 -1  0 -1 -1  2  2 -4  0  1  4  2  2    4   4   1   1   1   5  11   1   1   5   6   3   5   9   1   6  10   5   7  14  0.23 0.18
   69 L   -3 -7 -5 -8 -2 -7 -7 -6 -8  5  4 -7 -2 -3 -7 -6 -6 -7 -3  4    3   0   1   0   1   0   0   1   0  28  35   0   1   1   0   1   0   0   1  28  1.39 0.64
   70 V   -1  3 -3 -3  0  1  3 -5  1  0 -3  0 -1 -4 -5 -1  2 -6 -1  2    4  14   1   1   2   5  22   0   3   6   2   5   1   1   0   4  11   0   2  16  0.47 0.35
   71 D   -6 -9 -1  9 -11 -8 -6 -9 -8 -11 -11 -4 -10 -11 -5 -5 -8 -12 -11 -11    1   0   3  93   0   0   0   0   0   0   0   1   0   0   1   1   0   0   0   0  3.27 1.35
   72 M   -1 -1 -3 -5 -2 -2 -4 -6 -2 -2  6 -5  2 -2 -6 -4 -3 -3 -5  0    5   3   1   1   1   2   1   1   1   2  65   1   5   2   0   1   2   0   0   6  1.20 0.61
   73 G   -2 -1  3  0 -4 -1 -2  6  0 -8 -6 -1 -5 -8 -7 -1 -5 -8 -5 -6    3   4  11   5   0   3   3  57   2   0   1   3   0   0   0   5   0   0   0   0  1.30 0.66
   74 S   -3 -4 -6 -7 -8 -4 -5 -5 -8 -9 -9 -7 -8 -9 -3  8 -4 -9 -8 -8    2   1   0   0   0   1   1   1   0   0   0   0   0   0   1  92   1   0   0   0  2.70 1.26
   75 L    0  2 -4 -5 -4  0 -4 -3  0 -2  0  0 -2 -4 -4  1  5 -4 -4 -2    7  13   0   0   0   4   1   2   2   2   9   5   1   1   1  10  38   0   0   3  0.72 0.48
   76 N   -6 -5  9 -3 -9 -5 -6 -4  2 -7 -8 -6 -5 -9 -9 -2 -5 -10 -6 -9    1   1  85   1   0   1   1   1   5   0   0   0   0   0   0   3   1   0   0   0  2.98 1.26
   77 G   -6 -6 -4 -8 -4 -5 -8  8 -2 -10 -8 -5 -9 -4 -4 -3 -8 -9 -9 -9    0   0   1   0   0   1   0  91   1   0   0   1   0   1   1   2   0   0   0   0  2.70 1.14
   78 T   -5 -8 -7 -8 -4 -7 -8 -8 -8 -1 -3 -7 -2 -5 -8 -1  8 -9 -8  0    1   0   0   0   0   0   0   0   0   3   3   0   1   1   0   5  78   0   0   7  2.33 1.10
   79 L   -5 -1 -5 -6 -4 -3 -4 -7  0 -2  0 -2  0  7 -8 -4  0  3  6 -2    1   4   0   0   0   2   1   0   2   3   9   3   2  36   0   2   6   4  22   3  1.25 0.61
   80 V   -5 -5 -8 -8 -3 -4 -8 -8 -3  2  3 -8 -2 -4 -8 -7 -5 -3 -4  6    1   1   0   0   1   1   0   0   1   9  27   0   1   1   0   0   0   0   1  56  1.66 0.75
   81 N   -5 -2  8  2 -5 -3 -2 -2 -3 -8 -7 -5 -5 -8 -8 -3 -5 -9 -5 -8    1   2  74  10   0   1   2   3   1   0   1   1   0   0   0   2   0   0   0   0  2.39 1.04
   82 S   -3  0  0  2 -7  0 -1  6 -1 -8 -7 -2 -5 -8 -5 -2 -5 -4 -5 -7    2   5   4  10   0   4   4  60   2   0   1   2   0   0   1   3   1   0   1   0  1.41 0.69
   83 H   -1  2 -1 -2 -2  4  2 -2  1 -2 -3  1 -1 -4 -4 -1  0 -3 -3  0    6  13   3   2   1  19  13   3   3   2   3   9   1   1   0   5   5   0   1   8  0.38 0.29
   84 S   -2  6 -3 -3 -4  0 -2 -4 -1 -3 -2  2 -3 -5  3 -2 -3 -4 -5 -4    4  43   1   2   0   4   2   1   2   2   5  13   1   1  14   3   1   0   0   1  1.04 0.56
   85 I   -3 -5 -6 -6 -3 -5 -4 -4 -4  5  2 -6  0 -3 -5 -4 -4 -6 -4  5    2   1   0   1   1   1   1   2   0  32  21   0   2   1   1   1   1   0   1  33  1.19 0.55
   86 S    0  0  0  1 -3  1  1  0  1 -2 -2  0 -2 -2  0  1  2 -3 -2 -1    9   4   5   8   0   7   8   6   3   2   3   5   1   1   4  13  15   0   1   4  0.16 0.14
   87 H   -1  2  0 -1 -3  2  1  1  1 -2 -2  1 -1 -2  1  0  0 -1 -2 -1    5  13   4   3   1   9  10  12   4   2   3   8   1   1   8   6   5   1   1   4  0.18 0.12
   88 P    2  1 -1 -1  0  1  0  0  1 -1 -1  0 -1 -1  2  0  0 -2 -1 -1   18   9   3   4   2   7   6   6   3   3   6   5   2   2   9   5   4   1   2   4  0.11 0.07
   89 D    0  0  0  0 -1  0  0  0  0  0  0  0  0 -1  0  0  1  0 -1  0    8   5   5   5   2   5   6   5   2   5   8   6   2   2   4   6  10   1   2  10  0.02 0.01
   90 L    0  0  0  0  0  0  0  0  0  0  0  0  0  0  0  0  0  0  0  0    6   4   4   5   2   3   6   6   2   6  10   5   2   3   4   8   7   1   5  10  0.01 0.00
   91 G    0  0  0  0  0  0  0  1  0  0  0  0  0 -1  0  0  0  0  0  0    9   5   4   5   2   5   7  10   2   5   8   6   2   3   5   7   7   1   3   6  0.02 0.00
   92 S    0  0  0  0  0  0  0  0  0 -1  0  0  0  0  2  1  0  0  0  0    8   5   4   4   2   4   6   7   2   4   7   5   2   4  10   9   7   1   3   6  0.05 0.01
   93 R    0  1  0  0  0  0  0  0  0  0  0  0  0  0  0  0  0  1  0  0    7  10   4   4   2   4   5   7   2   6  10   7   2   3   5   6   5   2   3   7  0.02 0.00
   94 K    0  1  0  0 -1  1  0  0  0  0  0  0  0 -1  1  0  0 -1 -1  0    7   7   4   5   2   7   7   6   3   5   9   6   2   3   6   7   5   1   2   7  0.03 0.01
   95 W    0  0  0  0 -1  0  0  0 -1 -1 -1  0  0 -1  2  0  0  2 -1  0    9   6   3   5   1   4   7   7   2   4   7   5   2   3  12   7   5   3   2   6  0.08 0.03
   96 G    0  0  0  0 -1 -1 -1  3 -1 -1 -1  0 -1 -1  0  1  0 -1  0 -1    6   5   5   5   1   3   5  21   2   4   6   5   2   3   4  10   4   1   3   6  0.11 0.05
   97 N    0  0  0  2 -1  2  1 -1  1 -1 -1  0 -1 -1  0  0  0 -1 -1  0    7   6   5  13   1   9  10   5   3   4   6   5   1   2   4   5   7   1   2   6  0.10 0.06
   98 P    0 -1 -2 -1 -1  0  1 -1 -1 -2 -1 -1 -2 -2  5  1 -1 -1 -1 -1    7   4   2   4   1   5   9   5   1   2   6   3   1   2  27  11   4   1   2   4  0.40 0.19
   99 V    1  0 -2 -3  1 -1 -2 -2  3  1 -1 -2  0  0 -2 -2  1  2  1  3   11   4   2   1   3   3   3   3   7   6   6   2   3   3   2   3   8   3   5  22  0.23 0.14
  100 E    0  3 -1  0 -3  1  2 -2 -2 -2 -2  0 -1 -1  3 -1  0 -2 -2 -1    7  14   3   4   1   6  12   3   1   2   5   5   2   3  15   3   7   1   1   5  0.24 0.18
  101 L   -4 -7 -7 -7 -6 -7 -7 -7 -7  1  6 -7 -2 -2 -7 -7 -6 -2 -4  1    2   0   0   0   0   0   0   0   0   8  76   0   1   1   0   0   0   1   1   8  1.87 0.84
  102 A    1  4  1 -2 -2  1 -1 -1  2 -4 -3  2 -2 -4 -2  1  0 -4 -2 -2   13  20   6   2   1   7   4   4   5   1   3  10   1   1   2  10   6   0   1   3  0.34 0.26
  103 S   -1 -3  3  5 -3 -2  0 -3  5 -4 -4 -4 -4 -3  3  0 -2 -5 -4 -1    5   1  11  27   1   1   6   2  12   1   2   1   1   1  13   7   2   0   0   5  0.72 0.45
  104 D   -4 -3  0 -1 -5 -3 -4  7 -3 -6 -5 -5 -4 -7 -7 -3 -5 -8 -8 -8    1   2   5   4   0   1   1  78   1   1   1   1   1   0   0   2   1   0   0   0  2.09 0.97
  105 D   -1 -8 -3  8 -5 -3 -3 -6 -3 -6 -8 -6 -2 -6 -4  1 -4 -9 -7 -5    5   0   1  73   0   1   1   1   1   0   0   0   1   1   1  10   1   0   0   1  2.18 1.04
  106 I   -3  3 -4 -4 -4  1  2 -6 -1  2  0 -1 -1 -3 -3 -3  1 -5 -2  3    2  14   1   1   0   5  14   0   1  12   9   3   2   1   1   2   9   0   1  22  0.48 0.35
  107 I   -7 -9 -9 -9 -4 -8 -9 -10 -9  6  3 -9 -3 -1 -9 -8 -7 -8 -5  4    0   0   0   0   0   0   0   0   0  46  24   0   1   3   0   0   0   0   0  26  1.83 0.83
  108 T   -1  4 -2 -4 -1  4  0 -1  0 -3 -3  2 -1 -4 -6  0  3 -2 -2 -3    5  19   2   1   1  16   6   5   2   1   2  11   2   1   0   6  16   1   1   2  0.52 0.40
  109 L   -4 -8 -9 -9 -3 -8 -8 -9 -8  5  4 -8  1  4 -8 -8 -4 -7 -6  3    2   0   0   0   1   0   0   0   0  34  30   0   3  15   0   0   1   0   0  15  1.45 0.68
  110 G   -2 -9 -7 -6 -3 -8 -7  8 -6 -10 -8 -8 -9 -9 -7 -5 -7 -9 -9 -8    3   0   0   0   1   0   0  92   0   0   0   0   0   0   0   1   0   0   0   0  2.84 1.22
  111 T    0  1  2  1 -4  1  1  1  3 -4 -4  1 -3 -3 -1  1  1 -4 -2 -3    6   7   9   9   0   6   8   9   7   1   1   9   1   1   3  11   8   0   1   2  0.27 0.23
  112 T   -1 -4 -2 -1 -2 -1 -2 -5  1 -2 -3 -4 -2  1 -3  3  4  2  2  1    5   1   2   4   1   3   2   1   3   3   2   1   1   6   2  18  26   2   7  10  0.52 0.39
  113 T   -2  2 -2 -1 -3  0  1 -3 -1 -1 -2 -1 -3 -5 -3  1  4 -6 -4  1    3  12   1   4   0   5  11   2   2   4   3   3   1   0   1  12  25   0   0  10  0.42 0.35
  114 K   -2  1 -3 -6 -3 -4 -5 -4 -3  1  4 -1  1  5 -5 -3 -2 -3 -2 -1    3   7   2   0   1   1   1   1   1   7  34   5   3  23   1   2   3   0   1   4  0.72 0.40
  115 V   -1  3 -5 -5 -2 -2 -2 -5 -3  3  2 -1  0 -2 -4 -2  1 -3 -3  3    4  15   0   0   1   1   2   1   1  16  17   3   2   2   1   3   7   0   1  22  0.49 0.32
  116 Y   -3  0 -6 -5 -6 -2 -2 -6 -2  0  2 -3  0  6 -6 -3 -1 -1  4  0    2   5   0   0   0   2   3   0   1   4  18   2   2  36   0   2   3   1  12   6  0.96 0.51
  117 V   -1 -2 -3 -4  2 -1 -2 -5 -2  3  1 -4 -2 -1 -5 -3 -1 -2 -2  5    4   3   1   1   4   3   2   1   1  13  15   1   0   3   0   2   3   1   1  39  0.66 0.39
  118 R   -2  3  0 -1 -5  2  1 -4  6 -3 -1 -1 -2 -3  1  0  1 -3 -2 -2    3  17   4   4   0   8   9   1  17   1   6   3   1   1   8   6   8   0   1   3  0.45 0.34
  119 I   -1 -2 -4 -3 -2 -2 -2 -3 -4  4  2 -4  0  3 -1 -3  0 -1 -2  2    5   2   0   1   1   1   3   2   0  26  16   1   2  11   4   2   6   1   1  14  0.42 0.28
  120 S    1  0 -1  1 -4 -1  1 -1  5 -2 -2 -2 -2 -4  1  1  1 -5 -2 -2   13   6   3   7   0   2  11   5  14   2   5   1   1   0   7   9   9   0   1   3  0.27 0.24
  121 S    2 -1  0  0 -4 -1  1 -2 -2 -2 -1 -1 -2 -3  3  1  0 -3 -3 -1   17   4   5   5   0   3   9   3   1   2   8   2   1   1  17  12   7   0   1   4  0.26 0.23
  122 Q    1 -1  0  1 -4  2  1  2 -1 -2 -1  0 -1 -4  1  0 -1 -4 -3 -1   14   4   3   6   0  10   8  18   1   1   7   5   1   0   6   7   4   0   1   3  0.19 0.18
  123 N    1 -1  3  0 -2 -1  1  0  3 -1 -2 -2 -2 -1  0  1  1 -4  0 -2   13   2  16   5   1   2   9   6   8   3   4   1   1   3   4  10   7   0   4   3  0.19 0.19
  124 E    0  1 -2  3 -2  2  4 -3  1 -4 -3  0 -1 -5  0 -1  0 -6 -4 -3    8   8   1  15   1  10  28   2   4   1   2   4   1   0   5   3   5   0   0   2  0.50 0.36
  125 F    2 -1  0  0  0  0  0  0  2 -1 -2 -1  0 -1  1  1  1 -2 -2  0   19   3   3   5   2   4   7   7   5   4   3   2   2   3   8   8   9   1   1   5  0.11 0.13
  126 Q    0  2 -1  0 -1  2  2 -1  1 -3 -3  1 -2 -4 -1  1  0 -5 -2 -2    9  13   2   4   1  11  15   4   4   1   2   6   1   0   3  12   6   0   1   2  0.27 0.23
  127 I    2 -1 -1 -2 -2  0 -1 -2 -3  1  0 -1  0 -2  0  0  1 -3 -3  3   17   4   3   1   1   5   4   3   0   7   6   3   2   1   5   6  11   0   0  21  0.17 0.18
  128 P   -2  1 -3 -2 -7 -3 -4 -3 -6 -5 -4 -2 -6 -7  8 -2 -3 -7 -7 -3    4   8   2   2   0   1   1   3   0   1   2   2   0   0  68   4   1   0   0   3  1.86 0.83
  129 F    1 -1 -2 -1 -1 -1 -2 -1 -1  0  1 -2  0  3 -1  0  0  1  1  1   14   2   1   3   1   2   1   5   1   3  18   1   2  17   3   6   5   2   3  10  0.14 0.15
  130 K    1  3 -2  0 -4 -1  2  3 -1 -4 -3 -1 -2 -4 -1 -1 -1 -5 -4 -2   12  18   1   5   0   1  17  28   1   0   2   3   1   1   3   3   2   0   0   2  0.48 0.32
  131 I    1 -1 -2 -1  0 -1 -1 -2 -2  1  0 -2 -1 -1  1  0  0 -4 -3  3   15   4   1   4   2   2   4   2   1   8   8   1   1   2   8   6   6   0   0  25  0.18 0.18
  132 G    1 -2 -2 -1 -5 -2 -1  6 -5 -5 -3 -4 -3 -6 -1  0 -2 -5 -5 -4    9   2   1   4   0   1   4  61   0   0   3   0   1   0   3   7   3   0   0   1  1.10 0.51
  133 V    2 -1 -2 -2 -2  0 -1 -2  0  1  1  0  2 -1 -1 -1  0 -3 -1  2   17   2   1   1   0   3   3   3   3   6  12   5   8   3   2   4   7   0   2  19  0.12 0.14
  134 A    5 -2 -2 -4 -3 -1 -1 -1 -4 -2 -2 -2 -2 -3 -3  1  1 -1 -2  1   50   2   1   0   0   3   4   3   0   1   4   1   1   1   1   8   9   1   1   9  0.57 0.37
  135 S    2 -2 -2  0 -1 -1 -1  0 -1 -2 -3  0 -2 -4  1  4  0 -2 -4 -1   15   2   1   4   1   2   3   5   1   2   2   5   1   0   8  38   5   1   0   4  0.39 0.30
  136 D   -3 -1  0  7 -6 -1  0  0 -1 -5 -3 -1 -5 -6 -2 -3 -1  2 -5 -2    2   4   2  61   0   2   5   6   1   0   2   3   0   0   2   0   3   3   0   3  1.14 0.51
  137 P    1 -5 -5 -3 -6 -4 -2 -2 -2 -4 -6 -4 -5 -7  8 -4 -1 -7 -6 -5   14   0   0   1   0   0   3   4   1   1   0   0   0   0  72   0   4   0   0   0  2.01 0.70
  138 M   -1 -2 -5 -5 -3 -3 -4 -5 -4  1  3 -4  7  1 -2 -4 -3 -3  0  1    5   1   0   0   0   0   0   0   0   8  23   0  44   5   2   0   0   0   3   9  0.93 0.39
  139 A    5 -3 -2 -3 -2 -2 -2 -2 -3 -3 -3 -2 -3 -4 -3  3  3 -4 -3 -2   62   0   0   0   0   0   0   0   0   0   0   0   0   0   0  20  17   0   0   0  0.86 0.33

                      K         Lambda
Standard Ungapped    0.1300     0.3127
Standard Gapped      0.0410     0.2670
PSI Ungapped         0.1661     0.3169
PSI Gapped           0.0508     0.2670
