   44         A         R         N         D         C         Q         E         G         H         I         L         K         M         F         P         S         T         W         Y         V    
  1 S   1 0.0000000 0.0000000 0.0000000 0.0000000 0.0000000 0.0000000 0.0000000 0.0000000 0.0000000 0.0000000 0.0000000 0.0000000 0.0000000 0.0000000 0.0000000 1.0000000 0.0000000 0.0000000 0.0000000 0.0000000
  2 T   2 0.0000000 0.0000000 0.0000000 0.0000000 0.0000000 0.0000000 0.0000000 0.0000000 0.0000000 0.0000000 0.0000000 0.0000000 0.0000000 0.0000000 0.0000000 0.0000000 1.0000000 0.0000000 0.0000000 0.0000000
  3 L   3 0.0000000 0.0000000 0.0000000 0.0000000 0.0000000 0.0000000 0.0000000 0.0000000 0.0000000 0.0000000 1.0000000 0.0000000 0.0000000 0.0000000 0.0000000 0.0000000 0.0000000 0.0000000 0.0000000 0.0000000
  4 P   4 0.0000000 0.0000000 0.0000000 0.0000000 0.0000000 0.0000000 0.0000000 0.0000000 0.0000000 0.0000000 0.1301482 0.0000000 0.0000000 0.0000000 0.8698518 0.0000000 0.0000000 0.0000000 0.0000000 0.0000000
  5 Q   5 0.0000000 0.0000000 0.2150063 0.0000000 0.1820173 0.2939861 0.0000000 0.0000000 0.0000000 0.0743147 0.0000000 0.0613577 0.0000000 0.0000000 0.0000000 0.1733179 0.0000000 0.0000000 0.0000000 0.0000000
  6 H   6 0.0000000 0.0000000 0.0000000 0.0000000 0.0000000 0.0000000 0.0000000 0.4743464 0.4516371 0.0000000 0.0000000 0.0000000 0.0000000 0.0000000 0.0000000 0.0740166 0.0000000 0.0000000 0.0000000 0.0000000
  7 A   7 0.3525863 0.0000000 0.0000000 0.0000000 0.0000000 0.0000000 0.0000000 0.0000000 0.0000000 0.0000000 0.0000000 0.0000000 0.0000000 0.0000000 0.1660781 0.4813356 0.0000000 0.0000000 0.0000000 0.0000000
  8 R   8 0.0000000 0.6381275 0.0528925 0.0000000 0.0000000 0.0000000 0.0000000 0.0000000 0.0000000 0.0000000 0.0000000 0.3089800 0.0000000 0.0000000 0.0000000 0.0000000 0.0000000 0.0000000 0.0000000 0.0000000
  9 T   9 0.0000000 0.0000000 0.0000000 0.0000000 0.0000000 0.0000000 0.0000000 0.0711351 0.0000000 0.2498283 0.0000000 0.0000000 0.0000000 0.0000000 0.0000000 0.0000000 0.6283982 0.0000000 0.0000000 0.0506384
 10 P  10 0.0000000 0.0000000 0.0000000 0.0000000 0.0000000 0.0000000 0.0000000 0.0000000 0.0000000 0.0000000 0.0000000 0.0000000 0.0000000 0.0000000 1.0000000 0.0000000 0.0000000 0.0000000 0.0000000 0.0000000
 11 L  11 0.0000000 0.0000000 0.0000000 0.0000000 0.0000000 0.0000000 0.0000000 0.0000000 0.0000000 0.0366183 0.5154554 0.0000000 0.0685303 0.0000000 0.0000000 0.3793960 0.0000000 0.0000000 0.0000000 0.0000000
 12 I  12 0.0000000 0.0000000 0.0000000 0.0000000 0.0000000 0.0000000 0.0000000 0.0000000 0.0000000 0.9314697 0.0000000 0.0000000 0.0000000 0.0000000 0.0000000 0.0000000 0.0000000 0.0000000 0.0000000 0.0685303
 13 A  13 1.0000000 0.0000000 0.0000000 0.0000000 0.0000000 0.0000000 0.0000000 0.0000000 0.0000000 0.0000000 0.0000000 0.0000000 0.0000000 0.0000000 0.0000000 0.0000000 0.0000000 0.0000000 0.0000000 0.0000000
 14 A  14 0.8850955 0.0000000 0.0000000 0.0000000 0.0000000 0.0000000 0.0000000 0.0000000 0.0000000 0.0000000 0.0000000 0.0000000 0.0000000 0.0000000 0.0000000 0.0000000 0.1149045 0.0000000 0.0000000 0.0000000
 15 G  15 0.0000000 0.0000000 0.0000000 0.0000000 0.0000000 0.0000000 0.0000000 0.9431411 0.0000000 0.0000000 0.0000000 0.0000000 0.0000000 0.0000000 0.0000000 0.0568589 0.0000000 0.0000000 0.0000000 0.0000000
 16 V  16 0.0000000 0.0000000 0.0000000 0.0000000 0.0000000 0.0000000 0.0000000 0.0000000 0.0000000 0.1915194 0.0537772 0.0000000 0.0000000 0.0000000 0.0000000 0.0000000 0.0000000 0.0000000 0.0000000 0.7547034
 17 I  17 0.0000000 0.0000000 0.0000000 0.0000000 0.0000000 0.0000000 0.0000000 0.0000000 0.0000000 0.5154554 0.0000000 0.0000000 0.0000000 0.0745657 0.0000000 0.0000000 0.0000000 0.0000000 0.0000000 0.4099789
 18 G  18 0.0000000 0.0000000 0.0000000 0.0000000 0.0000000 0.0000000 0.0000000 1.0000000 0.0000000 0.0000000 0.0000000 0.0000000 0.0000000 0.0000000 0.0000000 0.0000000 0.0000000 0.0000000 0.0000000 0.0000000
 19 G  19 0.0000000 0.0000000 0.0000000 0.0000000 0.0000000 0.0000000 0.0000000 0.8490503 0.0000000 0.0000000 0.0000000 0.0000000 0.0000000 0.0000000 0.0000000 0.0999940 0.0000000 0.0000000 0.0000000 0.0509557
 20 L  20 0.0000000 0.0000000 0.0000000 0.0000000 0.0000000 0.0000000 0.0000000 0.0000000 0.0000000 0.1233498 0.8766502 0.0000000 0.0000000 0.0000000 0.0000000 0.0000000 0.0000000 0.0000000 0.0000000 0.0000000
 21 F  21 0.0000000 0.0000000 0.0000000 0.0000000 0.0000000 0.0000000 0.0000000 0.0000000 0.0000000 0.0000000 0.4442660 0.0000000 0.0000000 0.5557340 0.0000000 0.0000000 0.0000000 0.0000000 0.0000000 0.0000000
 22 I  22 0.1051485 0.0000000 0.0000000 0.0000000 0.2157074 0.0000000 0.0000000 0.0487842 0.0000000 0.3428443 0.0402785 0.0000000 0.0812722 0.0746260 0.0000000 0.0000000 0.0000000 0.0000000 0.0000000 0.0913389
 23 L  23 0.0685303 0.0000000 0.0000000 0.0000000 0.0000000 0.0000000 0.0000000 0.0000000 0.0000000 0.3106254 0.3908264 0.0000000 0.0000000 0.0000000 0.0000000 0.0000000 0.0000000 0.0000000 0.0000000 0.2300179
 24 V  24 0.0000000 0.0000000 0.0000000 0.0000000 0.0000000 0.0000000 0.0000000 0.0000000 0.0000000 0.0375617 0.1051485 0.0000000 0.0000000 0.0000000 0.0000000 0.0000000 0.0000000 0.0000000 0.0000000 0.8572898
 25 I  25 0.0000000 0.0000000 0.0000000 0.0000000 0.0000000 0.0000000 0.0000000 0.0000000 0.0000000 0.6951697 0.0000000 0.0000000 0.0512099 0.0000000 0.0000000 0.0000000 0.0000000 0.0000000 0.0000000 0.2536205
 26 V  26 0.1051485 0.0000000 0.0000000 0.0000000 0.0000000 0.0000000 0.0000000 0.0000000 0.0000000 0.2656444 0.1430595 0.0000000 0.1322971 0.0000000 0.0000000 0.0000000 0.0476024 0.0000000 0.0000000 0.3062480
 27 G  27 0.3923419 0.0000000 0.0000000 0.0000000 0.0000000 0.0000000 0.0000000 0.4518202 0.0000000 0.0000000 0.0000000 0.0000000 0.0000000 0.0000000 0.0000000 0.0745657 0.0000000 0.0000000 0.0000000 0.0812722
 28 L  28 0.0000000 0.0000000 0.0000000 0.0000000 0.0000000 0.0000000 0.0000000 0.0000000 0.0000000 0.0000000 1.0000000 0.0000000 0.0000000 0.0000000 0.0000000 0.0000000 0.0000000 0.0000000 0.0000000 0.0000000
 29 T  29 0.0000000 0.0000000 0.0000000 0.0000000 0.0745657 0.0000000 0.0000000 0.2805091 0.0000000 0.0512099 0.0000000 0.0000000 0.0000000 0.0000000 0.0000000 0.2987465 0.2949688 0.0000000 0.0000000 0.0000000
 30 F  30 0.0000000 0.0000000 0.0000000 0.0000000 0.0000000 0.0000000 0.0000000 0.0000000 0.0000000 0.2645518 0.0000000 0.0000000 0.0000000 0.2949688 0.0000000 0.0000000 0.0000000 0.0000000 0.0000000 0.4404793
 31 A  31 0.5154554 0.0000000 0.0000000 0.0000000 0.0000000 0.0000000 0.0000000 0.3793960 0.0000000 0.0000000 0.0000000 0.0000000 0.0000000 0.1051485 0.0000000 0.0000000 0.0000000 0.0000000 0.0000000 0.0000000
 32 V  32 0.0000000 0.0000000 0.0000000 0.0000000 0.0000000 0.0000000 0.0000000 0.0000000 0.0000000 0.0375617 0.3048303 0.0000000 0.0000000 0.0745657 0.0000000 0.0000000 0.0000000 0.0000000 0.0000000 0.5830423
 33 Y  33 0.0000000 0.0000000 0.0000000 0.0000000 0.0000000 0.0000000 0.0000000 0.0000000 0.0000000 0.0000000 0.0685303 0.0000000 0.0000000 0.2260884 0.0000000 0.1188339 0.0000000 0.0000000 0.5865474 0.0000000
 34 V  34 0.0715543 0.0000000 0.0000000 0.0000000 0.0000000 0.0000000 0.0000000 0.0000000 0.0000000 0.1106361 0.1950804 0.0000000 0.2170700 0.0000000 0.0000000 0.0000000 0.0000000 0.0000000 0.0000000 0.4056592
 35 R  35 0.0000000 1.0000000 0.0000000 0.0000000 0.0000000 0.0000000 0.0000000 0.0000000 0.0000000 0.0000000 0.0000000 0.0000000 0.0000000 0.0000000 0.0000000 0.0000000 0.0000000 0.0000000 0.0000000 0.0000000
 36 R  36 0.0000000 1.0000000 0.0000000 0.0000000 0.0000000 0.0000000 0.0000000 0.0000000 0.0000000 0.0000000 0.0000000 0.0000000 0.0000000 0.0000000 0.0000000 0.0000000 0.0000000 0.0000000 0.0000000 0.0000000
 37 K  37 0.0000000 0.4099789 0.0000000 0.0000000 0.0000000 0.0000000 0.0000000 0.0000000 0.0000000 0.0745657 0.0000000 0.5154554 0.0000000 0.0000000 0.0000000 0.0000000 0.0000000 0.0000000 0.0000000 0.0000000
 38 S  38 0.0000000 0.0745657 0.0812722 0.0000000 0.0000000 0.0000000 0.0000000 0.0000000 0.4099789 0.0000000 0.0000000 0.0000000 0.0000000 0.0000000 0.0000000 0.4341832 0.0000000 0.0000000 0.0000000 0.0000000
 39 I  39 0.0000000 0.0000000 0.0000000 0.0000000 0.0000000 0.0000000 0.0000000 0.0000000 0.0000000 1.0000000 0.0000000 0.0000000 0.0000000 0.0000000 0.0000000 0.0000000 0.0000000 0.0000000 0.0000000 0.0000000
 40 K  40 0.0000000 0.0000000 0.0000000 0.0000000 0.0000000 0.0745657 0.0000000 0.0000000 0.0000000 0.0000000 0.0000000 0.6206040 0.0000000 0.0000000 0.0000000 0.0000000 0.0000000 0.0000000 0.0000000 0.3048303
 41 K  41 0.0000000 0.4845446 0.0000000 0.0000000 0.0000000 0.0000000 0.0000000 0.0000000 0.0000000 0.0000000 0.0000000 0.5154554 0.0000000 0.0000000 0.0000000 0.0000000 0.0000000 0.0000000 0.0000000 0.0000000
 42 K  42 0.0000000 0.0000000 0.0000000 0.0000000 0.0000000 0.0000000 0.0000000 0.0000000 0.0000000 0.0000000 0.0000000 1.0000000 0.0000000 0.0000000 0.0000000 0.0000000 0.0000000 0.0000000 0.0000000 0.0000000
 43 R  43 0.0000000 1.0000000 0.0000000 0.0000000 0.0000000 0.0000000 0.0000000 0.0000000 0.0000000 0.0000000 0.0000000 0.0000000 0.0000000 0.0000000 0.0000000 0.0000000 0.0000000 0.0000000 0.0000000 0.0000000
 44 A  44 1.0000000 0.0000000 0.0000000 0.0000000 0.0000000 0.0000000 0.0000000 0.0000000 0.0000000 0.0000000 0.0000000 0.0000000 0.0000000 0.0000000 0.0000000 0.0000000 0.0000000 0.0000000 0.0000000 0.0000000
