
Last position-specific scoring matrix computed, weighted observed percentages rounded down, information per position, and relative weight of gapless real matches to pseudocounts
           A  R  N  D  C  Q  E  G  H  I  L  K  M  F  P  S  T  W  Y  V   A   R   N   D   C   Q   E   G   H   I   L   K   M   F   P   S   T   W   Y   V
    1 M   -2 -3 -3 -4 -2 -2 -3 -4 -3  0  1 -3  9 -1 -4 -3 -2 -3 -2  1    0   0   0   0   0   0   0   0   0   0   0   0  90   0   0   0   0   0   0  10  1.10 0.21
    2 A    2  1  1  0 -2  0  0 -1  0 -3 -2  1 -2 -3 -2  3  1 -3 -2 -2   20   6   6   6   0   3   2   0   2   0   2   8   0   0   0  37   7   0   0   0  0.28 0.09
    3 P   -2 -1 -1  0 -4  1  2  0 -2 -4 -4  3 -3 -4  4  0  1 -4 -3 -3    0   0   0   4   0   4  19   8   0   0   0  29   0   0  25   3   8   0   0   0  0.58 0.16
    4 V    1 -1 -2 -4 -2 -3 -3 -4  0  2  1 -3  2 -2  0 -2 -1 -4 -1  5   10   3   1   0   0   0   0   0   3   8  10   0   5   0   5   0   2   0   1  51  0.45 0.22
    5 Q   -1  3  1 -1 -4  1  1 -3  2 -2 -2  4 -1 -4 -2 -1 -1 -4 -3 -1    5  20   6   1   0   5  10   0   6   3   4  31   1   0   1   1   2   0   0   4  0.39 0.20
    6 V   -3 -5 -5 -5 -3 -5 -5 -6 -5  5  0 -5  1 -2 -5 -4 -2 -5 -3  5    0   0   0   0   0   0   0   0   0  42   5   0   3   0   0   0   0   0   0  49  1.14 0.39
    7 H   -2  2  1  2 -3 -1  1 -3  4 -1 -3  1 -1 -2 -3  0  1 -4 -2  0    1  16   6  11   0   0  11   0  12   3   0  11   2   2   0   6  10   0   0  10  0.25 0.16
    8 V   -2 -5 -5 -5 -3 -5 -5 -6 -5  6  0 -5 -1 -1 -5 -4 -2 -5 -3  5    2   0   0   0   0   0   0   0   0  50   2   0   0   2   0   0   0   0   0  44  1.17 0.41
    9 L   -2 -2 -1 -2 -3  0  4 -4  1  0 -1 -2  0 -2 -3 -2  2 -4  0  3    1   1   2   0   0   4  33   0   4   2   6   0   3   1   0   0  17   0   4  24  0.38 0.25
   10 Y   -5 -5 -5 -6 -6 -5 -5 -6 -1 -4 -4 -5  0  3 -6 -5 -5 -1  9 -4    0   0   0   0   0   0   0   0   0   0   0   0   2   8   0   0   0   0  90   0  2.57 0.69
   11 C   -2 -7 -6 -7 12 -6 -7 -6 -6 -5 -5 -6 -5 -6 -6 -3 -4 -6 -6 -4    2   0   0   0  97   0   0   0   0   0   0   0   0   0   0   1   0   0   0   0  3.56 0.80
   12 G   -1  1 -1 -2 -3 -1  0  4 -1 -2 -2 -1 -3 -4 -2  0  3 -4 -3 -2    4   8   2   0   0   2   7  40   1   1   3   1   0   0   2   3  25   0   0   2  0.50 0.23
   13 G    1 -1 -2  0 -3  3 -1  3 -2 -2 -2  0 -2 -4  2  0  0 -4 -3 -1   13   1   0   4   0  20   0  25   0   1   5   3   0   0  11   5   7   0   0   3  0.33 0.18
   14 C   -3 -4 -4 -4 10 -4 -4 -3 -4 -4 -4 -4 -4 -4 -3 -2 -2 -4 -4 -3    0   0   0   0  54   0   0   2   0   0   0   0   0   0   1   3   2   0   0   0  1.25 0.57
   15 G   -1  1  4 -2 -4 -1 -1  5 -2 -4 -5 -1 -4 -5 -4  0 -2 -4 -4 -4    2   8  23   0   0   3   3  51   1   1   0   2   0   0   0   5   0   0   0   0  0.88 0.32
   16 Y   -4 -4 -5 -6 -5 -4 -5 -5  1 -4 -4 -5 -4  3 -5 -1 -4  9  8 -4    0   0   0   0   0   0   0   0   3   0   0   0   0  12   0   6   0  25  53   0  1.93 0.56
   17 G   -1  0 -2 -2 -3 -1  1  0 -2 -1  2  1  2  1 -2  0 -1 -3 -2 -1    5   5   0   0   0   1  10   7   0   1  31  13   7   6   1   8   2   0   0   2  0.13 0.14
   18 S   -1 -1 -3  0 -4 -2 -2 -1 -4 -2  2  0 -1 -3  5  0 -2 -4 -4 -2    5   2   0   7   0   0   0   4   0   0  30   8   1   0  34   6   1   0   0   0  0.63 0.28
   19 R   -2  6 -2 -3 -5  3 -2 -4 -1 -4 -3  3 -2  0 -4 -2 -1 -4  0 -4    2  53   0   0   0  13   0   0   1   0   1  16   1   4   0   1   5   0   4   0  0.93 0.37
   20 Y    3 -3 -3 -4  3 -3 -3 -3  0 -3 -3 -3 -1  3 -3  0 -1 -2  5 -1   35   0   0   0   8   0   0   0   1   0   0   0   2  11   0   8   3   0  27   4  0.66 0.32
   21 R    1  1  0 -1 -2  1  0  0  0  0  1  0 -1 -2 -2  0  0 -3 -2  0   15   7   6   3   0   8   5   7   2   7  22   5   0   0   0   5   5   0   0   3  0.07 0.09
   22 S   -2  1 -1 -1 -4  2  3 -1 -1 -4 -1 -1 -1 -2 -4 -1 -3  8  0 -4    2   9   2   2   0  11  24   5   1   0   7   2   1   1   0   5   0  24   2   0  0.72 0.31
   23 L   -2 -4 -5 -5 -3 -4 -4 -5 -4  1  5 -4  5  1 -4 -4 -3 -3 -2  1    2   0   0   0   0   0   0   0   0   5  55   0  20   6   0   0   0   0   0  10  0.87 0.34
   24 E    4  1 -2 -2 -3  1  1 -2 -3 -3 -3  2 -3 -4 -3  1  0 -4 -3 -1   44   8   0   0   0   7   7   0   0   0   0  16   0   0   0   9   3   0   0   4  0.48 0.27
   25 N    0  2  1  0 -4  5  2 -3 -2 -4 -4  2 -3 -5 -1  0 -1 -4 -3 -4    7  12   5   3   0  38  11   0   0   0   0  10   0   0   2   7   4   0   0   0  0.62 0.29
   26 A    1 -1 -1  1 -4  1  4 -3  0 -3 -1  1 -1  0 -3 -1  0 -3  0 -1   13   0   2   6   0   6  37   0   2   0   6   8   2   4   0   3   4   0   3   4  0.34 0.20
   27 I   -3 -4 -5 -5 -1 -4 -5 -5 -5  4  5 -4  0 -1 -5 -4 -3 -4 -3  2    0   0   0   0   1   0   0   0   0  25  58   0   0   2   0   0   0   0   0  12  0.92 0.34
   28 R   -2  0 -3 -2 -2  0  3 -4 -3 -1  3  2  1 -1 -3 -2 -2 -4 -3 -1    1   4   0   1   1   4  23   0   0   1  36  18   3   2   0   2   1   0   0   2  0.36 0.23
   29 M    1  0  1  2 -3  2  1 -1  2 -2 -3  1 -1 -3 -1  1  1 -4 -2 -2   15   2   6  11   0   9   9   2   7   1   0   9   2   0   2  11  11   0   0   0  0.23 0.14
   30 K    1  1  0 -1 -3  1  2 -3  1 -2 -3  2 -2 -3 -3  0  3 -3  1 -1   12   6   2   1   0   5  19   0   4   1   1  12   0   0   0   2  24   0   6   3  0.29 0.20
   31 F   -2 -4 -3 -3  0 -4 -4 -3  1 -1 -1 -4 -2  7 -5 -3 -3 -1  4 -1    3   0   1   2   2   0   0   1   4   3   4   0   0  62   0   1   0   0  10   4  1.18 0.39
   32 P    0 -1 -2  1 -3  0  0  1 -3 -3 -3 -1 -3 -4  6  0 -1 -4 -3 -3    7   3   1   7   0   4   7  11   0   1   2   2   0   1  42   8   3   0   0   1  0.77 0.24
   33 N   -1 -1  2  4 -3  2  2  2 -2 -4 -4  0 -3 -4 -2  0  0 -4 -3 -3    5   2  13  23   0   9  12  18   0   0   1   3   0   0   0   4   6   0   0   1  0.41 0.18
   34 A    1  0  0  2  1  0  1  0 -1  0 -1  0 -1 -2  0  0  0 -2 -2  0   17   4   5  13   3   2   7   6   0   4   7   5   2   1   3   5   3   0   1  11  0.06 0.05
   35 D   -1  0  0  2 -2  1  1 -2  1  1  1  1 -1 -2 -2 -1  0 -3 -2  0    3   5   3  15   0   8  11   1   4  10  17   9   0   0   1   2   7   0   0   4  0.12 0.09
   36 I    0 -3 -3 -2 -2 -2 -3  1 -3  2  1 -2  0  0 -2 -1 -1 -3  1  3    6   0   0   2   0   1   0  13   0  16  12   3   1   4   1   3   2   0   5  32  0.23 0.16
   37 K   -1 -1  0  2 -1  0  4 -1 -2 -3 -2  1 -3 -4 -2  2  1 -4 -3 -2    3   1   4  10   1   2  30   3   0   0   4   8   0   0   0  21  10   0   0   1  0.38 0.21
   38 F   -2 -3 -3 -3  3 -3 -3 -2 -3  2  2 -3  1  3 -3 -2 -2 -2 -1  3    1   1   1   1   8   1   1   2   0  14  19   1   2  16   1   2   1   0   0  27  0.38 0.17
   39 S    1 -1  1  0  2 -1  1 -2  0  0 -2  0 -2 -2 -2  2  2 -3 -1  0    9   3   6   5   6   1  11   2   2   6   1   3   0   1   1  18  19   0   2   6  0.16 0.11
   40 F   -1 -2 -2 -2 -2  0  0  2 -1  0  2 -2  0  0  0  0 -1 -2 -1  0    4   1   1   1   0   5   6  20   1   3  32   1   0   4   5   6   1   0   2   4  0.14 0.09
   41 E   -1 -1  0  1 -2  1  3 -1  2 -1 -2  1 -1 -2 -1  0  0 -2 -1  0    3   2   4   7   1   6  30   4   6   4   3   8   1   1   2   5   5   0   2   7  0.20 0.09
   42 A    0  1  0 -1 -2  0  1  2 -1 -1 -1  0 -1 -2  2  0 -1 -2 -1 -1   11  10   5   2   1   1   9  18   1   6   9   4   1   1  11   6   2   0   2   2  0.12 0.05
   43 T    0  1  0  2 -2 -1 -1  0 -2  0 -1  0  0 -1 -2  0  2 -2 -2  0    5  11   2  14   0   1   2   8   0   8   3   3   3   3   1   5  21   0   1  10  0.10 0.09
   44 P    0 -1 -3 -2 -4  2  0 -3 -3 -2 -2 -1 -3 -4  6  0  0 -4 -4  0    7   2   0   1   0  11   4   0   0   1   2   2   0   0  47   5   7   0   0   7  0.90 0.28
   45 Q   -1 -1 -1 -1 -4  2 -1  5 -3 -5 -4 -1 -4 -4 -3  1  0  2 -3 -4    2   2   2   2   0   9   4  56   0   0   0   2   0   0   0   9   5   3   1   0  0.76 0.26
   46 A    1  2 -1 -1 -2  0 -1  0 -2  0 -1  1 -1 -3 -2  1  2 -3 -2  1   11  17   0   4   0   3   1   7   0   4   2   9   0   0   0  12  16   0   0  12  0.15 0.10
   47 T   -1  1  1  0 -3 -1 -2  3 -2 -2 -3 -1 -2 -3 -2  1  4 -3 -3 -2    1  10   8   4   0   2   1  23   0   2   2   2   0   0   1   9  33   0   0   1  0.39 0.18
   48 G   -2 -4 -1 -4 -5 -4 -4  7 -4 -6 -6 -2 -5 -5 -4 -1 -4 -5 -5 -5    1   0   1   0   0   0   0  92   0   0   0   2   0   0   0   2   0   0   0   0  1.88 0.45
   49 F    0  1  0 -2 -1 -1 -1 -2 -1  2 -1 -1 -1  1 -3  1  0  3  0  1   10  10   6   0   1   0   4   0   2  18   3   3   0   6   0  17   5   5   2   8  0.12 0.11
   50 F   -5 -6 -6 -6 -5 -6 -6 -6 -4 -3  0 -6 -2  9 -6 -5 -5 -2  1 -3    0   0   0   0   0   0   0   0   0   0   6   0   0  92   0   0   0   0   2   0  2.29 0.55
   51 E   -3 -2 -2  2 -6  0  7 -4 -3 -2 -5  0 -4 -6 -4 -2 -2 -5 -4 -5    0   1   0  11   0   2  78   0   0   2   0   4   0   0   0   0   1   0   0   0  1.42 0.44
   52 V   -3 -5 -5 -6 -3 -5 -5 -6 -6  5 -1 -5 -1 -3 -5 -4 -2 -5 -3  6    0   0   0   0   0   0   0   0   0  30   0   0   0   0   0   0   0   0   0  70  1.34 0.41
   53 E    0  1 -2 -2 -3  1  1 -2  0 -1 -1  0  1  2 -3  0  2  2  2 -1    7   9   0   0   0   6  10   1   2   2   2   6   4  10   0   5  22   3   7   4  0.17 0.13
   54 V   -1 -4 -5 -5  3 -4 -5 -5 -5  3  1 -4  0 -2 -4 -4 -2 -4 -1  5    2   0   0   0   7   0   0   0   0  19  11   0   2   0   0   0   0   0   2  58  0.86 0.30
   55 N    0 -3  6  5 -5 -2 -1  0 -2 -5 -5 -2 -4 -5 -4 -2 -1 -6 -5 -5    9   0  46  34   0   0   2   5   0   0   0   0   0   0   0   0   3   0   0   0  1.09 0.36
   56 G   -2 -3 -2  2 -5 -2 -1  7 -4 -6 -6 -3 -5 -6 -4 -2 -4 -5 -5 -5    0   1   0  14   0   1   4  78   0   0   0   1   0   0   0   1   0   0   0   0  1.47 0.40
   57 E   -1  2 -1  0 -4  3  3 -3  1 -4 -4  3 -3 -3 -1 -1  1 -4 -3 -2    3   8   1   3   0  15  27   0   4   0   0  20   0   1   2   0  12   0   0   3  0.47 0.21
   58 L   -3 -1 -4 -4 -1  0 -1 -5 -4  1  5 -2  0 -2 -4 -3 -2 -4 -3  1    0   4   0   0   1   5   4   0   0   4  71   1   1   0   0   1   1   0   0   7  0.75 0.29
   59 V   -3 -4 -5 -5 -3 -4 -5 -5 -5  5  1 -2 -1 -1 -5 -4 -2 -5 -3  5    0   0   0   0   0   0   0   0   0  36  10   2   0   2   0   0   0   0   0  50  0.96 0.32
   60 H   -4 -4 -3 -5 -5 -3 -4 -5  8 -4 -3 -4 -3  4 -5 -4 -4  8  2 -5    0   0   0   0   0   0   0   0  48   0   2   0   0  20   0   0   0  23   6   0  1.88 0.47
   61 S   -1 -3  0  0  1 -2  2 -3 -3 -3 -5 -2 -4 -5 -3  6 -1 -5 -4 -4    0   0   2   4   3   0  12   0   0   2   0   0   0   0   0  77   0   0   0   0  1.12 0.43
   62 K   -3  5 -3 -3 -6 -1 -2 -4 -3 -5 -4  6  0 -5 -4 -3 -3 -5 -4 -5    0  33   0   0   0   0   0   0   0   0   0  64   3   0   0   0   0   0   0   0  1.43 0.44
   63 K   -1 -1 -3 -2 -4  0 -2 -4  1 -1  2  5 -2 -2 -3 -2 -1 -3  2 -2    3   0   0   2   0   2   0   0   3   3  25  50   0   1   0   0   3   0   8   0  0.56 0.28
   64 N   -1  3  2  0 -4  2  3 -1 -1 -3 -4  2 -3 -4 -3  0  1 -4 -3 -3    5  18  12   4   0  10  21   3   0   1   0  12   0   0   0   6   9   0   0   0  0.40 0.17
   65 G   -1 -2  0  3  0  0  0  4 -1 -4 -3 -1 -2 -4 -3  1  1 -4 -4 -3    3   0   3  19   2   3   7  34   1   0   3   3   1   0   0   9  11   0   0   1  0.43 0.18
   66 G   -2 -2  0  4 -4  1 -1  4 -1 -4 -1  0 -1 -3 -3 -1 -3 -4 -4 -4    1   1   3  25   0   7   1  42   2   0   8   6   2   1   0   2   0   0   0   0  0.59 0.23
   67 G    1  3 -2 -1 -4 -1 -3  6 -3 -5 -5 -1 -4 -5 -4 -2 -3 -5 -5 -4   12  18   0   3   0   1   0  63   0   0   0   3   0   0   0   0   0   0   0   0  1.07 0.33
   68 H   -5 -2 -5 -6 -5 -5 -5 -6  1 -3 -2 -2 -3  8 -6 -5 -4 -1  4 -3    0   2   0   0   0   0   0   0   4   0   2   3   0  78   0   0   0   0  11   0  1.81 0.47
   69 V   -3 -5 -5 -4  2 -4 -4 -5 -5 -1 -3 -4 -1 -5  7 -3 -3 -6 -5  3    0   0   0   0   5   0   0   0   0   3   1   0   1   0  65   0   0   0   0  24  1.71 0.44
   70 D   -1 -1  0  5 -4  1  3  0  0 -4 -4 -1 -4 -4 -3 -1  0 -4  1 -4    3   2   2  39   0   6  25   6   2   0   0   2   0   0   0   3   5   0   6   0  0.65 0.24
   71 N    1 -2  1 -1 -2 -1  1 -2  1 -1 -2 -1 -2  1  2  2  1 -3  0 -1   11   0   7   2   0   0  10   1   5   5   3   0   0   6  13  19   8   0   4   5  0.18 0.11
   72 Q   -1  0  0  2 -4  2  3 -1 -2 -4 -4  3 -1 -5  1 -1 -1 -4 -3 -4    6   2   3  12   0  10  25   4   0   0   0  27   2   0   8   1   1   0   0   0  0.50 0.21
   73 E    1 -1 -1  2 -4  0  5 -2 -2 -2 -3 -1 -3 -2 -2  1  0 -4 -3 -1   11   2   1  10   0   2  44   1   0   1   0   1   0   1   1  12   4   0   0   6  0.49 0.22
   74 K   -2 -1 -2 -3 -3 -2 -1 -3 -3  3  2  2  0 -2 -3 -1 -1 -4 -3  2    0   1   2   0   0   0   2   1   0  18  28  21   0   0   0   5   1   0   0  21  0.31 0.18
   75 V   -2  0 -3 -2 -3 -2 -2 -4 -3  2  2  3  2  1 -3 -2 -1 -3 -2  2    2   3   0   1   0   0   0   0   0  10  24  27   5   8   0   0   3   0   0  17  0.28 0.17
   76 E    0  1 -1  2 -4  5  3 -2 -2 -4 -2  2 -2 -4 -3 -1 -1 -4 -3 -3    7   5   2  11   0  35  16   1   0   0   4  13   0   0   0   3   2   0   0   0  0.55 0.24
   77 R    1  4  0 -2 -3  2  0 -2 -2 -1  0  3 -2 -3 -2 -1 -1 -4 -3 -1   12  26   3   0   0   8   4   2   0   5  10  22   0   0   1   3   1   0   0   3  0.31 0.16
   78 I   -2 -4 -5 -5 -3 -4 -4 -5 -5  5  2 -4  2 -1 -4 -4 -2 -4 -3  5    0   0   0   0   0   0   0   0   0  36  13   0   5   1   0   0   0   0   0  43  0.84 0.28
   79 F   -1  5 -2 -3  2  0 -1 -2 -1  1  0  0  0  0 -3 -2 -2 -4 -2  1    4  39   0   0   5   4   2   3   1   7   9   4   2   5   0   0   1   0   0  15  0.35 0.18
   80 A    1  1  2  5 -4  0  0 -2 -2 -4 -4  0 -2 -4 -3  1 -1 -5 -4 -3   15   7  10  38   0   3   4   1   0   0   0   5   1   0   0  13   3   0   0   1  0.53 0.21
   81 K    3  2 -2 -3  0  0 -1 -1 -2  0 -1  0 -2 -3 -2  1 -1 -4 -2  0   39  12   0   0   2   5   3   2   1   5   6   6   0   0   0  10   2   0   1   8  0.24 0.16
   82 I   -2 -3 -1 -3 -3 -4 -4 -5 -4  6  1 -2 -1 -2 -4 -4 -1 -4 -2  2    1   1   4   2   0   0   0   0   0  67  12   3   0   0   0   0   2   0   1   7  0.83 0.29
   83 G   -1  0  1  4 -4  3  1  2 -2 -1 -3  2 -2 -4 -3 -1 -1 -4 -2 -3    2   2   8  26   0  15   9  15   0   5   2  13   0   0   0   0   1   0   1   0  0.37 0.15
   84 E    2 -1 -1  2 -3  1  3 -2 -2 -2 -1  2 -2 -3  0 -1 -1 -4 -3 -1   20   0   0  10   0   4  29   0   0   0   9  20   0   0   4   0   0   0   0   5  0.30 0.13
   85 A    4 -2 -3 -2  0 -1  2 -2 -3 -2 -1  0 -2 -1  3 -1  0 -4 -3 -2   51   0   0   0   2   0  15   0   0   0   6   4   0   4  15   0   3   0   0   0  0.46 0.18
   86 L   -2 -3 -4 -5 -2 -3 -4 -2 -4  2  4 -3  2  0 -4 -3 -2 -3 -2  2    0   0   0   0   0   0   0   4   0   8  67   0   4   2   0   0   0   0   0  15  0.61 0.16
   87 A    3 -1 -1 -1 -3  1  4  0 -1 -3 -3  2 -2 -4 -2  0 -1 -4 -3 -2   33   0   0   0   0   6  39   5   0   0   0  16   0   0   0   2   0   0   0   0  0.46 0.13
   88 K   -2  1 -1 -1 -4  4  1 -3 -1 -4 -3  5 -2 -4 -2 -1 -1 -4 -3 -3    0   0   0   0   0  27   5   0   0   0   0  69   0   0   0   0   0   0   0   0  0.78 0.14

                      K         Lambda
Standard Ungapped    0.1368     0.3190
Standard Gapped      0.0410     0.2670
PSI Ungapped         0.1578     0.3178
PSI Gapped           0.0483     0.2670
