  401         A         R         N         D         C         Q         E         G         H         I         L         K         M         F         P         S         T         W         Y         V         X    
  1 M   1 0.0000000 0.0000000 0.0000000 0.0000000 0.0000000 0.0000000 0.0000000 0.0000000 0.0000000 0.0000000 0.0000000 0.0000000 0.0059043 0.0000000 0.0000000 0.0000000 0.0000000 0.0000000 0.0000000 0.0000000 0.9940957
  2 A   2 0.0059043 0.0000000 0.0000000 0.0000000 0.0000000 0.0000000 0.0000000 0.0000000 0.0000000 0.0000000 0.0000000 0.0000000 0.0000000 0.0000000 0.0000000 0.0028326 0.0000000 0.0000000 0.0000000 0.0000000 0.9912631
  3 H   3 0.0000000 0.0000000 0.0000000 0.0000000 0.0000000 0.0000000 0.0000000 0.0000000 0.0106509 0.0000000 0.0000000 0.0000000 0.0000000 0.0000000 0.0000000 0.0000000 0.0000000 0.0000000 0.0000000 0.0000000 0.9893491
  4 H   4 0.0000000 0.0000000 0.0000000 0.0000000 0.0000000 0.0000000 0.0000000 0.0000000 0.0087369 0.0000000 0.0000000 0.0000000 0.0000000 0.0000000 0.0000000 0.0065829 0.0000000 0.0000000 0.0000000 0.0000000 0.9846802
  5 H   5 0.0062655 0.0000000 0.0000000 0.0000000 0.0000000 0.0000000 0.0000000 0.0015239 0.0059043 0.0031451 0.0077950 0.0000000 0.0019140 0.0000000 0.0000000 0.0000000 0.0000000 0.0000000 0.0000000 0.0000000 0.9734523
  6 H   6 0.0117019 0.0051010 0.0000000 0.0000000 0.0000000 0.0000000 0.0000000 0.0000000 0.0095709 0.0000000 0.0000000 0.0000000 0.0000000 0.0000000 0.0000000 0.0000000 0.0000000 0.0000000 0.0015173 0.0000000 0.9721089
  7 H   7 0.0000000 0.0000000 0.0000000 0.0000000 0.0000000 0.0000000 0.0000000 0.0000000 0.0074933 0.0000000 0.0056062 0.0000000 0.0000000 0.0190219 0.0000000 0.0035062 0.0000000 0.0000000 0.0019140 0.0025869 0.9598715
  8 H   8 0.0000000 0.0000000 0.0000000 0.0000000 0.0000000 0.0000000 0.0000000 0.0000000 0.0068667 0.0031870 0.0053507 0.0000000 0.0000000 0.0400647 0.0000000 0.0000000 0.0000000 0.0000000 0.0022545 0.0018741 0.9404022
  9 V   9 0.0452159 0.0025515 0.0000000 0.0000000 0.0000000 0.0000000 0.0000000 0.0056905 0.0000000 0.0024820 0.0402373 0.0000000 0.0009291 0.0007677 0.0000000 0.0062343 0.0066908 0.0026471 0.0000000 0.0362675 0.8502862
 10 D  10 0.0025109 0.0005085 0.0000000 0.0059043 0.0064152 0.0000000 0.0000000 0.0022670 0.0051979 0.0092515 0.1094118 0.0000000 0.0000000 0.0000000 0.0470991 0.0011020 0.0035031 0.0028165 0.0000000 0.0069911 0.7970211
 11 D  11 0.0091266 0.0056891 0.0056314 0.0059043 0.0000000 0.0264893 0.0000000 0.0114146 0.0431659 0.0032799 0.0057008 0.0051085 0.0000000 0.0000000 0.0172438 0.0046330 0.1438935 0.0000000 0.0024705 0.0049214 0.7053275
 12 D  12 0.0122069 0.0071186 0.0012426 0.0191023 0.0034329 0.0721839 0.0895636 0.0550730 0.0010906 0.0005031 0.0082364 0.0062801 0.0021591 0.0000000 0.0027073 0.0162615 0.0154687 0.0028165 0.0019075 0.0027136 0.6799317
 13 D  13 0.0691142 0.0061019 0.0048122 0.0059043 0.0000000 0.0000000 0.0000000 0.0000000 0.0021908 0.0091638 0.0077449 0.0000000 0.0004267 0.0000000 0.0062454 0.0283203 0.1858889 0.0000000 0.0062211 0.0184786 0.6493868
 14 K  14 0.0334441 0.0655085 0.0043076 0.0009549 0.0244213 0.0225490 0.0056507 0.0187824 0.0138207 0.0000000 0.0072400 0.0075547 0.0000000 0.0071336 0.0178757 0.0531192 0.0011261 0.0721651 0.0020310 0.0093451 0.6329702
 15 I  15 0.2998785 0.0000000 0.0012283 0.0013516 0.0171434 0.0013091 0.0071598 0.0085101 0.0011658 0.0090968 0.0082929 0.0046122 0.0000000 0.0000000 0.0124588 0.0089304 0.0216268 0.0000000 0.0000000 0.0027756 0.5944600
 16 G  16 0.0209670 0.0285515 0.0000000 0.0018645 0.0018354 0.0000000 0.0169760 0.3239498 0.0000000 0.0000000 0.0021627 0.0000000 0.0020768 0.0000000 0.0018290 0.0115405 0.0000000 0.0018054 0.0000000 0.0527380 0.5337034
 17 S  17 0.0002948 0.0026238 0.0025849 0.0000000 0.0000000 0.0011372 0.0000000 0.0026122 0.0023510 0.0065125 0.0110810 0.0170745 0.0017200 0.0025400 0.0422982 0.3131675 0.1210486 0.0004421 0.0009516 0.0009773 0.4705831
 18 H  18 0.0000000 0.0014453 0.0029433 0.0000000 0.0000000 0.0017555 0.0000000 0.0000000 0.5380670 0.0000000 0.0000000 0.0000000 0.0000000 0.0000000 0.0085898 0.0000000 0.0000000 0.0000000 0.0236163 0.0000000 0.4235828
 19 S  19 0.0013502 0.0012398 0.0000000 0.0000000 0.0000000 0.0000000 0.0000000 0.0000000 0.0000000 0.0000000 0.0030414 0.0014794 0.0000000 0.0074105 0.0000000 0.5051786 0.0399914 0.0160833 0.0000000 0.0000000 0.4242255
 20 M  20 0.0000000 0.0008027 0.0000000 0.0000000 0.0000000 0.0000000 0.0000000 0.0000000 0.0044734 0.0000000 0.4661392 0.0012849 0.0902018 0.0044812 0.0000000 0.0000000 0.0029358 0.0076368 0.0041518 0.0007582 0.4171342
 21 R  21 0.0000000 0.3098137 0.0131591 0.0000000 0.0022156 0.0503836 0.0032991 0.0046153 0.0276130 0.0030207 0.0118718 0.0939079 0.0019257 0.0008821 0.0000000 0.0261421 0.0127354 0.0018542 0.0164201 0.0031299 0.4170107
 22 Y  22 0.0076368 0.0000000 0.0049586 0.0000000 0.0019367 0.0000000 0.0000000 0.0025570 0.0085328 0.0068052 0.0029014 0.0000000 0.0000000 0.0412269 0.0000000 0.0021967 0.0111444 0.0000000 0.4887887 0.0057393 0.4155755
 23 F  23 0.0010038 0.0012639 0.0031451 0.0000000 0.0053510 0.0000000 0.0000000 0.0000000 0.0184342 0.0469544 0.0611864 0.0021908 0.0000000 0.3993274 0.0026122 0.0066907 0.0000000 0.0000000 0.0221368 0.0163818 0.4133215
 24 H  24 0.0042377 0.0179383 0.0155297 0.0221626 0.0051939 0.0173396 0.0113770 0.0036307 0.0478672 0.0187969 0.0161048 0.0066004 0.0017066 0.0480848 0.0007163 0.0395503 0.0192287 0.0000000 0.2661708 0.0260905 0.4116733
 25 T  25 0.0131032 0.0000000 0.0023449 0.0000000 0.0014039 0.0000000 0.0000000 0.0000000 0.0015247 0.0227458 0.0260979 0.0000000 0.0132067 0.0000000 0.0062476 0.0177774 0.4689365 0.0011405 0.0039130 0.0094846 0.4120733
 26 S  26 0.2830971 0.0031405 0.0000000 0.0013671 0.0053203 0.0047850 0.0032691 0.1253494 0.0000000 0.0140741 0.0265244 0.0000000 0.0012426 0.0030012 0.0000000 0.0559762 0.0230507 0.0013238 0.0004853 0.0338960 0.4140971
 27 V  27 0.0212121 0.0000000 0.0023157 0.0000000 0.0000000 0.0000000 0.0027032 0.0000000 0.0000000 0.0250152 0.0843584 0.0000000 0.0582455 0.0051411 0.0026122 0.0759545 0.0331571 0.0025677 0.0010906 0.2709171 0.4147096
 28 S  28 0.0066070 0.0000000 0.0000000 0.0000000 0.0000000 0.0000000 0.0050558 0.0000000 0.0010756 0.0000000 0.0121238 0.0012001 0.0014878 0.0037112 0.0069558 0.4702444 0.0746051 0.0012892 0.0031966 0.0000000 0.4124476
 29 R  29 0.0112396 0.2062540 0.0041973 0.0670813 0.0007163 0.0332553 0.0753582 0.0918899 0.0072016 0.0007531 0.0045514 0.0317050 0.0000000 0.0010306 0.0009884 0.0070770 0.0064733 0.0244514 0.0000000 0.0028312 0.4229452
 30 P  30 0.0076849 0.0183597 0.0000000 0.0070612 0.0000000 0.0020597 0.0018110 0.0046377 0.0059069 0.0023840 0.0173633 0.0005856 0.0027666 0.0000000 0.4001013 0.0054704 0.0015767 0.0000000 0.0029938 0.0539542 0.4652830
 31 G  31 0.0235249 0.0071574 0.0101067 0.0512203 0.0000000 0.0000000 0.0101709 0.3065829 0.0000000 0.0263302 0.0112580 0.0000000 0.0000000 0.0000000 0.0000000 0.0432659 0.0200613 0.0020733 0.0020399 0.0279541 0.4582541
 32 R  32 0.0079134 0.0905725 0.0016857 0.0027101 0.0000000 0.0307304 0.0089414 0.0050139 0.0219137 0.0259024 0.1052140 0.0142282 0.0156832 0.0220119 0.1699318 0.0199763 0.0155809 0.0036354 0.0083973 0.0026421 0.4273154
 33 G  33 0.0092296 0.0209877 0.0662973 0.0365802 0.0000000 0.0065605 0.0315322 0.3454524 0.0000000 0.0013631 0.0177255 0.0009793 0.0008825 0.0000000 0.0023495 0.0157787 0.0021290 0.0063406 0.0000000 0.0118200 0.4239922
 34 E  34 0.0042591 0.0018123 0.0028021 0.0174184 0.0000000 0.0155513 0.1948455 0.0005587 0.0031983 0.0538575 0.0709428 0.0179561 0.0154660 0.1215969 0.0000000 0.0044606 0.0036354 0.0000000 0.0000000 0.0599776 0.4116613
 35 P  35 0.0081604 0.0023017 0.0000000 0.0027080 0.0000000 0.0000000 0.0000000 0.0000000 0.0188982 0.0000000 0.0055852 0.0000000 0.0000000 0.0000000 0.5005076 0.0283026 0.0055001 0.0000000 0.0148926 0.0000000 0.4131436
 36 R  36 0.0102325 0.2006994 0.0017555 0.0020684 0.0006509 0.0850358 0.1914715 0.0039841 0.0124742 0.0000000 0.0234237 0.0037687 0.0036354 0.0019316 0.0003389 0.0139564 0.0000000 0.0310534 0.0000000 0.0049755 0.4085440
 37 F  37 0.0000000 0.0000000 0.0000000 0.0036354 0.0015274 0.0000000 0.0000000 0.0000000 0.0060119 0.0057982 0.0099524 0.0012849 0.0000000 0.4754297 0.0000000 0.0050352 0.0000000 0.0000000 0.0705347 0.0114985 0.4092917
 38 I  38 0.0052323 0.0067557 0.0000000 0.0000000 0.0013192 0.0178353 0.0132706 0.0000000 0.0027299 0.1889721 0.0372180 0.0000000 0.0341799 0.0273550 0.0000000 0.0398842 0.0736221 0.0008003 0.0020704 0.1394631 0.4092917
 39 T  39 0.2044563 0.0074943 0.0012606 0.0089865 0.0018854 0.0125575 0.0352610 0.0214999 0.0054822 0.0623710 0.0053293 0.0030852 0.0013038 0.0124575 0.0000000 0.1006480 0.0491835 0.0000000 0.0075941 0.0504186 0.4087253
 40 V  40 0.0260742 0.0084639 0.0000000 0.0031451 0.0000000 0.0015467 0.0000000 0.0030177 0.0000000 0.0219589 0.0342377 0.0000000 0.0358543 0.0050298 0.0000000 0.0117841 0.0170462 0.0000000 0.0000000 0.4231160 0.4087253
 41 G  41 0.0483374 0.0005575 0.0076368 0.0003689 0.0020744 0.0000000 0.0012415 0.4742921 0.0063652 0.0051044 0.0026463 0.0000000 0.0126505 0.0000000 0.0000000 0.0131819 0.0038544 0.0000000 0.0000000 0.0130972 0.4085914
 42 Y  42 0.0027299 0.0044345 0.0000000 0.0000000 0.0048863 0.0031921 0.0000000 0.0000000 0.0045000 0.0073072 0.0873384 0.0000000 0.0464778 0.0338853 0.0000000 0.0043493 0.0008903 0.0000000 0.3829954 0.0087541 0.4082594
 43 V  43 0.0021908 0.0000000 0.0000000 0.0000000 0.0000000 0.0000000 0.0036354 0.0010813 0.0000000 0.0178177 0.0829552 0.0000000 0.0133566 0.0048918 0.0000000 0.0000000 0.0000000 0.0000000 0.0000000 0.4661333 0.4079379
 44 D  44 0.0000000 0.0027299 0.0359645 0.5434772 0.0000000 0.0000000 0.0038402 0.0024150 0.0000000 0.0000000 0.0000000 0.0000000 0.0000000 0.0000000 0.0036354 0.0000000 0.0000000 0.0000000 0.0000000 0.0000000 0.4079379
 45 D  45 0.0058703 0.0007250 0.0276981 0.3585832 0.0000000 0.0000000 0.0417717 0.1163906 0.0042343 0.0000000 0.0000000 0.0008936 0.0000000 0.0000000 0.0000000 0.0308142 0.0000000 0.0000000 0.0013192 0.0000000 0.4116998
 46 T  46 0.0106246 0.0293764 0.0029165 0.0024246 0.0000000 0.1069219 0.0463336 0.0161552 0.0144138 0.0520978 0.0135805 0.0122898 0.0126615 0.0023157 0.0000000 0.0005010 0.1874355 0.0000000 0.0015958 0.0766561 0.4116998
 47 L  47 0.0107232 0.0097820 0.0000000 0.0024954 0.0000000 0.3384040 0.0541969 0.0006035 0.0056486 0.0084608 0.0629450 0.0020865 0.0083050 0.0000000 0.0731286 0.0000000 0.0000000 0.0000000 0.0000000 0.0118162 0.4114043
 48 F  48 0.0052330 0.0000000 0.0000000 0.0000000 0.0044122 0.0027299 0.0000000 0.0025968 0.0028189 0.1279012 0.0096379 0.0014039 0.0367316 0.3505421 0.0000000 0.0009171 0.0022938 0.0000000 0.0225379 0.0185155 0.4117283
 49 V  49 0.0138702 0.0039564 0.0088723 0.0522646 0.0031641 0.0183651 0.0182870 0.0519917 0.0000000 0.0261841 0.0254545 0.0000000 0.0325144 0.0201519 0.0000000 0.0208885 0.0279028 0.0039728 0.0061006 0.2550263 0.4110326
 50 R  50 0.0035759 0.2503412 0.0069827 0.0027118 0.0039815 0.0117837 0.0000000 0.0256300 0.0950150 0.0010643 0.0030409 0.0094701 0.0040810 0.0050954 0.0000000 0.0365632 0.0100358 0.0052635 0.1117777 0.0023157 0.4112707
 51 F  51 0.0000000 0.0027299 0.0000000 0.0000000 0.0170241 0.0000000 0.0000000 0.0000000 0.0008795 0.0000000 0.0137604 0.0000000 0.0000000 0.2723494 0.0000000 0.0000000 0.0000000 0.0000000 0.2838335 0.0021525 0.4072707
 52 D  52 0.0011405 0.0007970 0.0991996 0.4477112 0.0000000 0.0000000 0.0061683 0.0063848 0.0067197 0.0000000 0.0036354 0.0012266 0.0000000 0.0000000 0.0000000 0.0174305 0.0023157 0.0000000 0.0000000 0.0000000 0.4072707
 53 S  53 0.0008350 0.0000000 0.0150140 0.0000000 0.0010380 0.0000000 0.0000000 0.0109969 0.0120282 0.0004144 0.0000000 0.0000000 0.0000000 0.0000000 0.0028077 0.5263929 0.0116408 0.0000000 0.0000000 0.0000000 0.4188322
 54 D  54 0.0058137 0.0129241 0.0951854 0.2285905 0.0008318 0.0040238 0.0739342 0.0009194 0.0057806 0.0269673 0.0039728 0.0252561 0.0000000 0.0000000 0.0000000 0.0093485 0.0157636 0.0000000 0.0031700 0.0056425 0.4818758
 55 A  55 0.1827368 0.0260547 0.0068447 0.0060649 0.0012534 0.0000000 0.0247780 0.0274068 0.0000000 0.0427716 0.0015151 0.0113943 0.0044256 0.0000000 0.0000000 0.0330616 0.0355929 0.0050234 0.0009516 0.0102619 0.5798627
 56 A  56 0.0899379 0.0699934 0.0044579 0.0069115 0.0010981 0.0158471 0.1003232 0.0431119 0.0042382 0.0000000 0.0004970 0.0495478 0.0014896 0.0000000 0.0324314 0.0116478 0.0060792 0.0000000 0.0000000 0.0261081 0.5362800
 57 S  57 0.0070753 0.0041639 0.0960433 0.0174567 0.0045038 0.0008842 0.0087236 0.0022406 0.0046316 0.0158699 0.0018514 0.0062732 0.0054836 0.0051711 0.0000000 0.1451866 0.1481450 0.0000000 0.0022210 0.0098967 0.5141785
 58 P  58 0.0261759 0.0735334 0.0045314 0.0042721 0.0000000 0.0842467 0.0026537 0.0151765 0.0027268 0.0020566 0.0094715 0.0395441 0.0264091 0.0015467 0.1795628 0.0101534 0.0011588 0.0000000 0.0000000 0.0069478 0.5098328
 59 R  59 0.0055615 0.3575568 0.0000000 0.0000000 0.0000000 0.0234600 0.0164395 0.0108918 0.0000000 0.0067758 0.0036065 0.1099660 0.0094725 0.0000000 0.0000000 0.0088730 0.0043638 0.0046950 0.0000000 0.0067641 0.4315735
 60 E  60 0.1491633 0.0027618 0.0053627 0.0122619 0.0022752 0.0004430 0.0349725 0.0040599 0.0017423 0.0104518 0.0205446 0.0537754 0.1473429 0.0162542 0.0051269 0.0084366 0.0222484 0.0008722 0.0259979 0.0525057 0.4234007
 61 E  61 0.0015601 0.0114728 0.0000000 0.0019837 0.0000000 0.0293315 0.3267841 0.0007389 0.0025483 0.0481858 0.0212333 0.0285534 0.0021345 0.0022472 0.0000000 0.0000000 0.0032421 0.0000000 0.0000000 0.0939157 0.4260687
 62 P  62 0.0145181 0.0011349 0.0040554 0.0000000 0.0000000 0.0108540 0.0000000 0.0065190 0.0136756 0.0055697 0.0113357 0.0000000 0.0000000 0.0063929 0.4763747 0.0231257 0.0066956 0.0000000 0.0000000 0.0021440 0.4176047
 63 R  63 0.0129410 0.3097878 0.0000000 0.0018645 0.0249854 0.0171420 0.0010813 0.0063773 0.0021777 0.0141893 0.0316308 0.1368375 0.0031546 0.0018235 0.0000000 0.0054047 0.0108521 0.0005836 0.0000000 0.0041303 0.4150364
 64 A  64 0.2639093 0.0011768 0.0000000 0.0000000 0.0000000 0.1207089 0.0048778 0.0151476 0.0000000 0.0038525 0.0055825 0.0061976 0.0043014 0.0028088 0.0008503 0.0060350 0.0830919 0.0014769 0.0024954 0.0688273 0.4086599
 65 P  65 0.0253122 0.0400154 0.0018050 0.0852781 0.0000000 0.0463377 0.0735108 0.0095080 0.0078352 0.0006277 0.0085994 0.0048151 0.0007539 0.0000000 0.2511337 0.0228431 0.0074628 0.0038894 0.0012892 0.0034052 0.4055779
 66 W  66 0.0000000 0.0000000 0.0000000 0.0000000 0.0012587 0.0000000 0.0009673 0.0011544 0.0000000 0.0000000 0.0039664 0.0025483 0.0026446 0.0030266 0.0000000 0.0125171 0.0000000 0.5613377 0.0000000 0.0005054 0.4100734
 67 I  67 0.0188425 0.0074730 0.0000000 0.0000000 0.0000000 0.0017483 0.0015625 0.0017442 0.0000000 0.1148431 0.0566049 0.0037972 0.2853049 0.0000000 0.0000000 0.0117264 0.0019002 0.0000000 0.0000000 0.0870743 0.4073783
 68 E  68 0.0263456 0.0453424 0.0156937 0.0323940 0.0036354 0.0251419 0.2633736 0.0095417 0.0033855 0.0007991 0.0020808 0.1052110 0.0022018 0.0000000 0.0098411 0.0228391 0.0059595 0.0000000 0.0017438 0.0052281 0.4192422
 69 Q  69 0.0552882 0.0488201 0.0256135 0.0049135 0.0000000 0.2272912 0.0699416 0.0134212 0.0068562 0.0049372 0.0138958 0.0735093 0.0052977 0.0007573 0.0041871 0.0129927 0.0129586 0.0004334 0.0000000 0.0098741 0.4090113
 70 E  70 0.0218977 0.0107326 0.0425617 0.0288838 0.0020310 0.0112957 0.2759901 0.0000000 0.0031897 0.0012627 0.0297325 0.0339028 0.0248906 0.0008637 0.0021761 0.0014769 0.0201032 0.0000000 0.0000000 0.0759062 0.4131029
 71 G  71 0.0108889 0.0089583 0.0177249 0.1537094 0.0000000 0.0045211 0.0369555 0.2401010 0.0067207 0.0006147 0.0223279 0.0071999 0.0158874 0.0020399 0.0158789 0.0189263 0.0127764 0.0012426 0.0018741 0.0026350 0.4190171
 72 P  72 0.0512807 0.0105955 0.0000000 0.0038203 0.0000000 0.0751710 0.0150934 0.0023124 0.0000000 0.0035832 0.0064423 0.0070305 0.0130146 0.0000000 0.3440851 0.0425637 0.0178942 0.0000000 0.0008050 0.0013517 0.4049562
 73 E  73 0.0090646 0.0036924 0.0050367 0.0938282 0.0000000 0.1132113 0.3077682 0.0206702 0.0017386 0.0000000 0.0041926 0.0106759 0.0000000 0.0000000 0.0000000 0.0152644 0.0043777 0.0000000 0.0040784 0.0000000 0.4064009
 74 Y  74 0.0014249 0.0000000 0.0020663 0.0191939 0.0011684 0.0048120 0.0018034 0.0000000 0.0564534 0.0000000 0.0144470 0.0000000 0.0038473 0.0267203 0.0000000 0.0015408 0.0053359 0.0006766 0.4509227 0.0027299 0.4068573
 75 W  75 0.0007415 0.0021590 0.0018645 0.0043556 0.0025041 0.0000000 0.0000000 0.0000000 0.0000000 0.0064079 0.0474122 0.0014896 0.0012032 0.0116252 0.0043917 0.0035185 0.0000000 0.5039759 0.0000000 0.0008171 0.4075339
 76 D  76 0.0138994 0.0061481 0.0180699 0.1644826 0.0000000 0.0091680 0.3283251 0.0069225 0.0005503 0.0000000 0.0137971 0.0287086 0.0000000 0.0000000 0.0000000 0.0018916 0.0031288 0.0000000 0.0000000 0.0010967 0.4038114
 77 R  77 0.0050622 0.2307141 0.0151293 0.0148526 0.0000000 0.0564123 0.0639573 0.0215042 0.0027394 0.0032696 0.0153173 0.0791099 0.0125420 0.0000000 0.0027299 0.0231484 0.0206722 0.0243788 0.0029288 0.0036074 0.4019243
 78 E  78 0.0085922 0.0075857 0.0916122 0.0034795 0.0006723 0.1317026 0.2195979 0.0370474 0.0023738 0.0042599 0.0254161 0.0033541 0.0038314 0.0000000 0.0000000 0.0047384 0.0073575 0.0009945 0.0361031 0.0072220 0.4040592
 79 T  79 0.0058951 0.0081874 0.0100552 0.0027299 0.0000000 0.0016113 0.0017226 0.0012126 0.0000000 0.0040925 0.0000000 0.0106412 0.0032636 0.0000000 0.0018871 0.0454513 0.4979776 0.0000000 0.0000000 0.0017483 0.4035244
 80 Q  80 0.0160863 0.1221542 0.0154671 0.0158614 0.0000000 0.2598397 0.0510859 0.0264738 0.0133793 0.0000000 0.0191934 0.0382747 0.0000000 0.0014249 0.0005916 0.0016414 0.0058919 0.0061818 0.0005264 0.0014390 0.4044872
 81 I  81 0.0047686 0.0529249 0.0697814 0.0180145 0.0000000 0.0141561 0.0046886 0.0159657 0.0037895 0.1700255 0.0454404 0.0596513 0.0078937 0.0055564 0.0018645 0.0607783 0.0247926 0.0005972 0.0162674 0.0196031 0.4034401
 82 C  82 0.1568701 0.0446919 0.0056149 0.0047179 0.0379691 0.0258058 0.0014357 0.0149873 0.0045442 0.0117584 0.0880591 0.0006396 0.0235523 0.0404216 0.0004553 0.0495833 0.0081554 0.0010471 0.0177989 0.0649077 0.3969842
 83 K  83 0.0068737 0.0828882 0.0007016 0.0000000 0.0000000 0.0677617 0.0114763 0.0000000 0.0012736 0.0304248 0.0577094 0.2496069 0.0171497 0.0174236 0.0033323 0.0062661 0.0244427 0.0081395 0.0000000 0.0187778 0.3957522
 84 A  84 0.0684043 0.0345922 0.0404128 0.0516298 0.0000000 0.0060237 0.0521724 0.2143210 0.0103017 0.0100731 0.0013631 0.0127725 0.0000000 0.0000000 0.0000000 0.0611381 0.0195409 0.0008380 0.0069083 0.0146057 0.3949024
 85 K  85 0.0540663 0.0414579 0.0759243 0.0279821 0.0021547 0.0294307 0.0186716 0.0118462 0.0455030 0.0086695 0.0280701 0.0454886 0.0052357 0.0108271 0.0007264 0.0521793 0.0655380 0.0518692 0.0201101 0.0103812 0.3938680
 86 A  86 0.1246274 0.0087843 0.0016706 0.0118234 0.0000000 0.1120031 0.2008615 0.0140584 0.0285672 0.0036898 0.0072082 0.0098081 0.0101414 0.0020733 0.0045632 0.0313535 0.0324176 0.0000000 0.0036344 0.0018290 0.3908856
 87 Q  87 0.0179649 0.0233953 0.0023017 0.0143757 0.0000000 0.3616213 0.0242471 0.0031912 0.0316639 0.0039758 0.0215122 0.0359167 0.0047095 0.0036354 0.0302542 0.0056785 0.0069495 0.0018639 0.0039677 0.0122774 0.3904982
 88 T  88 0.0231925 0.0232214 0.0458714 0.0241847 0.0025463 0.0112836 0.0034536 0.0125726 0.0010344 0.0842881 0.0217567 0.0079039 0.0179200 0.0210304 0.0018871 0.0468471 0.1364488 0.0481980 0.0027164 0.0756058 0.3880373
 89 D  89 0.0162082 0.0020869 0.0121526 0.0519233 0.0046764 0.0200394 0.0056951 0.0138012 0.0062921 0.0047808 0.0257523 0.0012664 0.0096565 0.3421656 0.0059371 0.0233207 0.0102546 0.0000000 0.0484668 0.0074866 0.3880373
 90 R  90 0.0074950 0.2367192 0.0170527 0.0034863 0.0008584 0.0294354 0.0118694 0.0105659 0.0070751 0.0142261 0.0185750 0.2009486 0.0105638 0.0139525 0.0101356 0.0043887 0.0110768 0.0000000 0.0027611 0.0012102 0.3876040
 91 E  91 0.0754875 0.0432297 0.0298868 0.0112576 0.0009673 0.0072107 0.0539990 0.0414357 0.0291498 0.0045375 0.0256545 0.0140914 0.0125222 0.0027965 0.0000000 0.0192432 0.0075057 0.0055641 0.0047679 0.2216442 0.3890487
 92 D  92 0.0058165 0.0069073 0.2587994 0.0679887 0.0061095 0.0045734 0.0333038 0.0396598 0.0071107 0.0127401 0.0293383 0.0167096 0.0024741 0.0135414 0.0000000 0.0631990 0.0249433 0.0020869 0.0104891 0.0048638 0.3893454
 93 L  93 0.0000000 0.0013657 0.0000000 0.0000000 0.0024780 0.0023017 0.0000000 0.0018142 0.0017111 0.1221897 0.3744881 0.0000000 0.0215073 0.0164080 0.0027299 0.0058222 0.0067543 0.0000000 0.0014742 0.0528696 0.3860862
 94 R  94 0.0156878 0.1334312 0.0660667 0.0424075 0.0000000 0.0605823 0.0772430 0.0470015 0.0065025 0.0109018 0.0153589 0.0719267 0.0104382 0.0000000 0.0056635 0.0068652 0.0027532 0.0284223 0.0025186 0.0111897 0.3850395
 95 T  95 0.0086727 0.0173465 0.0677501 0.0230375 0.0000000 0.0034469 0.0047267 0.0009238 0.0056550 0.1197079 0.0145802 0.0208378 0.0075204 0.0284410 0.0000000 0.0208433 0.2181197 0.0046016 0.0053765 0.0437834 0.3846290
 96 L  96 0.1370988 0.0062061 0.0020505 0.0000000 0.0005151 0.0000000 0.0000000 0.0134086 0.0023017 0.0528403 0.3066447 0.0000000 0.0265739 0.0026950 0.0018871 0.0044258 0.0061944 0.0024920 0.0000000 0.0519240 0.3827420
 97 L  97 0.0195836 0.1384086 0.0020864 0.0000000 0.0000000 0.0403180 0.0008862 0.0041159 0.0018158 0.0176934 0.1167785 0.0869602 0.1330732 0.0079198 0.0098022 0.0071589 0.0073028 0.0021408 0.0000000 0.0214517 0.3825039
 98 R  98 0.0042488 0.0784351 0.0177174 0.0680023 0.0003910 0.0704104 0.0747438 0.1545935 0.0248714 0.0039944 0.0175289 0.0411707 0.0000000 0.0000000 0.0118705 0.0238262 0.0131090 0.0007377 0.0000000 0.0098188 0.3845299
 99 Y  99 0.0086735 0.2135566 0.0197908 0.0045509 0.0012736 0.0100785 0.0052933 0.0023542 0.0243062 0.0184291 0.0159501 0.0047053 0.0017656 0.0174263 0.0018871 0.0073279 0.0067224 0.0000000 0.2461489 0.0052576 0.3845020
100 Y 100 0.0031084 0.0052647 0.0160057 0.0000000 0.0020529 0.0071564 0.0013423 0.0045592 0.0217391 0.0020869 0.0272532 0.0000000 0.0270954 0.1515435 0.0000000 0.0044171 0.0083791 0.0005972 0.3319852 0.0033998 0.3820139
101 N 101 0.0025932 0.0338007 0.5111772 0.0031451 0.0000000 0.0071823 0.0057286 0.0044836 0.0000000 0.0045100 0.0017185 0.0218276 0.0011492 0.0057230 0.0060719 0.0051106 0.0113387 0.0020869 0.0000000 0.0000000 0.3723529
102 Q 102 0.0029244 0.0064818 0.0093817 0.0204185 0.0025356 0.4686274 0.0566269 0.0063002 0.0728892 0.0000000 0.0084001 0.0310978 0.0000000 0.0013423 0.0012396 0.0064695 0.0000000 0.0000000 0.0092752 0.0000000 0.2959897
103 S 103 0.0019739 0.0152838 0.0333632 0.0018181 0.0018871 0.0109865 0.0000000 0.0033204 0.0023017 0.0013918 0.0014861 0.0099201 0.0017871 0.0000000 0.0024300 0.3689148 0.2392898 0.0000000 0.0109069 0.0000000 0.2929386
104 E 104 0.0231775 0.0380492 0.0171405 0.0240747 0.0110122 0.0278340 0.1583944 0.0210789 0.0024342 0.0034623 0.0051148 0.0491366 0.0200509 0.0016818 0.0017319 0.0128564 0.0038150 0.0549894 0.0123388 0.0046933 0.5069330
105 A 105 0.1971348 0.0213255 0.0267280 0.0407271 0.0000000 0.0094138 0.0395392 0.2072669 0.0000000 0.0028591 0.0028160 0.0228375 0.0000000 0.0000000 0.0099934 0.0686303 0.0515981 0.0006447 0.0000000 0.0052854 0.2932002
106 G 106 0.0023460 0.0045932 0.0018235 0.0543887 0.0000000 0.0016898 0.0350825 0.5942319 0.0000000 0.0026947 0.0026008 0.0069497 0.0028715 0.0000000 0.0000000 0.0210042 0.0015553 0.0000000 0.0000000 0.0069695 0.2611989
107 S 107 0.0121660 0.0057946 0.0066573 0.0052507 0.0000000 0.0000000 0.0023685 0.0054843 0.0190706 0.0191253 0.0389845 0.0049519 0.0025321 0.0249065 0.0419181 0.3566107 0.0182282 0.0000000 0.0381627 0.1391570 0.2586309
108 H 108 0.0000000 0.0047735 0.0028447 0.0047377 0.0000000 0.0028442 0.0021903 0.0000000 0.6837539 0.0043761 0.0119495 0.0024780 0.0000000 0.0020865 0.0024516 0.0040783 0.0140623 0.0000000 0.0084293 0.0039504 0.2449936
109 T 109 0.0045963 0.0046263 0.0041112 0.0029251 0.0000000 0.0017414 0.0024780 0.0000000 0.0070418 0.0794590 0.0079951 0.0000000 0.0065565 0.0098766 0.0009681 0.1697148 0.3817454 0.0098514 0.0000000 0.0613196 0.2449936
110 L 110 0.0094377 0.0029814 0.0073733 0.0000000 0.0000000 0.0149725 0.0000000 0.0000000 0.0108698 0.1067189 0.3053772 0.0017414 0.0559482 0.0953244 0.0000000 0.0062426 0.0028479 0.0207009 0.0432906 0.0711796 0.2449936
111 Q 111 0.0000000 0.1410548 0.0000000 0.0000000 0.0000000 0.5472650 0.0039169 0.0061591 0.0016160 0.0036362 0.0079615 0.0064286 0.0037725 0.0000000 0.0009681 0.0094405 0.0016898 0.0112225 0.0054179 0.0044570 0.2449936
112 N 112 0.0073357 0.1395587 0.0223734 0.0035078 0.0085037 0.0218177 0.0328495 0.0234003 0.0071828 0.0114226 0.0459121 0.0302787 0.0311376 0.0257385 0.0008694 0.0116263 0.0222014 0.1096975 0.1559652 0.0428030 0.2458181
113 M 113 0.0026687 0.0461890 0.0011403 0.0000000 0.0000000 0.0138901 0.0000000 0.0020472 0.0000000 0.0354378 0.0589692 0.0071295 0.3740743 0.1466081 0.0000000 0.0028227 0.0173933 0.0015399 0.0141730 0.0277831 0.2481337
114 Y 114 0.0089201 0.0154154 0.0160926 0.0192932 0.0225925 0.0154597 0.0127088 0.0215642 0.0634723 0.0274179 0.0201624 0.0088027 0.0096997 0.0659141 0.0011544 0.0588078 0.0127920 0.0031451 0.3319201 0.0162933 0.2483717
115 G 115 0.0114488 0.0026110 0.0011251 0.0025643 0.0217812 0.0000000 0.0044335 0.5223601 0.0015399 0.0162181 0.0023098 0.0040139 0.0000000 0.0036305 0.0038006 0.0166751 0.1358100 0.0000000 0.0018705 0.0004176 0.2473901
116 C 116 0.1066493 0.0000000 0.0000000 0.0086138 0.5490403 0.0000000 0.0090275 0.0218672 0.0000000 0.0051803 0.0018127 0.0000000 0.0000000 0.0021903 0.0000000 0.0215358 0.0040403 0.0043536 0.0075196 0.0127839 0.2453854
117 D 117 0.0112796 0.0000000 0.0251297 0.1886607 0.0076886 0.0096584 0.2924730 0.0056161 0.0070223 0.0185899 0.0118627 0.0021236 0.0306929 0.0025820 0.0000000 0.0051368 0.0084113 0.0010447 0.0188378 0.1078045 0.2453854
118 V 118 0.0020100 0.0077153 0.0010447 0.0000000 0.0075163 0.0000000 0.0121353 0.0054468 0.0000000 0.0579707 0.1915307 0.0000000 0.0275233 0.0009372 0.0009681 0.1324843 0.0135849 0.0975682 0.0016471 0.1878035 0.2521137
119 G 119 0.0180960 0.1719892 0.0119124 0.1534800 0.0000000 0.0219038 0.0558119 0.1952163 0.0110510 0.0000000 0.0620456 0.0016243 0.0030310 0.0044996 0.0000000 0.0178240 0.0066042 0.0055272 0.0024780 0.0047203 0.2521853
120 P 120 0.0081299 0.0061299 0.0335174 0.1374844 0.0000000 0.0155070 0.1018814 0.0070197 0.0164127 0.0048447 0.0120118 0.0161646 0.0016898 0.0031731 0.2993386 0.0733989 0.0116119 0.0000000 0.0009549 0.0027095 0.2480196
121 D 121 0.0020445 0.0092653 0.0379465 0.3718612 0.0000000 0.0250960 0.1034818 0.1466746 0.0038828 0.0000000 0.0000000 0.0040993 0.0000000 0.0007401 0.0029251 0.0169369 0.0068593 0.0000000 0.0029126 0.0045109 0.2607632
122 G 122 0.0089898 0.0719315 0.0390703 0.0244709 0.0000000 0.0039681 0.0058538 0.3511215 0.0087800 0.0021641 0.0585869 0.0012490 0.0071706 0.0092909 0.0324476 0.0109934 0.0985460 0.0074195 0.0016898 0.0024810 0.2537751
123 R 123 0.0082788 0.1978447 0.0190897 0.0054101 0.0011170 0.0030363 0.0148826 0.2412357 0.0135256 0.0054086 0.0117105 0.0149214 0.0034071 0.0003822 0.0015389 0.1513547 0.0249047 0.0031861 0.0100372 0.0025579 0.2661703
124 L 124 0.0232635 0.0050137 0.0083152 0.0095424 0.0000000 0.0105245 0.1663543 0.0000000 0.0025344 0.0075951 0.1757694 0.0365898 0.0014638 0.1197727 0.0046785 0.0298410 0.0624332 0.0000000 0.0060054 0.0226183 0.3076851
125 L 125 0.0056225 0.0123570 0.0013435 0.0000000 0.0024661 0.0066955 0.0000000 0.0128955 0.0008748 0.0794041 0.2047835 0.0084913 0.0015922 0.0040113 0.1461699 0.0519966 0.1088107 0.0000000 0.0000000 0.0751918 0.2772939
126 R 126 0.0159542 0.4030216 0.0391426 0.0215208 0.0003939 0.0182824 0.0267250 0.0569956 0.0375369 0.0016113 0.0078861 0.0442515 0.0000000 0.0000000 0.0010548 0.0280805 0.0243686 0.0136221 0.0000000 0.0017555 0.2577966
127 G 127 0.0357441 0.0043707 0.0000000 0.0000000 0.0019666 0.0000000 0.0021173 0.5177887 0.0000000 0.0000000 0.0047200 0.0000000 0.0000000 0.1387980 0.0000000 0.0084943 0.0000000 0.0117929 0.0299325 0.0042986 0.2399762
128 Y 128 0.0012426 0.0061384 0.0008333 0.0053056 0.0004069 0.0181032 0.0000000 0.0000000 0.0401708 0.1221732 0.0230088 0.0000000 0.0168004 0.1653901 0.0000000 0.0168127 0.0068458 0.0013237 0.3017701 0.0266908 0.2469837
129 H 129 0.0428045 0.0511301 0.0377361 0.0900799 0.0078701 0.0214843 0.0856091 0.0089810 0.0343287 0.0181496 0.0412297 0.0092352 0.0187594 0.0255786 0.0012426 0.0844607 0.0134242 0.0766530 0.0686124 0.0195839 0.2430468
130 Q 130 0.0019727 0.0479863 0.0004316 0.0000000 0.0000000 0.4381620 0.0502125 0.0026007 0.0133586 0.0058980 0.0073692 0.0241733 0.0098727 0.0000000 0.0000000 0.0013192 0.0039182 0.0034593 0.0000000 0.1464572 0.2428088
131 D 131 0.0096708 0.0058198 0.0034152 0.0585863 0.0033108 0.0027632 0.0122047 0.1464582 0.0391158 0.0284649 0.0436646 0.0014323 0.0082956 0.1118919 0.0000000 0.0161676 0.0013761 0.0040641 0.2457594 0.0118799 0.2456590
132 A 132 0.2820695 0.0000000 0.0030774 0.0000000 0.0031451 0.0029251 0.0000000 0.2326769 0.0016113 0.0084927 0.0016243 0.0020260 0.0000000 0.0041509 0.0000000 0.0292740 0.0192554 0.0017185 0.1546980 0.0078339 0.2454209
133 Y 133 0.0000000 0.0000000 0.0028200 0.0000000 0.0007773 0.0000000 0.0000000 0.0000000 0.0014546 0.0014390 0.0085033 0.0000000 0.0000000 0.0541654 0.0000000 0.0008740 0.0000000 0.0090776 0.5157656 0.1560669 0.2490563
134 D 134 0.0004181 0.0026122 0.0473147 0.6719898 0.0031174 0.0005510 0.0114278 0.0052393 0.0029251 0.0000000 0.0000000 0.0000000 0.0000000 0.0000000 0.0000000 0.0000000 0.0000000 0.0000000 0.0129616 0.0000000 0.2414430
135 G 135 0.0053428 0.0035114 0.0150905 0.1170201 0.0000000 0.0000000 0.0070397 0.5876672 0.0009117 0.0000000 0.0017438 0.0000000 0.0000000 0.0000000 0.0000000 0.0159344 0.0036502 0.0000000 0.0000000 0.0006454 0.2414430
136 K 136 0.0463988 0.1299776 0.0023443 0.0212950 0.0028002 0.0753137 0.1688476 0.0053707 0.0207599 0.0136066 0.0127600 0.1160328 0.0016934 0.0000000 0.0003401 0.0088903 0.1115397 0.0016218 0.0164440 0.0023555 0.2416079
137 D 137 0.0034275 0.0000000 0.0233256 0.5235183 0.0000000 0.1161709 0.0552524 0.0052019 0.0026732 0.0101095 0.0077739 0.0000000 0.0000000 0.0000000 0.0023098 0.0017085 0.0000000 0.0000000 0.0009516 0.0061339 0.2414430
138 Y 138 0.0018290 0.0029251 0.0037750 0.0014390 0.0003419 0.0000000 0.0026122 0.0000000 0.0322917 0.0088822 0.0244972 0.0023017 0.0000000 0.4000724 0.0000000 0.0047176 0.0020260 0.0008903 0.2639252 0.0060306 0.2414430
139 I 139 0.0049633 0.0000000 0.0000000 0.0000000 0.0000000 0.0124761 0.0000000 0.0054031 0.0009314 0.3470821 0.1865927 0.0000000 0.0227077 0.0135442 0.0081130 0.0036096 0.0012312 0.0000000 0.0025041 0.1493985 0.2414430
140 A 140 0.2601683 0.1287072 0.0024902 0.0022523 0.0017701 0.0008756 0.0360448 0.0079692 0.0173653 0.0299677 0.0024123 0.0011129 0.0127676 0.0021778 0.0029251 0.1415473 0.0655874 0.0000000 0.0136978 0.0279931 0.2421679
141 L 141 0.0029251 0.0000000 0.0000000 0.0000000 0.0000000 0.0026122 0.0000000 0.0000000 0.0000000 0.0030566 0.3604115 0.0000000 0.0028291 0.3218850 0.0000000 0.0004161 0.0000000 0.0066619 0.0565470 0.0012126 0.2414430
142 N 142 0.0034613 0.0044545 0.2598703 0.4432687 0.0111258 0.0008221 0.0027792 0.0000000 0.0064339 0.0000000 0.0049510 0.0104961 0.0000000 0.0000000 0.0000000 0.0081133 0.0064161 0.0000000 0.0000000 0.0000000 0.2378076
143 E 143 0.0015559 0.0022273 0.0016818 0.0351793 0.0000000 0.0048116 0.2130060 0.0065532 0.0020036 0.0000000 0.1134068 0.1227479 0.0308610 0.0045898 0.0238555 0.1652148 0.0282741 0.0011200 0.0013479 0.0045420 0.2370216
144 D 144 0.0164365 0.0044368 0.0196955 0.4174525 0.0000000 0.0133795 0.1205516 0.0103974 0.0018506 0.0000000 0.0000000 0.1141555 0.0015467 0.0000000 0.0007239 0.0118901 0.0173158 0.0000000 0.0026919 0.0104542 0.2370216
145 L 145 0.0993539 0.0403687 0.0215824 0.0054286 0.0000000 0.0025210 0.0321501 0.0025271 0.0053630 0.0180455 0.2315802 0.0134915 0.0097564 0.0000000 0.0065886 0.0345744 0.2213977 0.0000000 0.0000000 0.0086583 0.2466127
146 S 146 0.0417616 0.1477932 0.0120552 0.0037929 0.0032450 0.0165647 0.1030682 0.0264665 0.0087723 0.0050597 0.1406053 0.0515809 0.0524903 0.0031041 0.0240402 0.0664315 0.0109025 0.0123070 0.0035232 0.0162231 0.2502126
147 S 147 0.0187357 0.0569233 0.0557732 0.0126026 0.0000000 0.0293962 0.0153612 0.0029251 0.0007239 0.0078875 0.0008028 0.0195055 0.0060300 0.0028165 0.0000000 0.2467063 0.2405069 0.0000000 0.0009485 0.0325847 0.2497703
148 W 148 0.0162734 0.0023860 0.0025384 0.0000000 0.0033038 0.0137409 0.0017897 0.0020942 0.0052408 0.0018668 0.0030275 0.0000000 0.0000000 0.0466181 0.0888349 0.0041190 0.0016160 0.4826909 0.0641942 0.0021079 0.2575575
149 T 149 0.0071011 0.1190423 0.0054843 0.0000000 0.0000000 0.0028650 0.0065598 0.0050892 0.0000000 0.1148755 0.0082001 0.0109030 0.0115295 0.0014216 0.0000000 0.0169561 0.3010904 0.0000000 0.0000000 0.1373698 0.2515124
150 A 150 0.4889812 0.0023373 0.0000000 0.0000000 0.0000000 0.0000000 0.0137859 0.0062021 0.0017336 0.0017239 0.0025820 0.0000000 0.0647949 0.0000000 0.0679936 0.0274520 0.0263504 0.0000000 0.0038628 0.0290524 0.2631479
151 A 151 0.3187000 0.0097453 0.0042559 0.0121047 0.0000000 0.0130814 0.0808219 0.0088118 0.0031736 0.0041207 0.0311055 0.0103980 0.0101125 0.0028067 0.1108223 0.0304395 0.0251192 0.0035738 0.0138145 0.0453320 0.2616607
152 D 152 0.0078341 0.0067339 0.0473138 0.2616971 0.0000000 0.0089428 0.0748521 0.0396695 0.0042908 0.0000000 0.0032125 0.0575725 0.0026543 0.0000000 0.0634570 0.0177837 0.0576088 0.0141315 0.0000000 0.0940816 0.2381639
153 T 153 0.0290375 0.0878139 0.0157620 0.0118822 0.0012475 0.0695985 0.0268038 0.0059484 0.0107206 0.0042598 0.0118068 0.0320951 0.0599547 0.0137712 0.2199093 0.0272307 0.1026092 0.0000000 0.0012334 0.0309952 0.2373203
154 A 154 0.2955432 0.0668949 0.0000000 0.0020310 0.0000000 0.1229907 0.0916944 0.0204061 0.0012736 0.0088592 0.0035267 0.0132793 0.0012315 0.0031039 0.0182216 0.0114039 0.0116301 0.0176229 0.0028650 0.0622756 0.2451464
155 A 155 0.6132626 0.0099728 0.0000000 0.0010147 0.0000000 0.0055785 0.0000000 0.0377197 0.0000000 0.0022137 0.0047911 0.0000000 0.0057068 0.0000000 0.0420301 0.0136470 0.0081989 0.0000000 0.0027443 0.0107031 0.2424165
156 Q 156 0.0124603 0.0220568 0.0137744 0.0132514 0.0000000 0.2487744 0.0811524 0.0114314 0.0137875 0.0107632 0.0688902 0.0125089 0.0077971 0.0152244 0.0353979 0.0041394 0.0042672 0.0699736 0.0025590 0.1093740 0.2424165
157 I 157 0.0192652 0.0073833 0.0588972 0.0087761 0.0020260 0.0066960 0.0095246 0.0044412 0.0040787 0.3233498 0.0242860 0.0103572 0.0688138 0.0105472 0.0551498 0.0090404 0.0230166 0.0565790 0.0131166 0.0442053 0.2404499
158 T 158 0.0037143 0.0081120 0.0030944 0.0308162 0.0000000 0.0000000 0.0512920 0.0088378 0.0013237 0.0450526 0.0320827 0.0048607 0.0417286 0.0047815 0.0020610 0.0400681 0.4538047 0.0041119 0.0018290 0.0257461 0.2366826
159 Q 159 0.0233111 0.0954003 0.0014878 0.0000000 0.0000000 0.1432105 0.0516120 0.0026258 0.0041355 0.0006330 0.0071881 0.3644892 0.0070704 0.0026122 0.0035243 0.0109597 0.0276011 0.0057834 0.0000000 0.0072935 0.2410623
160 R 160 0.0028788 0.2999843 0.0374556 0.0156986 0.0000000 0.1551643 0.0762383 0.0028667 0.0529473 0.0032059 0.0399893 0.0126477 0.0084266 0.0004928 0.0088565 0.0198854 0.0027307 0.0009517 0.0015585 0.0147436 0.2432774
161 K 161 0.0158571 0.0436560 0.0052455 0.0089189 0.0000000 0.0196414 0.0910955 0.0213005 0.0007850 0.0035346 0.0128534 0.4246868 0.0048927 0.0012415 0.0000000 0.0074933 0.0061065 0.0186668 0.0569210 0.0048241 0.2522795
162 W 162 0.0009402 0.0050610 0.0062615 0.0000000 0.0009047 0.0061728 0.0078054 0.0443482 0.0000000 0.0057312 0.0365940 0.0008846 0.0033447 0.0125658 0.0261546 0.0091937 0.0005407 0.5672141 0.0073962 0.0063604 0.2525263
163 E 163 0.0000000 0.0016729 0.0737216 0.1797153 0.0000000 0.0045186 0.4101359 0.0044104 0.0006848 0.0000000 0.0000000 0.0101289 0.0005288 0.0000000 0.0444070 0.0035383 0.0050363 0.0000000 0.0000000 0.0086923 0.2528091
164 A 164 0.2038580 0.0428437 0.0711619 0.0241873 0.0000000 0.0754960 0.1241024 0.0378248 0.0095846 0.0069201 0.0014682 0.0374366 0.0017954 0.0000000 0.0033693 0.0446982 0.0185696 0.0032902 0.0312879 0.0096381 0.2524677
165 A 165 0.1309715 0.0205719 0.0661513 0.0902510 0.0034216 0.0400149 0.1142403 0.0276667 0.0241834 0.0099107 0.0141942 0.0120178 0.0032534 0.0018939 0.0234860 0.0251947 0.0249844 0.0318415 0.0492037 0.0330326 0.2535143
166 R 166 0.0112320 0.0770161 0.0398174 0.0361014 0.0118676 0.0162320 0.0443162 0.2088538 0.0161613 0.0026493 0.0053457 0.0680204 0.0028072 0.0000000 0.0320883 0.0243017 0.0797283 0.0496546 0.0190029 0.0038510 0.2509526
167 V 167 0.1231823 0.0470982 0.0063543 0.0443723 0.0040157 0.0319432 0.1260630 0.0060229 0.0088809 0.0581727 0.0097931 0.0089714 0.0076328 0.0348343 0.0077687 0.0015938 0.0152920 0.0118126 0.0726121 0.1208121 0.2527715
168 A 168 0.3089999 0.0498661 0.0555983 0.0022232 0.0000000 0.0166154 0.0387501 0.0092851 0.0044672 0.0396207 0.1037705 0.0076324 0.0122038 0.0009549 0.0042474 0.0084779 0.0472330 0.0130687 0.0153810 0.0100158 0.2515886
169 E 169 0.0500912 0.0166933 0.0466043 0.0149502 0.0011732 0.0722437 0.3310096 0.0114591 0.0113350 0.0179010 0.0090113 0.0593645 0.0107063 0.0042689 0.0017483 0.0138064 0.0467661 0.0047379 0.0044724 0.0233086 0.2483487
170 Q 170 0.0195888 0.1509734 0.0124208 0.0138645 0.0034649 0.1759807 0.0377311 0.0391315 0.0302824 0.0145583 0.0178659 0.0412901 0.0044205 0.0174375 0.0072203 0.0364453 0.0567235 0.0044724 0.0603172 0.0066779 0.2491331
171 L 171 0.0070160 0.1095424 0.0570222 0.0504022 0.0068176 0.0902479 0.0344264 0.0202891 0.0165442 0.0094654 0.0518573 0.0268520 0.0215789 0.0183713 0.0000000 0.0249521 0.0150891 0.0784461 0.0813024 0.0303302 0.2494472
172 R 172 0.0261902 0.2152201 0.0340233 0.0038879 0.0007174 0.0114601 0.0179636 0.0057494 0.0041271 0.0232179 0.0036279 0.3006571 0.0102892 0.0041057 0.0000000 0.0087617 0.0592288 0.0018709 0.0111554 0.0082989 0.2494472
173 A 173 0.2452602 0.0030284 0.1467518 0.0096438 0.0000000 0.0261282 0.0391091 0.0143707 0.0395352 0.0159804 0.0050220 0.0718441 0.0038327 0.0103011 0.0052958 0.0387651 0.0446144 0.0018645 0.0053832 0.0248902 0.2483791
174 Y 174 0.0056941 0.0148733 0.0064199 0.0215947 0.0013491 0.0454183 0.0182070 0.0106888 0.0078873 0.0008583 0.0132994 0.0472953 0.0055492 0.0443765 0.0000000 0.0055173 0.0094805 0.0134635 0.4798047 0.0023098 0.2459130
175 L 175 0.0192825 0.0046296 0.0076690 0.0105724 0.0007873 0.0043415 0.0053398 0.0173922 0.0046937 0.0250356 0.5187690 0.0075752 0.0141840 0.0171259 0.0064774 0.0118627 0.0179973 0.0036393 0.0277721 0.0316848 0.2431687
176 E 176 0.0172159 0.0158030 0.0255269 0.0189777 0.0000000 0.0566008 0.3795672 0.0208111 0.0095395 0.0088332 0.0094449 0.0432319 0.0035714 0.0163212 0.0021281 0.0245593 0.0798489 0.0000000 0.0169520 0.0077439 0.2433229
177 G 177 0.0182546 0.0607079 0.0715904 0.0182859 0.0044420 0.0928591 0.0884467 0.2343848 0.0200904 0.0075936 0.0056071 0.0518847 0.0000000 0.0000000 0.0000000 0.0095762 0.0493178 0.0000000 0.0035058 0.0195698 0.2438832
178 E 178 0.0158467 0.0321688 0.0160304 0.0362375 0.0017009 0.0536825 0.2183374 0.0142010 0.0145051 0.0609336 0.0240177 0.0312210 0.0032523 0.0023463 0.0191693 0.0156827 0.1283425 0.0053863 0.0058978 0.0571571 0.2438832
179 C 179 0.0079134 0.0000000 0.0299364 0.0268993 0.5683227 0.0016818 0.0170014 0.0063506 0.0036702 0.0101978 0.0083028 0.0020610 0.0024763 0.0170811 0.0000000 0.0197865 0.0161948 0.0008943 0.0096000 0.0081617 0.2434678
180 V 180 0.0095413 0.0392013 0.0023541 0.0108022 0.0091532 0.0044795 0.0008799 0.0007995 0.0021967 0.1753134 0.0944827 0.0063889 0.0123443 0.0247796 0.0934580 0.0125584 0.0125122 0.0006363 0.0060494 0.2384515 0.2436174
181 E 181 0.0309638 0.0606056 0.0165805 0.0851286 0.0000000 0.0620131 0.3650611 0.0243351 0.0047690 0.0032622 0.0157477 0.0206492 0.0048637 0.0009414 0.0043538 0.0023559 0.0176524 0.0029126 0.0051067 0.0286646 0.2440328
182 W 182 0.0070508 0.0233345 0.0316981 0.0096858 0.0097999 0.0229993 0.0119916 0.0321764 0.0141614 0.0070658 0.0124346 0.0023420 0.0195506 0.0181858 0.0000000 0.0500260 0.0398157 0.3928907 0.0091229 0.0417524 0.2439157
183 L 183 0.0074209 0.0023743 0.0362542 0.0024124 0.0040264 0.0000000 0.0000000 0.0015113 0.0000000 0.0057424 0.6185561 0.0088180 0.0152596 0.0092031 0.0017009 0.0089077 0.0024780 0.0000000 0.0131877 0.0182315 0.2439157
184 R 184 0.0089825 0.2276506 0.0228291 0.0000000 0.0013829 0.0802024 0.0098209 0.0079944 0.0402407 0.0000000 0.1148279 0.1744902 0.0000000 0.0090624 0.0061103 0.0139549 0.0055653 0.0022551 0.0228919 0.0064053 0.2453332
185 R 185 0.0043713 0.3123153 0.0241212 0.0021040 0.0000000 0.0174855 0.0211869 0.0240768 0.0011349 0.0101689 0.0122495 0.2602459 0.0083116 0.0025820 0.0011732 0.0128870 0.0270487 0.0035740 0.0010292 0.0049032 0.2490311
186 Y 186 0.0036585 0.0191694 0.0124144 0.0053544 0.0097451 0.0160437 0.0089522 0.0024609 0.0410544 0.0075658 0.0435785 0.0049772 0.0043947 0.0597880 0.0000000 0.0013423 0.0348095 0.0000000 0.4601827 0.0172900 0.2472183
187 L 187 0.0067327 0.0241664 0.0133009 0.0000000 0.0000000 0.0032328 0.0000000 0.0037865 0.0026635 0.0107085 0.4647764 0.0116753 0.0149993 0.0057025 0.0106748 0.0119476 0.0011732 0.0006363 0.0396008 0.1279001 0.2463226
188 E 188 0.0128794 0.0461593 0.0867428 0.0671350 0.0000000 0.0348419 0.3029406 0.0412922 0.0047598 0.0081495 0.0304097 0.0249315 0.0015086 0.0035130 0.0187996 0.0383554 0.0223471 0.0000000 0.0015625 0.0093756 0.2442967
189 N 189 0.0166053 0.0176691 0.1243993 0.0072137 0.0032701 0.0419639 0.0077177 0.0386694 0.0319093 0.0164820 0.0712148 0.0320484 0.0234561 0.0139219 0.0032565 0.0089902 0.0114628 0.0000000 0.2743134 0.0089803 0.2464557
190 G 190 0.0129255 0.0195213 0.0000000 0.0000000 0.0000000 0.0085937 0.0090161 0.5322523 0.0026919 0.0153348 0.0045474 0.0046612 0.0063209 0.0017009 0.0000000 0.0410231 0.0102995 0.0073222 0.0726810 0.0036723 0.2474359
191 K 191 0.0020111 0.0922647 0.0531058 0.0213552 0.0000000 0.0240582 0.0369668 0.0380030 0.0020610 0.0000000 0.0037844 0.3659238 0.0096415 0.0000000 0.0020260 0.0462742 0.0047565 0.0000000 0.0527858 0.0016506 0.2433312
192 E 192 0.0544543 0.0297019 0.0617323 0.0801155 0.0000000 0.0349950 0.2306638 0.0555997 0.0216536 0.0016848 0.0108125 0.0377838 0.0000000 0.0087607 0.0020646 0.0930490 0.0150840 0.0010981 0.0068790 0.0070166 0.2468510
193 T 193 0.0261189 0.0249325 0.0141326 0.0168813 0.0008310 0.0591285 0.0563440 0.0222073 0.0142218 0.0163496 0.0069133 0.0041960 0.0136043 0.0333405 0.0046504 0.1303655 0.2638083 0.0000000 0.0160111 0.0316919 0.2442713
194 L 194 0.0115135 0.0011670 0.0136703 0.0014769 0.0068665 0.0113001 0.0173587 0.0020250 0.0252685 0.0102912 0.5371720 0.0045417 0.0025820 0.0217324 0.0046135 0.0603620 0.0047023 0.0014295 0.0096493 0.0055397 0.2467378
195 Q 195 0.0211409 0.0243298 0.0115708 0.0327227 0.0000000 0.1811565 0.1292411 0.0255065 0.0185401 0.0018182 0.1565070 0.0288376 0.0539897 0.0028650 0.0012337 0.0139128 0.0431132 0.0000000 0.0064974 0.0004269 0.2465902
196 R 196 0.0295834 0.4599910 0.0113250 0.0089335 0.0079693 0.0227435 0.0134609 0.0404284 0.0109857 0.0065819 0.0125903 0.0445424 0.0000000 0.0000000 0.0092368 0.0155530 0.0308035 0.0146520 0.0060998 0.0093334 0.2451862
197 A 197 0.1262511 0.0674873 0.0028843 0.0009079 0.0000000 0.0558578 0.0112583 0.0517741 0.0033547 0.0130604 0.0121110 0.0738284 0.0165140 0.0080890 0.0081584 0.0855361 0.1965484 0.0017009 0.0000000 0.0169966 0.2476813
198 D 198 0.0118234 0.0135704 0.0085187 0.2305813 0.0014295 0.0163789 0.1321309 0.0217839 0.0255505 0.0017082 0.0009626 0.0084446 0.0000000 0.0011251 0.0195741 0.0688768 0.0015306 0.0056666 0.0181537 0.1636715 0.2485186
199 P 199 0.0333616 0.0513625 0.0062302 0.0000000 0.0024175 0.0109021 0.0107338 0.0230143 0.0630080 0.0128316 0.0490009 0.0041004 0.0252685 0.0010285 0.3445395 0.0550185 0.0479515 0.0000000 0.0025820 0.0072767 0.2493718
200 P 200 0.0128502 0.0072175 0.0030420 0.0009982 0.0192083 0.0000000 0.0009137 0.0086096 0.0121807 0.0083237 0.0159904 0.0045559 0.0084183 0.0080158 0.5593887 0.0130865 0.0500217 0.0000000 0.0168271 0.0029877 0.2473640
201 K 201 0.0109818 0.0250538 0.0125935 0.0306643 0.0025820 0.0680635 0.0644317 0.0318656 0.0164662 0.0336242 0.0325851 0.2264696 0.0032920 0.0061544 0.0000000 0.1240900 0.0199933 0.0007813 0.0090883 0.0331354 0.2480841
202 T 202 0.0960395 0.0021176 0.0037739 0.0012475 0.0252685 0.0485498 0.0000000 0.0133952 0.0037368 0.0101919 0.0217764 0.0054738 0.0055292 0.0117476 0.0003252 0.0116868 0.1487628 0.0042047 0.0092101 0.3279603 0.2490024
203 H 203 0.0045421 0.1026578 0.0096616 0.0276092 0.0128668 0.0270607 0.0052834 0.0094201 0.2184008 0.0000000 0.0189775 0.0519687 0.0284237 0.0129776 0.0037076 0.1393562 0.0155734 0.0103589 0.0269683 0.0135438 0.2606417
204 V 204 0.0096231 0.0048068 0.0067245 0.0027661 0.0000000 0.0023743 0.0017857 0.0015891 0.0057148 0.0503745 0.1555146 0.0012867 0.0648445 0.0151723 0.0016729 0.0158278 0.0107922 0.0025041 0.0095141 0.3707728 0.2663390
205 T 205 0.0127754 0.0036429 0.0062019 0.0016729 0.0000000 0.0111699 0.0000000 0.0253324 0.0000000 0.0079632 0.1490956 0.0018916 0.0063209 0.0360113 0.0000000 0.0758429 0.3251810 0.0257479 0.0318390 0.0072275 0.2720840
206 H 206 0.0181969 0.1014988 0.0053624 0.0247400 0.0345597 0.1298238 0.0181309 0.0937272 0.1968829 0.0000000 0.0208422 0.0164768 0.0000000 0.0026919 0.0000000 0.0358025 0.0061220 0.0056252 0.0108357 0.0046922 0.2739888
207 H 207 0.0000000 0.0293133 0.0025557 0.0325548 0.0468173 0.0141702 0.0140216 0.0187413 0.2831257 0.0000000 0.0025129 0.2363726 0.0108690 0.0000000 0.0039366 0.0149863 0.0045771 0.0000000 0.0065032 0.0000000 0.2789425
208 P 208 0.0384691 0.0199812 0.0016472 0.0487564 0.0113701 0.0234812 0.0943970 0.0242855 0.0083485 0.0112026 0.0102573 0.0099361 0.0096563 0.0041200 0.1819113 0.0672401 0.0700100 0.0035330 0.0084603 0.0709278 0.2820091
209 I 209 0.0674042 0.0942477 0.0038330 0.0206943 0.0040911 0.0052152 0.0150307 0.0539435 0.0000000 0.0820218 0.0182092 0.0089378 0.0084464 0.0083705 0.0808167 0.0919472 0.0518281 0.0000000 0.0110793 0.0740820 0.2998014
210 S 210 0.0131906 0.0027445 0.0062785 0.0083062 0.0024609 0.0097631 0.0186362 0.0785759 0.0060445 0.0226359 0.0225348 0.0049877 0.0000000 0.0083197 0.1357876 0.3190424 0.0172634 0.0024971 0.0179053 0.0074954 0.2955304
211 D 211 0.0117791 0.0306270 0.0267717 0.2521783 0.0016506 0.0055397 0.0878467 0.0418908 0.0215290 0.0017985 0.0000000 0.0198731 0.0026731 0.0017857 0.0568288 0.0508879 0.0054281 0.0000000 0.0047598 0.0000000 0.3761518
212 H 212 0.0133102 0.0452240 0.0115354 0.1097432 0.0023065 0.0094586 0.0177805 0.2898377 0.0764793 0.0000000 0.0070592 0.0152340 0.0000000 0.0027783 0.0060913 0.0139373 0.0057240 0.0005085 0.0011582 0.0009108 0.3709231
213 E 213 0.0175303 0.0269314 0.0526221 0.0769864 0.0000000 0.0079498 0.1414272 0.0729944 0.0134101 0.0459011 0.0129482 0.0406001 0.0170884 0.0155527 0.0070670 0.0121142 0.0174753 0.0057631 0.0175781 0.0148136 0.3832466
214 A 214 0.0690874 0.0691598 0.0207457 0.0052988 0.0000000 0.0096647 0.0237090 0.0091924 0.0000000 0.0292958 0.0675516 0.0123837 0.0021840 0.0113377 0.0060292 0.1366600 0.0742839 0.0000000 0.0125720 0.1878537 0.2529905
215 T 215 0.0101867 0.0215029 0.0066813 0.0030055 0.0000000 0.0266332 0.0246846 0.0041891 0.0027841 0.0280500 0.0828672 0.0354641 0.0050478 0.0175859 0.1074678 0.0180305 0.3381681 0.0000000 0.0000000 0.0058322 0.2618191
216 L 216 0.0025041 0.0146168 0.0012703 0.0016506 0.0000000 0.0006528 0.0000000 0.0000000 0.0077142 0.0177847 0.5481624 0.0000000 0.0029880 0.0086399 0.0000000 0.0010813 0.0000000 0.0008748 0.0132191 0.1252049 0.2536362
217 R 217 0.0177480 0.3599629 0.0028222 0.0020250 0.0000000 0.0070621 0.0035383 0.0219102 0.0234789 0.0200055 0.0116302 0.0373891 0.0051648 0.0092855 0.0000000 0.1059017 0.0942119 0.0000000 0.0026170 0.0203947 0.2548521
218 C 218 0.0000000 0.0000000 0.0000000 0.0000000 0.5921069 0.0000000 0.0012312 0.0853928 0.0018127 0.0000000 0.0023743 0.0000000 0.0000000 0.0000000 0.0000000 0.0000000 0.0000000 0.0021763 0.0464649 0.0011565 0.2672843
219 W 219 0.0049815 0.1002361 0.0004117 0.0154088 0.0029910 0.0291685 0.0107309 0.0000000 0.1499482 0.0000000 0.0370938 0.0056572 0.0105750 0.0069118 0.0000000 0.0014295 0.0018412 0.2597461 0.0934750 0.0072791 0.2621147
220 A 220 0.5343582 0.0136713 0.0101406 0.0109581 0.0040885 0.0187030 0.0085309 0.0323326 0.0034950 0.0043261 0.0050771 0.0000000 0.0028260 0.0020250 0.0015440 0.0176506 0.0061960 0.0019781 0.0058496 0.0511593 0.2650901
221 L 221 0.0018412 0.0197054 0.0050012 0.0056013 0.0000000 0.0944531 0.0015660 0.0097368 0.0456566 0.0015333 0.2541295 0.0073697 0.0046548 0.0155913 0.0000000 0.0100502 0.1750882 0.0061784 0.0818261 0.0000000 0.2600168
222 G 222 0.0111149 0.0015780 0.0235126 0.0845913 0.0000000 0.0021509 0.0083429 0.5320426 0.0118717 0.0000000 0.0023354 0.0020733 0.0000000 0.0121426 0.0000000 0.0222094 0.0000000 0.0000000 0.0258920 0.0010213 0.2591211
223 F 223 0.0722866 0.0000000 0.0000000 0.0000000 0.0000000 0.0023743 0.0000000 0.0122852 0.0000000 0.0039522 0.0012746 0.0000000 0.0000000 0.6047731 0.0000000 0.0037656 0.0026919 0.0000000 0.0269693 0.0000000 0.2696271
224 Y 224 0.0000000 0.0000000 0.0012088 0.0052053 0.0000000 0.0000000 0.0000000 0.0000000 0.0083776 0.0000000 0.0021933 0.0000000 0.0000000 0.0236517 0.0000000 0.0052034 0.0007438 0.0000000 0.6463766 0.0000000 0.3070395
225 P 225 0.0029280 0.0034744 0.0035383 0.0457781 0.0000000 0.0088315 0.0021560 0.0027443 0.0052823 0.0000000 0.0031174 0.0000000 0.0000000 0.0000000 0.5699326 0.0054723 0.0000000 0.0000000 0.0000000 0.0000000 0.3467447
226 A 226 0.2063163 0.0970255 0.0307359 0.0432295 0.0000000 0.0298828 0.0149642 0.0487375 0.0064319 0.0017085 0.0000000 0.0695390 0.0000000 0.0000000 0.0233822 0.0698370 0.0031529 0.0043984 0.0023743 0.0036788 0.3446053
227 E 227 0.0300258 0.0717825 0.0231433 0.1651353 0.0000000 0.0037981 0.2060310 0.0500601 0.0074818 0.0012426 0.0000000 0.0237735 0.0008318 0.0027443 0.0325812 0.0189089 0.0116306 0.0000000 0.0017857 0.0018015 0.3472420
228 I 228 0.0598446 0.0000000 0.0000000 0.0425953 0.0000000 0.0000000 0.0000000 0.0026775 0.0000000 0.4327086 0.0071966 0.0000000 0.0016618 0.0000000 0.0000000 0.0000000 0.0040053 0.0000000 0.0095429 0.1017104 0.3380570
229 T 229 0.0323780 0.0043046 0.0000000 0.0418837 0.0000000 0.0018412 0.0582976 0.0081275 0.0010487 0.0262575 0.0023142 0.0185566 0.0567933 0.0022392 0.0054001 0.0919955 0.2336811 0.0000000 0.0508521 0.0207164 0.3433127
230 L 230 0.0018290 0.0000000 0.0000000 0.0000000 0.0000000 0.0000000 0.0000000 0.0027443 0.0000000 0.1298698 0.3279924 0.0000000 0.0794963 0.0055543 0.0010487 0.0000000 0.0009460 0.0014390 0.0000000 0.1157684 0.3333118
231 T 231 0.0464832 0.0142050 0.0155006 0.0017195 0.0000000 0.0069430 0.0061579 0.0010159 0.0142742 0.0253036 0.0145351 0.0532614 0.0101081 0.0530291 0.0000000 0.1031465 0.2825086 0.0000000 0.0038322 0.0144205 0.3335556
232 W 232 0.0000000 0.0000000 0.0000000 0.0000000 0.0020610 0.0000000 0.0000000 0.0000000 0.0000000 0.0253996 0.0571127 0.0000000 0.0021509 0.0165236 0.0000000 0.0000000 0.0000000 0.5586242 0.0000000 0.0000000 0.3381279
233 Q 233 0.0007974 0.0883564 0.0445660 0.0161106 0.0000000 0.2630088 0.0062536 0.0056743 0.0105360 0.0246119 0.0650246 0.0383523 0.0397536 0.0026672 0.0000000 0.0000000 0.0201558 0.0103702 0.0018916 0.0241454 0.3377243
234 R 234 0.0000000 0.2512915 0.0029938 0.0000000 0.0018709 0.0161238 0.0377931 0.0011124 0.0066014 0.0000000 0.0569743 0.2753634 0.0012398 0.0000000 0.0013544 0.0000000 0.0031963 0.0027546 0.0049335 0.0000000 0.3363967
235 D 235 0.0139124 0.0020869 0.1495775 0.5058889 0.0000000 0.0000000 0.0259238 0.0147005 0.0000000 0.0006616 0.0000000 0.0029498 0.0000000 0.0000000 0.0000000 0.0064006 0.0000000 0.0000000 0.0112194 0.0000000 0.2666786
236 G 236 0.0005279 0.0191825 0.0071792 0.0051915 0.0028512 0.0000000 0.0354322 0.5660224 0.0009078 0.0000000 0.0423503 0.0159043 0.0025316 0.0000000 0.0024572 0.0057526 0.0065769 0.0018412 0.0062231 0.0012312 0.2778370
237 E 237 0.0262177 0.0929683 0.0154897 0.0121247 0.0059966 0.0926300 0.3275275 0.0023523 0.0009175 0.0122051 0.0077900 0.0543735 0.0170744 0.0000000 0.0000000 0.0248898 0.0067922 0.0000000 0.0020250 0.0297684 0.2688574
238 D 238 0.0189561 0.0000000 0.0417516 0.3040412 0.0008694 0.0027841 0.1813787 0.0035699 0.0000000 0.0060961 0.0043084 0.0118600 0.0023334 0.0021508 0.0224803 0.0418794 0.0259220 0.0000000 0.0012867 0.0573987 0.2709333
239 Q 239 0.0031870 0.0215604 0.0000000 0.0141169 0.0000000 0.1844733 0.0234880 0.0038495 0.0663202 0.0446972 0.1918876 0.0054921 0.0158894 0.0238906 0.0000000 0.0000000 0.0029418 0.0577656 0.0616131 0.0145460 0.2642814
240 T 240 0.0158778 0.0016506 0.0178040 0.0566641 0.0000000 0.0010813 0.0272187 0.0131155 0.1048435 0.0709461 0.0190378 0.0023416 0.0121653 0.0035143 0.0174990 0.0235207 0.2983191 0.0000000 0.0029127 0.0338635 0.2776244
241 Q 241 0.1015936 0.0034184 0.0013091 0.0278203 0.0000000 0.3311262 0.1471090 0.0072404 0.0294000 0.0000000 0.0172715 0.0190780 0.0000000 0.0038025 0.0028257 0.0084037 0.0067992 0.0017857 0.0021903 0.0000000 0.2888262
242 D 242 0.0324894 0.0042763 0.0122485 0.3905020 0.0000000 0.0053408 0.0992381 0.0571341 0.0010807 0.0015838 0.0443400 0.0048364 0.0000000 0.0011779 0.0023157 0.0327179 0.0078194 0.0027021 0.0027303 0.0031870 0.2942795
243 T 243 0.0250195 0.0006443 0.0375978 0.0366784 0.0000000 0.0000000 0.0297159 0.0066503 0.0000000 0.0211057 0.0173623 0.0003719 0.1623568 0.0035784 0.0125955 0.0119429 0.1698069 0.0035778 0.0000000 0.1758970 0.2850985
244 E 244 0.0244247 0.0082552 0.0068154 0.0747932 0.0000000 0.0350388 0.4356879 0.0101707 0.0180350 0.0023778 0.0103200 0.0101118 0.0066355 0.0175366 0.0000000 0.0025512 0.0162462 0.0000000 0.0046506 0.0175957 0.2987537
245 L 245 0.0667090 0.0246839 0.0081866 0.0420629 0.0013620 0.0111955 0.0000000 0.0039590 0.0553235 0.0059034 0.2194923 0.0240674 0.0060236 0.0407110 0.0233573 0.0683280 0.0035214 0.0208538 0.0399162 0.0370965 0.2972469
246 V 246 0.0427569 0.0065050 0.0033679 0.0000000 0.0000000 0.0015301 0.0103948 0.2136373 0.0000000 0.0464205 0.0453777 0.0216684 0.0021676 0.0006208 0.0203924 0.0281967 0.0404997 0.0068200 0.0014830 0.2232208 0.2849403
247 E 247 0.0067418 0.0177264 0.0045334 0.0629598 0.0000000 0.0619190 0.3828246 0.0871202 0.0025132 0.0000000 0.0196753 0.0221986 0.0000000 0.0000000 0.0092252 0.0214548 0.0095753 0.0006668 0.0000000 0.0003215 0.2905442
248 T 248 0.0136367 0.0021079 0.0000000 0.0020250 0.0000000 0.0000000 0.0000000 0.0021641 0.0000000 0.1898046 0.0412745 0.0018160 0.0055390 0.0007995 0.0071615 0.0224581 0.3512129 0.0000000 0.0025820 0.0825391 0.2748790
249 R 249 0.0235909 0.3003927 0.0000000 0.0000000 0.0000000 0.0015301 0.0020445 0.0000000 0.0000000 0.0045838 0.2202826 0.0080119 0.0059092 0.0119713 0.0000000 0.0211867 0.0053484 0.0427268 0.0013918 0.0533644 0.2976648
250 P 250 0.0022807 0.0146393 0.0000000 0.0000000 0.0000000 0.0139813 0.0036416 0.0000000 0.0041792 0.0023867 0.0237894 0.0046983 0.0000000 0.0058620 0.5671892 0.0040416 0.0515048 0.0021079 0.0000000 0.0037047 0.2959936
251 A 251 0.2306550 0.0000000 0.3124528 0.0065913 0.0004435 0.0074621 0.0115087 0.0291241 0.0035904 0.0000000 0.0029938 0.0000000 0.0011572 0.0000000 0.0000000 0.0947312 0.0082271 0.0000000 0.0015960 0.0006311 0.2888357
252 G 252 0.0940904 0.0047582 0.0477745 0.0268490 0.0000000 0.0101234 0.0335737 0.3396562 0.0491600 0.0000000 0.0015960 0.0049385 0.0000000 0.0000000 0.0375343 0.0499807 0.0023157 0.0000000 0.0000000 0.0038853 0.2937641
253 D 253 0.0000000 0.0000000 0.0277955 0.6483975 0.0000000 0.0084181 0.0015960 0.0000000 0.0000000 0.0000000 0.0060425 0.0039182 0.0000000 0.0000000 0.0000000 0.0010844 0.0006982 0.0000000 0.0000000 0.0080379 0.2940117
254 R 254 0.0140076 0.0199204 0.0143127 0.0072163 0.0000000 0.0048447 0.0159680 0.5429676 0.0000000 0.0014350 0.0264966 0.0018160 0.0133421 0.0083484 0.0051183 0.0012463 0.0279723 0.0028222 0.0000000 0.0026552 0.2895102
255 T 255 0.0571948 0.0021123 0.0250621 0.0000000 0.0000000 0.0000000 0.0057005 0.0020248 0.0000000 0.0008799 0.0000000 0.0056253 0.0000000 0.0000000 0.0007056 0.0461402 0.5846896 0.0000000 0.0000000 0.0020370 0.2678278
256 F 256 0.0575847 0.0109707 0.0000000 0.0000000 0.0015960 0.0128034 0.0081604 0.0011153 0.0057703 0.0000000 0.0045112 0.0262261 0.0000000 0.4081806 0.0000000 0.0067128 0.0050363 0.0026919 0.1742772 0.0021079 0.2722553
257 Q 257 0.0000000 0.0478733 0.0032208 0.0000000 0.0000000 0.5890202 0.0063271 0.0000000 0.0468619 0.0000000 0.0116242 0.0035383 0.0000000 0.0000000 0.0000000 0.0000000 0.0000000 0.0061143 0.0205027 0.0015960 0.2633212
258 K 258 0.0186444 0.0210187 0.0040587 0.0000000 0.0000000 0.0040885 0.0086207 0.0087533 0.0010844 0.0785684 0.0408117 0.3825918 0.0623224 0.0000000 0.0000000 0.0270074 0.0798757 0.0000000 0.0000000 0.0098029 0.2527509
259 W 259 0.0118534 0.0922343 0.0041214 0.0010807 0.0000000 0.0030584 0.0031870 0.0012426 0.0077162 0.0000000 0.0046254 0.0092673 0.0018076 0.0000000 0.0000000 0.1015594 0.0650115 0.4380131 0.0000000 0.0000000 0.2552215
260 A 260 0.2914859 0.0306728 0.0103460 0.0097589 0.0000000 0.0155138 0.0495159 0.0120133 0.0000000 0.0198237 0.0104613 0.0417923 0.0122040 0.0000000 0.0000000 0.0459047 0.0235109 0.0084486 0.0083602 0.1559465 0.2542413
261 A 261 0.2776972 0.0469995 0.0184434 0.0606355 0.0000000 0.0141407 0.0172529 0.0028647 0.0452662 0.0123491 0.0037383 0.0019572 0.0000000 0.0000000 0.0022389 0.1307069 0.0718465 0.0045472 0.0166731 0.0184015 0.2542413
262 V 262 0.0494895 0.0000000 0.0028221 0.0081643 0.0000000 0.0000000 0.0138569 0.0026637 0.0000000 0.0792725 0.1918369 0.0491982 0.0135887 0.0000000 0.0078419 0.0000000 0.0191617 0.0000000 0.0000000 0.2949560 0.2671477
263 V 263 0.0227240 0.0191458 0.0434259 0.0591833 0.0000000 0.0302180 0.1132727 0.0476758 0.0038360 0.0043953 0.0042526 0.0321870 0.0088381 0.0016318 0.0030437 0.0165722 0.0557694 0.0435122 0.0026192 0.2246728 0.2630244
264 V 264 0.0338409 0.0000000 0.0039490 0.0035000 0.0011565 0.0000000 0.0359829 0.0104665 0.0010807 0.0617790 0.0289804 0.0000000 0.0148565 0.0113986 0.0053723 0.0088454 0.0089675 0.0000000 0.0028816 0.4955017 0.2714403
265 P 265 0.0756922 0.0085554 0.0084455 0.0404889 0.0050276 0.0351714 0.0134573 0.0028610 0.0000000 0.0024609 0.0446147 0.0221589 0.0014843 0.0025041 0.2986213 0.0397045 0.1089804 0.0000000 0.0108178 0.0099002 0.2690537
266 S 266 0.0762327 0.0089306 0.0036542 0.0015648 0.0102892 0.0130401 0.0445773 0.0018527 0.0010992 0.0006548 0.0551407 0.0141663 0.0012877 0.0067885 0.2586956 0.2078376 0.0058385 0.0000000 0.0011371 0.0070790 0.2801334
267 G 267 0.0093592 0.0190175 0.0046237 0.0393949 0.0010213 0.0568978 0.1843258 0.3475441 0.0034018 0.0059212 0.0023006 0.0305602 0.0000000 0.0000000 0.0042763 0.0211626 0.0041711 0.0000000 0.0000000 0.0021163 0.2639054
268 E 268 0.0053956 0.0168947 0.0067535 0.1537815 0.0017901 0.0390815 0.3883902 0.0152502 0.0010259 0.0053862 0.0019539 0.0636101 0.0011675 0.0000000 0.0000000 0.0210158 0.0022896 0.0019507 0.0037978 0.0096989 0.2607664
269 E 269 0.0504665 0.0738356 0.0060085 0.0093807 0.0000000 0.0105177 0.2961824 0.0567853 0.0000000 0.0070912 0.0161546 0.0372697 0.0031860 0.0000000 0.0058895 0.0095528 0.0138224 0.1380589 0.0020445 0.0074236 0.2563298
270 Q 270 0.0649892 0.0425081 0.0467197 0.1069938 0.0000000 0.2552778 0.0801277 0.0170186 0.0216894 0.0032841 0.0198830 0.0402801 0.0000000 0.0000000 0.0008109 0.0223403 0.0145613 0.0049440 0.0000000 0.0000000 0.2585720
271 R 271 0.0133208 0.3135101 0.0644914 0.0040312 0.0007163 0.0089279 0.0284032 0.0052447 0.0079535 0.0083713 0.0087405 0.1492106 0.0022606 0.0000000 0.0131155 0.0382087 0.0383166 0.0017886 0.0085944 0.0053892 0.2794046
272 Y 272 0.0000000 0.0008613 0.0000000 0.0000000 0.0000000 0.0000000 0.0000000 0.0000000 0.0051372 0.0008591 0.0107741 0.0015333 0.0011251 0.0546614 0.0000000 0.0018127 0.0000000 0.0015588 0.6246646 0.0014791 0.2955333
273 T 273 0.0216531 0.0349279 0.0013708 0.0504958 0.0000000 0.0600064 0.0550549 0.0000000 0.0000000 0.0068015 0.0008703 0.0178063 0.0077212 0.0069176 0.0000000 0.0919109 0.3007533 0.0059909 0.0000000 0.0125131 0.3252060
274 C 274 0.0074102 0.0000000 0.0022317 0.0000000 0.6563599 0.0000000 0.0046426 0.0000000 0.0000000 0.0024971 0.0000000 0.0000000 0.0009920 0.0000000 0.0000000 0.0000000 0.0000000 0.0000000 0.0000000 0.0009289 0.3249377
275 H 275 0.0000000 0.1286572 0.0003965 0.0018916 0.0056403 0.0279794 0.0138904 0.0000000 0.2585395 0.0060695 0.0259547 0.0058579 0.0021406 0.0053563 0.0035383 0.0043388 0.0060169 0.0011371 0.0173000 0.1695271 0.3157679
276 V 276 0.0189403 0.0000000 0.0014850 0.0000000 0.0000000 0.0000000 0.0018127 0.0000000 0.0038107 0.0217638 0.0095797 0.0000000 0.0033090 0.0635352 0.0000000 0.0021747 0.0016149 0.0013350 0.0017985 0.5302743 0.3385664
277 Q 277 0.0029887 0.0088535 0.0233618 0.0435459 0.0000000 0.2588014 0.2025389 0.0010471 0.0362473 0.0052849 0.0027992 0.0188453 0.0000000 0.0032533 0.0000000 0.0088645 0.0048043 0.0022029 0.0505656 0.0006878 0.3253078
278 H 278 0.0010422 0.0000000 0.0000000 0.0000000 0.0000000 0.0046450 0.0013350 0.0000000 0.5145662 0.0006874 0.1108149 0.0000000 0.0000000 0.0083231 0.0000000 0.0000000 0.0000000 0.0009650 0.0022525 0.0253284 0.3300403
279 E 279 0.0510767 0.0268562 0.0024655 0.0254050 0.0129924 0.0307929 0.3056618 0.0086525 0.0029938 0.0045157 0.0086535 0.0350015 0.0008795 0.0022234 0.0204634 0.1103306 0.0175616 0.0000000 0.0056823 0.0151504 0.3126411
280 G 280 0.0206602 0.0055880 0.0090031 0.0060935 0.0017673 0.0008765 0.0055069 0.4798872 0.0000000 0.0000000 0.0000000 0.0000000 0.0015922 0.0000000 0.0000000 0.1311892 0.0234930 0.0060067 0.0000000 0.0000000 0.3083363
281 L 281 0.0161490 0.0099489 0.0042220 0.0034421 0.0016651 0.0065672 0.0188849 0.0089451 0.0000000 0.0252488 0.4473179 0.0226949 0.0086187 0.0088626 0.0045590 0.0030311 0.0218463 0.0103203 0.0238150 0.0573621 0.2964990
282 P 282 0.0377600 0.0332592 0.0304290 0.0168618 0.0441184 0.0361785 0.0560511 0.0169497 0.0120177 0.0000000 0.0433834 0.0791570 0.0020237 0.0000000 0.2219002 0.0284189 0.0374925 0.0000000 0.0039082 0.0083393 0.2917515
283 K 283 0.0033401 0.0398585 0.0193171 0.0239934 0.0000000 0.0930308 0.3255484 0.0082409 0.0086565 0.0072156 0.0186580 0.0816111 0.0113778 0.0056831 0.0014814 0.0048070 0.0124746 0.0017673 0.0000000 0.0477952 0.2851433
284 P 284 0.0018235 0.0196615 0.0166639 0.0806999 0.0000000 0.0078254 0.0483439 0.0082217 0.0113445 0.0149700 0.0154551 0.0226765 0.0049632 0.0000000 0.3574258 0.0189967 0.0178242 0.0100219 0.0344149 0.0227657 0.2859018
285 L 285 0.0014397 0.0169379 0.0011188 0.0004880 0.0004085 0.0078923 0.0114807 0.0396389 0.0076875 0.0981182 0.3575700 0.0095184 0.0038426 0.0304805 0.0012746 0.0067819 0.0123557 0.0469475 0.0097685 0.0592873 0.2769625
286 T 286 0.0108981 0.0201362 0.0047368 0.0177593 0.0270800 0.0146561 0.0259168 0.0000000 0.0039213 0.1104997 0.1005232 0.0086082 0.0031559 0.0041689 0.0022362 0.0252454 0.2621461 0.0000000 0.0050643 0.0740943 0.2791530
287 L 287 0.0220867 0.0566558 0.0141777 0.0000000 0.0000000 0.0173187 0.0187173 0.0061193 0.0081321 0.0160517 0.2657616 0.0458051 0.0125584 0.0261962 0.0077121 0.0052795 0.0596930 0.0006274 0.0251737 0.1027545 0.2891792
288 R 288 0.0315882 0.2656587 0.0030220 0.0092974 0.0000000 0.0077884 0.0266683 0.0322479 0.0090649 0.0119089 0.0123137 0.1085425 0.0000000 0.0085399 0.0331341 0.0357612 0.0297473 0.0007941 0.0318727 0.0480818 0.2939678
289 W 289 0.0015301 0.0083420 0.0000000 0.0040925 0.0000000 0.0191151 0.0052687 0.0104517 0.0007391 0.0000000 0.1192385 0.0303315 0.0000000 0.0206855 0.0000000 0.0000000 0.0000000 0.4134799 0.0607897 0.0044973 0.3014384
290 E 290 0.0051570 0.0077466 0.0060418 0.0867092 0.0000000 0.0040210 0.3934745 0.0550484 0.0000000 0.0000000 0.0343816 0.0237083 0.0028108 0.0000000 0.0098839 0.0067576 0.0194558 0.0000000 0.0017673 0.0096594 0.3333767
291 P 291 0.0191369 0.0269697 0.0199507 0.0114508 0.0000000 0.0106666 0.0710567 0.0312706 0.0038250 0.0015383 0.0207794 0.0962064 0.0060847 0.0087032 0.2382066 0.0376116 0.0318946 0.0000000 0.0054090 0.0073107 0.3519286
292 S 292 0.0194267 0.0213245 0.0151008 0.0131864 0.0000000 0.0316108 0.0771199 0.0208600 0.0154394 0.0060433 0.0428106 0.0363326 0.0027238 0.0034368 0.1535527 0.0600142 0.0183603 0.0030885 0.0088943 0.0079881 0.4426861
293 M 293 0.0141183 0.0210406 0.0196319 0.0050128 0.0194859 0.0818112 0.0308935 0.0315153 0.0149982 0.0184016 0.0269483 0.0307523 0.0285955 0.0040798 0.0675738 0.0363576 0.0570941 0.0058836 0.0189336 0.0032794 0.4635929
294 I 294 0.0051651 0.0491489 0.0175874 0.0090403 0.0021668 0.0457149 0.0164531 0.0123273 0.0124846 0.0577421 0.0886820 0.0387716 0.0029969 0.0034079 0.0487821 0.0582568 0.0231263 0.0000000 0.0029838 0.0190609 0.4861010
295 Q 295 0.0243757 0.0338173 0.0244571 0.0283587 0.0022790 0.0671740 0.0168599 0.0102038 0.0082702 0.0201239 0.0428439 0.0191023 0.0045592 0.0042112 0.0478113 0.0766917 0.0428158 0.0049880 0.0014752 0.0052440 0.5143376
296 R 296 0.0094536 0.0941359 0.0225193 0.0181240 0.0155144 0.0044465 0.0128669 0.0140520 0.0097658 0.0256905 0.0133911 0.0062391 0.0084877 0.0073206 0.0149389 0.0273970 0.0903155 0.0142640 0.0173760 0.0268749 0.5468264
297 T 297 0.0421499 0.0069204 0.0503131 0.0023753 0.0012746 0.0099934 0.0114901 0.0166445 0.0076914 0.0457932 0.0371289 0.0107292 0.0047653 0.0055844 0.0541778 0.0578659 0.0473932 0.0129535 0.0072665 0.0125174 0.5549721
298 P 298 0.0044576 0.0159798 0.0171611 0.1057074 0.0000000 0.0132092 0.0305115 0.0177466 0.0030705 0.0416695 0.0236076 0.0091563 0.0107247 0.0066910 0.0641261 0.0118062 0.0263209 0.0304459 0.0083015 0.0185880 0.5407185
299 K 299 0.0289785 0.0290731 0.0130175 0.0119660 0.0020787 0.0027409 0.0209945 0.0221650 0.0043461 0.0433532 0.0021811 0.0293805 0.0462248 0.0048742 0.1663424 0.0205841 0.0204580 0.0011385 0.0000000 0.0230557 0.5070474
300 I 300 0.0376138 0.0124686 0.0080994 0.0059212 0.0007391 0.0000000 0.0234827 0.0286295 0.0077577 0.0324729 0.0174001 0.0097316 0.0068895 0.0047215 0.1991542 0.0310911 0.0248696 0.0012746 0.0049376 0.0410888 0.5016566
301 Q 301 0.0071522 0.0224144 0.0127449 0.0121688 0.0014297 0.0140517 0.0114838 0.0408674 0.0139952 0.0567124 0.0252364 0.1332876 0.0044668 0.0053509 0.0330335 0.0304692 0.0191709 0.0010643 0.0066007 0.0428161 0.5054831
302 V 302 0.0704165 0.0110114 0.0084650 0.0045321 0.0055281 0.0047661 0.0151580 0.0187767 0.0058195 0.0668535 0.0100650 0.0039874 0.0151072 0.0047549 0.0287699 0.0209427 0.1097158 0.0023931 0.0049674 0.0771624 0.5108073
303 Y 303 0.0142583 0.0285084 0.0027312 0.0017772 0.0026918 0.0129123 0.0033464 0.0214142 0.1358305 0.0500354 0.0152453 0.0054329 0.0038014 0.0098271 0.0383261 0.0152999 0.0265899 0.0040532 0.0214256 0.0826431 0.5038498
304 S 304 0.0578097 0.0255665 0.0038773 0.0039221 0.0073965 0.0140122 0.0074746 0.0312172 0.0051800 0.0360096 0.0172745 0.0107202 0.0199602 0.0083499 0.0049490 0.0220876 0.0180885 0.0082425 0.0000000 0.1880101 0.5098517
305 R 305 0.0297934 0.0112972 0.0017456 0.0006611 0.0024104 0.0023097 0.0095312 0.0369035 0.0092070 0.0449313 0.0434553 0.0076295 0.0057591 0.0057274 0.0050432 0.0125119 0.1764060 0.0019392 0.0043625 0.0711763 0.5171992
306 H 306 0.0169666 0.0529297 0.0018335 0.0016254 0.0036010 0.0003594 0.0000000 0.0092519 0.1728625 0.0307556 0.0556143 0.0181730 0.0000000 0.0054947 0.0000000 0.0686988 0.0012534 0.0009343 0.0014277 0.0685641 0.4896540
307 P 307 0.0167926 0.0058420 0.0000000 0.0043964 0.0007106 0.0038155 0.0023187 0.0264812 0.2071871 0.0188379 0.0850985 0.0247751 0.0018916 0.0000000 0.0322732 0.0120446 0.0128055 0.0012619 0.0011771 0.0630296 0.4792610
308 A 308 0.0470829 0.0049170 0.0000000 0.0006308 0.0008671 0.0038620 0.0073479 0.0459769 0.0129173 0.0228790 0.0895588 0.0055584 0.0081097 0.0053154 0.1660986 0.0262221 0.0239166 0.0037424 0.0000000 0.0507286 0.4742686
309 E 309 0.0591441 0.0592726 0.0063013 0.0102800 0.0000000 0.0382444 0.0429848 0.0270167 0.0000000 0.0870040 0.0480504 0.0086203 0.0025423 0.0037953 0.0051820 0.0243718 0.0208129 0.0000000 0.0012489 0.1007683 0.4543600
310 N 310 0.0459605 0.0014073 0.0089934 0.0115247 0.0021518 0.0051725 0.0040083 0.0403621 0.0048625 0.0236518 0.0405860 0.0290740 0.0004067 0.0026450 0.0797402 0.1530090 0.0078295 0.0000000 0.0057732 0.0772136 0.4556278
311 G 311 0.0624464 0.0013292 0.0186635 0.1684105 0.0000000 0.0017795 0.0653799 0.0454548 0.0099397 0.0210738 0.0539719 0.0256475 0.0000000 0.0006748 0.0095372 0.0252976 0.0121099 0.0000000 0.0014424 0.0276185 0.4492230
312 K 312 0.0381293 0.0368083 0.0080583 0.0218922 0.0002393 0.0065736 0.0097606 0.1911888 0.0652711 0.0026238 0.0092808 0.0208346 0.0192266 0.0000000 0.0144221 0.0332233 0.0141648 0.0003547 0.0010258 0.0566512 0.4502707
313 S 313 0.0559856 0.0017102 0.0292803 0.0540687 0.0000000 0.0083145 0.1084645 0.0446952 0.0017869 0.0637117 0.0212955 0.0223279 0.0094550 0.0012702 0.0059003 0.0635923 0.0198056 0.0014881 0.0025615 0.0581580 0.4261280
314 N 314 0.1037845 0.0057588 0.0103148 0.0009343 0.0000000 0.0045124 0.0097561 0.0160385 0.0000000 0.0243730 0.0627409 0.0021831 0.0073059 0.0025354 0.0005823 0.0599743 0.0587467 0.0000000 0.0000000 0.2092577 0.4212013
315 F 315 0.0255154 0.0033721 0.0030172 0.0000000 0.0014881 0.0006321 0.0156870 0.0371997 0.0019597 0.0495586 0.0273153 0.0137686 0.0038669 0.0073764 0.0519373 0.0069307 0.2651490 0.0000000 0.0000000 0.0600836 0.4251422
316 L 316 0.0202709 0.0005487 0.0000000 0.0000000 0.0000000 0.0014295 0.0000000 0.0030997 0.0000000 0.0436785 0.3784348 0.0000000 0.0063669 0.0103589 0.0000000 0.0061267 0.0000000 0.0052535 0.0000000 0.0954118 0.4290201
317 N 317 0.0078765 0.2289445 0.0086452 0.0000000 0.0000000 0.0043982 0.0024818 0.0056989 0.0079843 0.0342690 0.0234567 0.0209619 0.0051375 0.0057195 0.0000000 0.0668022 0.0616551 0.0000000 0.0020416 0.0739371 0.4399901
318 C 318 0.0158193 0.0083361 0.0000000 0.0000000 0.3996291 0.0011265 0.0000000 0.0211379 0.0000000 0.0262850 0.0097552 0.0043331 0.0032816 0.0256409 0.0000000 0.0047363 0.0012871 0.0075040 0.0000000 0.0225681 0.4485598
319 Y 319 0.0372723 0.0836627 0.0000000 0.0011347 0.0008487 0.0183744 0.0000000 0.0025703 0.0684009 0.0099070 0.0397647 0.0067677 0.0087153 0.0145626 0.0000000 0.0018978 0.0005127 0.2360090 0.0098278 0.0097037 0.4500676
320 V 320 0.3719823 0.0279525 0.0028164 0.0014881 0.0009313 0.0000000 0.0000000 0.0039721 0.0000000 0.0319688 0.0029672 0.0017776 0.0029805 0.0000000 0.0000000 0.0017377 0.0041067 0.0062158 0.0000000 0.0742868 0.4648162
321 S 321 0.0051149 0.0084249 0.0000000 0.0027699 0.0000000 0.0142703 0.0008603 0.0140501 0.0372376 0.0059928 0.1930293 0.0307626 0.0122727 0.0037816 0.0022338 0.0178266 0.0893846 0.0210445 0.0366577 0.0177645 0.4865212
322 G 322 0.0116428 0.0008443 0.0066441 0.0208814 0.0016002 0.0027409 0.0005997 0.3976840 0.0008246 0.0008626 0.0000000 0.0483338 0.0000000 0.0017837 0.0008181 0.0094370 0.0017438 0.0000000 0.0000000 0.0000000 0.4935590
323 F 323 0.0040156 0.0013451 0.0000000 0.0000000 0.0000000 0.0000000 0.0000000 0.0046115 0.0000000 0.0042285 0.0018690 0.0049519 0.0000000 0.4246785 0.0000000 0.0000000 0.0000000 0.0000000 0.0041973 0.0024997 0.5476030
324 H 324 0.0000000 0.0000000 0.0009917 0.0000000 0.0000000 0.0000000 0.0013451 0.0000000 0.0137446 0.0016467 0.0045677 0.0011265 0.0019224 0.0131144 0.0000000 0.0021392 0.0051533 0.0000000 0.3807115 0.0083684 0.5651685
325 P 325 0.0009143 0.0003806 0.0000000 0.0015034 0.0000000 0.0000000 0.0000000 0.0045117 0.0019382 0.0000000 0.0036140 0.0034999 0.0099336 0.0000000 0.3916742 0.0020086 0.0000000 0.0000000 0.0000000 0.0048795 0.5751421
326 S 326 0.1694350 0.0631284 0.0140536 0.0156198 0.0000000 0.0185622 0.0153765 0.0016908 0.0042822 0.0012083 0.0000000 0.0574482 0.0000000 0.0000000 0.0147245 0.0440866 0.0010606 0.0043609 0.0000000 0.0009772 0.5739851
327 D 327 0.0073900 0.0327469 0.0127012 0.1085891 0.0000000 0.0000000 0.1612372 0.0245164 0.0037160 0.0015440 0.0000000 0.0115135 0.0003720 0.0000000 0.0351966 0.0108589 0.0057718 0.0000000 0.0000000 0.0046524 0.5791941
328 I 328 0.0252932 0.0040757 0.0000000 0.0000000 0.0000000 0.0000000 0.0014881 0.0009668 0.0000000 0.3243289 0.0023305 0.0009001 0.0011050 0.0029938 0.0000000 0.0000000 0.0024696 0.0000000 0.0000000 0.0519926 0.5820558
329 E 329 0.0245864 0.0061491 0.0000000 0.0297551 0.0000000 0.0000000 0.0357712 0.0052154 0.0013160 0.0142944 0.0009582 0.0137255 0.0252731 0.0007685 0.0013857 0.0704368 0.1767777 0.0000000 0.0039431 0.0172168 0.5724269
330 V 330 0.0009108 0.0000000 0.0053510 0.0000000 0.0000000 0.0000000 0.0000000 0.0000000 0.0000000 0.0561856 0.2408759 0.0023944 0.0424273 0.0014345 0.0013160 0.0000000 0.0005286 0.0011347 0.0000000 0.0890750 0.5583662
331 D 331 0.0043376 0.0133571 0.0064438 0.0065388 0.0000000 0.0052662 0.0028024 0.0007519 0.0119144 0.0158440 0.0063229 0.0300125 0.0205934 0.0196915 0.0000000 0.0734198 0.2080007 0.0009001 0.0077499 0.0099039 0.5561489
332 L 332 0.0000000 0.0091606 0.0000000 0.0000000 0.0007688 0.0000000 0.0000000 0.0023572 0.0000000 0.0157744 0.0110304 0.0028336 0.0027409 0.0019597 0.0000000 0.0000000 0.0000000 0.3976487 0.0000000 0.0000000 0.5557258
333 L 333 0.0000000 0.0639947 0.0052418 0.0003412 0.0000000 0.1889724 0.0023963 0.0032527 0.0065660 0.0135883 0.0583784 0.0343723 0.0252699 0.0030846 0.0000000 0.0000000 0.0099588 0.0049990 0.0006076 0.0231684 0.5558077
334 K 334 0.0000000 0.2016638 0.0040304 0.0000000 0.0008847 0.0188412 0.0004788 0.0008532 0.0038127 0.0000000 0.0453348 0.1659242 0.0004833 0.0000000 0.0008226 0.0016269 0.0003334 0.0011032 0.0000000 0.0000000 0.5538069
335 N 335 0.0118020 0.0022810 0.1151388 0.2457225 0.0000000 0.0000000 0.0186320 0.0059487 0.0000000 0.0003785 0.0000000 0.0067703 0.0000000 0.0000000 0.0000000 0.0038732 0.0058755 0.0000000 0.0051841 0.0028650 0.5755285
336 G 336 0.0024803 0.0108594 0.0062080 0.0034663 0.0021476 0.0018789 0.0235505 0.3559081 0.0007200 0.0000000 0.0000000 0.0069621 0.0000000 0.0000000 0.0000000 0.0054380 0.0003893 0.0000000 0.0000000 0.0000000 0.5799915
337 E 337 0.0103072 0.0252193 0.0078527 0.0112290 0.0000000 0.0492557 0.2276713 0.0023412 0.0011440 0.0013942 0.0043689 0.0230764 0.0062778 0.0016467 0.0000000 0.0072427 0.0058823 0.0000000 0.0000000 0.0339035 0.5811869
338 R 338 0.0146689 0.0237389 0.0087440 0.1427843 0.0004492 0.0297879 0.1179071 0.0004567 0.0104642 0.0007510 0.0049781 0.0132150 0.0025599 0.0013548 0.0103250 0.0029186 0.0013402 0.0000000 0.0007835 0.0309140 0.5818585
339 I 339 0.0021987 0.0038870 0.0000000 0.0072815 0.0000000 0.0436503 0.0038587 0.0056855 0.0244185 0.0338651 0.1386592 0.0007584 0.0108712 0.0019006 0.0000000 0.0007510 0.1068642 0.0013160 0.0101288 0.0190284 0.5848769
340 E 340 0.0027282 0.0000000 0.0047381 0.0193327 0.0000000 0.2558796 0.0565454 0.0005046 0.0380206 0.0000000 0.0009784 0.0034553 0.0030080 0.0000000 0.0104616 0.0050447 0.0118015 0.0000000 0.0005314 0.0014417 0.5855281
341 K 341 0.0029268 0.0020857 0.0013698 0.2634452 0.0000000 0.0047417 0.0593338 0.0276381 0.0007621 0.0000000 0.0023901 0.0157973 0.0000000 0.0009723 0.0018406 0.0282398 0.0005669 0.0000000 0.0002557 0.0018789 0.5857553
342 V 342 0.0143593 0.0010583 0.0000000 0.0042094 0.0000000 0.0007835 0.0269739 0.0024051 0.0000000 0.0084470 0.0089548 0.0024324 0.1086036 0.0016715 0.0038015 0.0016269 0.1366234 0.0000000 0.0000000 0.0923887 0.5856607
343 E 343 0.0188468 0.0025309 0.0031629 0.0351827 0.0000000 0.0244565 0.2728390 0.0014622 0.0130082 0.0000000 0.0057870 0.0073292 0.0015519 0.0109275 0.0022457 0.0075927 0.0035726 0.0000000 0.0030793 0.0014455 0.5849794
344 H 344 0.0165313 0.0170332 0.0024921 0.0000000 0.0005496 0.0028022 0.0059075 0.0061055 0.0287814 0.0027336 0.1782443 0.0111866 0.0062396 0.0309545 0.0082121 0.0538354 0.0007499 0.0088468 0.0134174 0.0184693 0.5869076
345 S 345 0.0037292 0.0074852 0.0010149 0.0000000 0.0000000 0.0000000 0.0060988 0.1211183 0.0000000 0.0230052 0.0016996 0.0147982 0.0014457 0.0005057 0.0111530 0.0270028 0.0180303 0.0000000 0.0006437 0.1747813 0.5874882
346 D 346 0.0022632 0.0000000 0.0014013 0.0473817 0.0000000 0.0121268 0.2611959 0.0581713 0.0012460 0.0000000 0.0070165 0.0012276 0.0000000 0.0000000 0.0009086 0.0132192 0.0012831 0.0003714 0.0000000 0.0003033 0.5918841
347 L 347 0.0025621 0.0000000 0.0000000 0.0000000 0.0000000 0.0000000 0.0000000 0.0000000 0.0000000 0.0763723 0.0301299 0.0000000 0.0041115 0.0004032 0.0018718 0.0027009 0.2421939 0.0000000 0.0016467 0.0429936 0.5950140
348 S 348 0.0091621 0.2271469 0.0000000 0.0000000 0.0000000 0.0000000 0.0000000 0.0000000 0.0000000 0.0022096 0.1044015 0.0000000 0.0033263 0.0024778 0.0000000 0.0156617 0.0042921 0.0000000 0.0000000 0.0346747 0.5966474
349 F 349 0.0000000 0.0004517 0.0000000 0.0000000 0.0000000 0.0059297 0.0000000 0.0000000 0.0030193 0.0010836 0.0035682 0.0000000 0.0000000 0.0086452 0.3692716 0.0056119 0.0050130 0.0000000 0.0000000 0.0000000 0.5974058
350 S 350 0.1294982 0.0000000 0.1636816 0.0083474 0.0005537 0.0000000 0.0000000 0.0245261 0.0009086 0.0000000 0.0011654 0.0000000 0.0007435 0.0000000 0.0000000 0.0692634 0.0036735 0.0000000 0.0000000 0.0005046 0.5971341
351 K 351 0.0041709 0.0028434 0.0215711 0.0101005 0.0000000 0.0050554 0.0177078 0.2425431 0.0262947 0.0000000 0.0000000 0.0086452 0.0000000 0.0000000 0.0208595 0.0393184 0.0012702 0.0000000 0.0000000 0.0017745 0.5978453
352 D 352 0.0000000 0.0000000 0.0211318 0.3689775 0.0000000 0.0000000 0.0026171 0.0000000 0.0000000 0.0000000 0.0000000 0.0012460 0.0000000 0.0000000 0.0000000 0.0000000 0.0017138 0.0000000 0.0000000 0.0000000 0.6043139
353 W 353 0.0000000 0.0105995 0.0035383 0.0040846 0.0000000 0.0037314 0.0072803 0.3536489 0.0000000 0.0000000 0.0000000 0.0000000 0.0000000 0.0012702 0.0000000 0.0006414 0.0000000 0.0086452 0.0000000 0.0000000 0.6065603
354 S 354 0.0004813 0.0000000 0.0147820 0.0000000 0.0000000 0.0000000 0.0000000 0.0000000 0.0000000 0.0012877 0.0000000 0.0000000 0.0000000 0.0000000 0.0008506 0.0355538 0.3393951 0.0000000 0.0000000 0.0000000 0.6076494
355 F 355 0.0000000 0.0000000 0.0000000 0.0000000 0.0000000 0.0000000 0.0000000 0.0000000 0.0000000 0.0026171 0.0011529 0.0000000 0.0000000 0.2840728 0.0000000 0.0015607 0.0000000 0.0000000 0.1034830 0.0000000 0.6071136
356 Y 356 0.0000000 0.0004824 0.0009108 0.0000000 0.0000000 0.3315553 0.0011654 0.0000000 0.0370271 0.0000000 0.0042907 0.0000000 0.0000000 0.0000000 0.0000000 0.0000000 0.0000000 0.0000000 0.0175049 0.0000000 0.6070633
357 L 357 0.0175743 0.0134463 0.0000000 0.0000000 0.0000000 0.0000000 0.0000000 0.0027952 0.0000000 0.0185847 0.0332112 0.2262922 0.0256959 0.0000000 0.0000000 0.0103232 0.0416832 0.0000000 0.0000000 0.0033307 0.6070633
358 L 358 0.0017132 0.0438555 0.0014258 0.0000000 0.0000000 0.0006622 0.0018789 0.0015440 0.0018379 0.0000000 0.0116055 0.0043346 0.0009028 0.0000000 0.0000000 0.0417780 0.0100400 0.2703278 0.0000000 0.0000000 0.6080939
359 Y 359 0.2133972 0.0054497 0.0000000 0.0035379 0.0000000 0.0000000 0.0008749 0.0120340 0.0000000 0.0101007 0.0032967 0.0153200 0.0054903 0.0000000 0.0000000 0.0216604 0.0054847 0.0038299 0.0059043 0.0855257 0.6080939
360 Y 360 0.1800481 0.0051512 0.0038508 0.0232895 0.0000000 0.0034236 0.0036233 0.0013160 0.0164673 0.0045219 0.0000000 0.0000000 0.0000000 0.0000000 0.0008506 0.0679654 0.0585585 0.0017088 0.0074322 0.0136989 0.6080939
361 T 361 0.0127858 0.0000000 0.0000000 0.0000000 0.0000000 0.0000000 0.0000000 0.0000000 0.0000000 0.0546569 0.0869862 0.0000000 0.0084819 0.0000000 0.0006035 0.0000000 0.0154511 0.0000000 0.0000000 0.2129407 0.6080939
362 E 362 0.0089175 0.0046425 0.0140196 0.0377847 0.0000000 0.0146782 0.0616233 0.0098695 0.0002997 0.0033943 0.0022810 0.0139194 0.0087387 0.0000000 0.0007339 0.0115333 0.0245257 0.0006024 0.0017281 0.1726141 0.6080939
363 F 363 0.0228165 0.0000000 0.0000000 0.0000000 0.0000000 0.0000000 0.0000000 0.0003659 0.0000000 0.0356609 0.0118133 0.0000000 0.0102375 0.0125229 0.0021178 0.0000000 0.0007519 0.0000000 0.0000000 0.2956195 0.6080939
364 T 364 0.0097318 0.0042014 0.0007869 0.0186089 0.0000000 0.0114856 0.0036715 0.0020004 0.0000000 0.0000000 0.0334506 0.0087692 0.0019327 0.0000000 0.2146981 0.0188940 0.0609323 0.0000000 0.0020839 0.0005542 0.6081984
365 P 365 0.0105838 0.0035204 0.0003301 0.0000000 0.0000000 0.0036599 0.0131642 0.0000000 0.0004671 0.0019145 0.0400515 0.0044127 0.0000000 0.0038531 0.1587873 0.1466172 0.0016530 0.0000000 0.0008246 0.0016158 0.6085449
366 T 366 0.0031115 0.0026715 0.0025958 0.0167147 0.0000000 0.0175558 0.0671304 0.2415697 0.0007902 0.0000000 0.0000000 0.0144876 0.0000000 0.0000000 0.0000000 0.0166144 0.0086452 0.0000000 0.0000000 0.0000000 0.6081132
367 E 367 0.0000000 0.0000000 0.0021740 0.0905264 0.0000000 0.0208266 0.2160470 0.0026218 0.0000000 0.0000000 0.0000000 0.0509595 0.0008531 0.0000000 0.0000000 0.0064457 0.0004902 0.0000000 0.0000000 0.0000000 0.6090557
368 K 368 0.0035994 0.0329957 0.0013654 0.0033459 0.0000000 0.0050488 0.2138619 0.0319165 0.0000000 0.0039034 0.0041735 0.0289535 0.0012702 0.0000000 0.0035523 0.0041939 0.0052665 0.0461800 0.0000000 0.0025431 0.6078301
369 D 369 0.0227886 0.0116551 0.0195979 0.0764920 0.0000000 0.1849095 0.0196835 0.0114074 0.0114093 0.0008248 0.0094447 0.0068889 0.0000000 0.0000000 0.0004160 0.0098353 0.0056516 0.0011654 0.0000000 0.0000000 0.6078301
370 E 370 0.0010526 0.1640883 0.0444366 0.0019612 0.0000000 0.0042844 0.0197700 0.0008877 0.0004887 0.0020455 0.0046054 0.0866106 0.0016056 0.0000000 0.0086339 0.0303547 0.0139818 0.0010215 0.0030119 0.0019001 0.6092594
371 Y 371 0.0000000 0.0000000 0.0000000 0.0000000 0.0000000 0.0000000 0.0000000 0.0000000 0.0032664 0.0000000 0.0000000 0.0000000 0.0000000 0.0255321 0.0000000 0.0000000 0.0000000 0.0000000 0.3632581 0.0000000 0.6079434
372 A 372 0.0196451 0.0165940 0.0005773 0.0276380 0.0000000 0.0405865 0.0131789 0.0000000 0.0000000 0.0020863 0.0000000 0.0081046 0.0102486 0.0045365 0.0000000 0.0468084 0.1971371 0.0014547 0.0000000 0.0034607 0.6079434
373 C 373 0.0000000 0.0000000 0.0000000 0.0000000 0.3908527 0.0000000 0.0000000 0.0000000 0.0000000 0.0000000 0.0000000 0.0000000 0.0000000 0.0000000 0.0000000 0.0000000 0.0000000 0.0000000 0.0000000 0.0010989 0.6080484
374 R 374 0.0000000 0.0922004 0.0013350 0.0006076 0.0021633 0.0103133 0.0074017 0.0000000 0.1789654 0.0008935 0.0198183 0.0005256 0.0004246 0.0064960 0.0000000 0.0028927 0.0008134 0.0008246 0.0069196 0.0582777 0.6091272
375 V 375 0.0005095 0.0000000 0.0000000 0.0000000 0.0000000 0.0000000 0.0000000 0.0000000 0.0000000 0.0079605 0.0029112 0.0000000 0.0032279 0.0270050 0.0000000 0.0000000 0.0000000 0.0000000 0.0000000 0.3489105 0.6094755
376 N 376 0.0013730 0.0048661 0.0149302 0.0188956 0.0000000 0.1633330 0.1212489 0.0003983 0.0253451 0.0028268 0.0010257 0.0095423 0.0000000 0.0020162 0.0000000 0.0060424 0.0035893 0.0000000 0.0148238 0.0002679 0.6094755
377 H 377 0.0000000 0.0000000 0.0000000 0.0000000 0.0000000 0.0004317 0.0000000 0.0000000 0.3489444 0.0006617 0.0264438 0.0000000 0.0000000 0.0029627 0.0000000 0.0000000 0.0000000 0.0000000 0.0021303 0.0089498 0.6094755
378 V 378 0.0406301 0.0139983 0.0000000 0.0118803 0.0049143 0.0191230 0.1865947 0.0009936 0.0011654 0.0022396 0.0011052 0.0193921 0.0003037 0.0015791 0.0106143 0.0552466 0.0059743 0.0000000 0.0029371 0.0101668 0.6111413
379 T 379 0.0079830 0.0029025 0.0005487 0.0014265 0.0000000 0.0000000 0.0005046 0.2794396 0.0000000 0.0000000 0.0000000 0.0000000 0.0011489 0.0000000 0.0000000 0.0741174 0.0175950 0.0000000 0.0000000 0.0000000 0.6143339
380 L 380 0.0027941 0.0003133 0.0000000 0.0004904 0.0000000 0.0007499 0.0000000 0.0027644 0.0000000 0.0100429 0.3137593 0.0025041 0.0069769 0.0046583 0.0000000 0.0018799 0.0032045 0.0000000 0.0000000 0.0228808 0.6269812
381 S 381 0.0199553 0.0038195 0.0165178 0.0073615 0.0000000 0.0241023 0.0185674 0.0062916 0.0022860 0.0000000 0.0080793 0.0423095 0.0003302 0.0000000 0.1859177 0.0226584 0.0101739 0.0000000 0.0007688 0.0008108 0.6300499
382 Q 382 0.0012838 0.0032241 0.0105346 0.0061577 0.0000000 0.0691324 0.2207356 0.0055502 0.0053406 0.0000000 0.0012083 0.0373336 0.0016229 0.0000000 0.0000000 0.0020358 0.0022788 0.0000000 0.0000000 0.0030205 0.6305411
383 P 383 0.0005702 0.0016428 0.0026488 0.0353274 0.0000000 0.0014801 0.0018957 0.0000000 0.0030154 0.0016401 0.0004120 0.0154363 0.0006326 0.0000000 0.2807747 0.0092690 0.0097121 0.0000000 0.0015077 0.0037225 0.6303124
384 K 384 0.0009297 0.0066848 0.0000000 0.0000000 0.0003651 0.0030254 0.0019430 0.0325273 0.0016132 0.0471295 0.2140709 0.0092228 0.0020363 0.0116102 0.0007343 0.0006984 0.0000000 0.0000000 0.0000000 0.0352348 0.6321743
385 I 385 0.0060685 0.0008566 0.0023509 0.0094874 0.0000000 0.0016703 0.0000000 0.0000000 0.0000000 0.0637156 0.0314512 0.0003158 0.0007054 0.0010900 0.0002656 0.0193878 0.2001510 0.0000000 0.0000000 0.0303097 0.6321743
386 V 386 0.0066458 0.0071008 0.0005260 0.0000000 0.0000000 0.0111445 0.0020237 0.0000000 0.0008137 0.0034897 0.1862460 0.0096306 0.0011237 0.0199704 0.0006716 0.0018913 0.0257255 0.0003149 0.0174973 0.0684419 0.6367427
387 K 387 0.0150208 0.1741134 0.0004110 0.0009297 0.0000000 0.0047719 0.0009978 0.0006344 0.0000000 0.0044918 0.0137836 0.0577345 0.0000000 0.0039167 0.0125905 0.0320037 0.0194873 0.0003450 0.0027409 0.0185184 0.6375087
388 W 388 0.0000000 0.0000000 0.0007347 0.0000000 0.0000000 0.0024640 0.0000000 0.0018229 0.0000000 0.0000000 0.0306707 0.0000000 0.0000000 0.0046223 0.0006306 0.0000000 0.0063546 0.3019059 0.0054121 0.0026116 0.6427705
389 D 389 0.0020554 0.0006716 0.0033057 0.0566985 0.0000000 0.0021795 0.2456341 0.0124436 0.0006965 0.0000000 0.0000000 0.0064429 0.0000000 0.0000000 0.0006253 0.0032332 0.0000000 0.0000000 0.0000000 0.0053271 0.6606866
390 R 390 0.0070395 0.0203341 0.0000000 0.0008983 0.0000000 0.0022759 0.0157107 0.0011467 0.0000000 0.0000000 0.0025605 0.0345580 0.0000000 0.0016553 0.2076947 0.0231783 0.0047774 0.0019502 0.0000000 0.0014350 0.6747853
391 D 391 0.0078433 0.0041426 0.0055394 0.0193819 0.0006941 0.0191774 0.0226545 0.0006571 0.0033237 0.0000000 0.0029089 0.0095550 0.0003233 0.0003430 0.1241079 0.0760266 0.0068412 0.0000000 0.0000000 0.0000000 0.6964803
392 M 392 0.0164983 0.0018373 0.0015742 0.0009537 0.0000000 0.0552851 0.0021554 0.0010216 0.0006510 0.0205515 0.0125722 0.0027386 0.0125408 0.0006276 0.0573723 0.0831491 0.0109030 0.0012414 0.0000000 0.0050691 0.7132578
393 R 393 0.0021873 0.0241973 0.0004326 0.0042253 0.0000000 0.0794827 0.0055255 0.0023215 0.0017052 0.0044334 0.0026406 0.0091707 0.0002370 0.0000000 0.0372597 0.0703840 0.0114830 0.0000000 0.0012414 0.0012940 0.7417789
394 R 394 0.0066867 0.0116157 0.0160624 0.0010298 0.0000000 0.0035879 0.0020628 0.0013824 0.0014504 0.0034118 0.0036491 0.0015187 0.0000000 0.0007166 0.0124283 0.0983412 0.0636984 0.0000000 0.0000000 0.0006941 0.7716636
395 K 395 0.0044420 0.0008603 0.0297940 0.0028266 0.0000000 0.0008529 0.0000000 0.0015596 0.0003501 0.0147790 0.0007742 0.0076570 0.0013836 0.0000000 0.0059161 0.0261460 0.0534774 0.0000000 0.0000000 0.0193046 0.8298768
396 W 396 0.0004484 0.0006223 0.0091458 0.0000000 0.0000000 0.0027014 0.0041347 0.0008202 0.0026666 0.0039239 0.0047546 0.0000000 0.0018839 0.0042610 0.0215183 0.0080090 0.0008512 0.0333625 0.0000000 0.0000000 0.9008962
397 R 397 0.0000000 0.0127894 0.0090926 0.0000000 0.0000000 0.0000000 0.0049775 0.0000000 0.0000000 0.0338980 0.0038997 0.0019771 0.0000000 0.0000000 0.0006914 0.0000000 0.0016004 0.0012414 0.0004578 0.0112401 0.9181346
398 R 398 0.0008248 0.0077003 0.0014844 0.0000000 0.0008603 0.0000000 0.0046564 0.0062632 0.0000000 0.0044496 0.0027098 0.0030227 0.0150155 0.0000000 0.0000000 0.0042708 0.0117952 0.0005537 0.0000000 0.0065797 0.9298136
399 W 399 0.0029536 0.0005420 0.0018037 0.0000000 0.0000000 0.0000000 0.0000000 0.0159525 0.0005976 0.0027334 0.0049552 0.0049450 0.0015162 0.0000000 0.0034821 0.0016245 0.0011012 0.0083318 0.0017886 0.0082503 0.9394224
400 H 400 0.0000000 0.0000000 0.0007383 0.0000000 0.0000000 0.0000000 0.0000000 0.0000000 0.0073946 0.0385387 0.0030203 0.0000000 0.0015933 0.0000000 0.0000000 0.0000000 0.0000000 0.0000000 0.0000000 0.0041964 0.9445184
401 L 401 0.0000000 0.0000000 0.0000000 0.0000000 0.0000000 0.0000000 0.0000000 0.0000000 0.0000000 0.0314236 0.0088937 0.0000000 0.0000000 0.0000000 0.0000000 0.0000000 0.0000000 0.0000000 0.0000000 0.0091323 0.9505504
