
Last position-specific scoring matrix computed, weighted observed percentages rounded down, information per position, and relative weight of gapless real matches to pseudocounts
           A  R  N  D  C  Q  E  G  H  I  L  K  M  F  P  S  T  W  Y  V   A   R   N   D   C   Q   E   G   H   I   L   K   M   F   P   S   T   W   Y   V
    1 M   -6 -7 -7 -8 -6 -6 -7 -8 -7  0  2 -7 11 -5 -8 -7 -6 -7 -6 -4    0   0   0   0   0   0   0   0   0   4  14   0  83   0   0   0   0   0   0   0  3.14 1.25
    2 S   -2  1  2 -1 -5  1 -1 -4 -4  0 -2  4  4 -2 -2  0  0 -5 -4 -3    2   7  11   4   0   5   2   1   0   5   4  32  10   2   1   8   5   0   0   0  0.49 0.41
    3 I   -4  4 -2 -5 -2 -3 -4 -6 -3  2  1  0  8 -1 -5 -2 -1 -6 -1  0    0  19   2   0   1   1   1   0   0  10  10   5  33   2   0   4   4   0   2   5  0.93 0.60
    4 Q   -3  6 -3 -6 -4  1 -4 -6 -3 -4 -4  5  1 -3 -3 -1 -2 -7 -6 -4    2  35   1   0   0   6   0   0   0   1   2  38   4   1   1   5   3   0   0   1  1.24 0.74
    5 H   -1  2  1 -3 -2  0 -2 -2  3 -1  0  2 -1  1 -3  1 -1  3  2 -1    3  10   6   1   1   4   0   2   8   4   9  13   1   6   1  10   2   4   9   5  0.20 0.22
    6 F   -3 -2 -4 -5 -5 -5 -6 -4 -1  3  1 -3 -1  6 -5 -2  0  2  2  0    2   2   1   0   0   0   0   1   1  15  14   2   1  36   1   3   6   3   6   7  0.86 0.51
    7 R   -2  4 -3 -5 -3 -2 -4 -2 -3  1  3  2 -1  1 -2 -1 -2 -5 -3 -1    2  23   1   0   0   1   0   3   0   8  27  14   1   6   2   5   2   0   1   3  0.48 0.39
    8 V    0  1 -3 -4  0 -2 -4 -3 -1  2  2  0  1  2 -2 -1  0  1 -2  1    8  10   1   0   2   1   0   1   2  10  22   5   3   8   1   5   7   2   1  12  0.21 0.22
    9 A    3 -2 -4 -5  3 -2 -5  0 -4  0  1 -3  0  0 -3  0  0  0 -1  0   29   2   0   0   6   1   0   6   0   6  16   1   3   3   1   8   7   1   2   6  0.35 0.33
   10 L   -1 -2 -5 -6  1 -3 -6 -2 -3  3  4 -4  1  1 -4  0 -1 -3 -3  2    6   2   0   0   2   1   0   3   1  13  37   0   2   6   1   7   4   0   1  12  0.54 0.38
   11 I    1 -4 -4 -5 -1 -5 -6 -3 -6  4  3 -3  2  1 -5 -1  1 -3 -4  2   10   1   1   0   1   0   0   3   0  23  27   1   4   6   0   4   8   0   0  11  0.60 0.41
   12 P    2 -4 -4 -5  2 -4 -5  0 -4  0  2 -4  1  0  2  1  1 -3 -4  1   16   0   0   0   4   0   0   7   0   6  18   1   4   5  10  11   9   0   0   9  0.32 0.31
   13 F   -1 -5 -6 -4  0 -4 -6 -1 -6  1  4 -6  0  4 -2  0 -1  0 -3  1    6   1   0   1   2   0   0   6   0   6  35   0   2  17   2   8   3   1   1   9  0.61 0.42
   14 F    1 -3 -5 -7  0 -6 -6 -3 -6  0  3 -6 -1  5 -3  0  0 -1 -2  1   12   2   1   0   2   0   0   2   0   5  30   0   1  19   1   8   6   1   1   9  0.65 0.44
   15 A    3 -5 -4 -5  2 -3 -4 -1 -2  0  2 -5  2 -1 -2  1  1 -4 -4  1   26   0   1   0   4   1   1   5   1   6  16   0   5   3   2  11   9   0   0   8  0.41 0.35
   16 A    3 -4 -4 -4  1 -4 -5  1 -4  0  1 -4 -1  1 -1  1  0 -1 -4  1   25   1   1   1   3   1   0   9   0   5  15   1   1   5   4  12   5   1   0  11  0.36 0.32
   17 F    0 -5 -4 -5  2 -4 -5 -2 -3  2  2 -5  2  5 -1 -1  1  1 -1  0    8   1   1   0   3   1   1   3   1   9  16   1   4  23   4   5   8   2   1   7  0.50 0.35
   18 C    3 -5 -3 -5  5 -4 -5 -2 -6  1 -1 -4 -1  0  0  3  0 -3 -4  1   26   0   1   0  11   1   0   3   0   7   5   1   2   3   5  19   6   0   0   9  0.59 0.44
   19 L    1 -3 -3 -4 -1 -2 -4 -2 -1  1  3 -4  1  0 -3  1  1 -5 -4  1   11   2   1   1   1   2   1   4   2   7  31   1   3   4   1   9   9   0   0   9  0.37 0.30
   20 P    1 -5 -1 -5 -4 -1 -5 -1 -4 -1 -2 -4 -2 -1  6  2  0 -4 -5 -2   13   0   3   0   0   3   0   5   0   3   5   1   1   3  36  14   6   0   0   3  0.84 0.59
   21 V    4 -3 -2 -3  0 -1 -3 -2 -3 -1  0 -3 -2 -2  0  1  0 -4 -2  3   30   1   2   2   2   3   2   2   1   3  10   1   1   2   4   9   5   0   1  19  0.39 0.34
   22 F    0 -1 -2 -2 -2  0 -2 -2  0  0  1 -1  0  3  0  0  0  3  0  0    9   4   2   2   1   4   2   3   2   4  14   3   3  14   5   7   7   4   3   7  0.13 0.14
   23 A    5 -3 -2 -2  0 -3 -2  0 -4 -3 -2 -4 -3 -3 -2  2 -1 -4 -3 -1   52   1   2   3   2   1   2   6   0   2   3   1   1   1   2  12   3   0   1   5  0.84 0.59
   24 H    2  0  0  0 -3  4  0 -1  2 -2 -1 -1  1 -2 -1  0 -1 -3 -3 -1   17   5   5   4   0  18   6   4   5   2   5   2   3   2   4   7   4   0   1   4  0.25 0.27
   25 P    3 -3 -1  1 -3  1  0 -2 -3 -3 -3 -2 -4 -3  4  2  1 -4 -4 -2   22   1   3   7   0   7   6   3   1   1   2   2   0   1  19  12   7   0   1   2  0.46 0.41
   26 G    3 -1  1  2 -5  1  0  0 -1 -3 -3 -1 -3 -3  1  1  1 -6 -4 -1   21   4   6  10   0   6   6   7   1   1   2   3   1   1   7  10   9   0   0   5  0.25 0.27
   27 T    0 -2 -1  0 -3  0  0 -2 -1  0  2 -2  1 -1  1  0  1  1 -2  0    7   2   3   5   0   4   5   2   1   5  23   2   3   3   7   6  10   2   1   7  0.12 0.16
   28 L    1 -1 -1 -1 -4  1  1 -2 -2  0  1  0  0 -2  1  0  0  3 -2  0   12   3   3   4   0   7  11   3   1   5  13   6   2   2   6   5   7   4   1   6  0.10 0.14
   29 V    1  1  0  1 -5  2  1 -1  0 -2 -2  1 -2 -3  2  1  0 -5 -2 -2   12   7   5   7   0   8   9   4   2   2   3   9   1   1  10   9   7   0   1   3  0.18 0.20
   30 K    1  3 -1  1 -4  3  2 -3 -3 -4 -4  2 -4 -4 -2  0  0 -6 -4 -2   13  16   3   7   0  11  11   2   1   1   1  12   0   1   3   8   6   0   0   3  0.40 0.35
   31 V    0 -3 -4 -4 -3 -3 -3 -5 -4  4  3 -3 -1  1 -2 -4 -2 -1 -3  3    7   1   1   1   0   1   2   1   1  25  28   1   1   6   3   1   2   1   1  15  0.65 0.40
   32 K    2  2  0  0 -5  2  1 -3  0 -3 -3  2 -1 -4  0  1  0 -6 -3 -3   20  10   4   5   0   9  10   2   2   1   2  12   1   1   4   9   5   0   1   2  0.31 0.30
   33 D    3  0  0  3 -6  2  3 -2 -1 -5 -3  0 -4 -5 -1  0  0 -6 -4 -3   22   4   4  13   0  10  16   3   1   1   2   6   0   1   4   6   5   0   1   1  0.43 0.37
   34 A    1 -2 -4 -3 -5 -2 -2 -4 -3  4  3 -2 -1 -1 -1 -1 -1 -3  0  1   14   3   1   2   0   2   3   1   1  20  25   3   1   2   4   4   4   0   3   7  0.39 0.29
   35 E    2 -3 -2 -1 -3 -2  4 -3 -2  2  0 -2 -2 -1 -1 -2 -1 -1 -3 -1   14   1   2   3   1   2  30   2   1  11  10   3   1   3   4   3   3   1   1   5  0.45 0.37
   36 D    2  1  0  1 -5  2  0 -1  1 -3 -3  2 -2 -4  0  1  0 -6 -3 -3   18   8   5   8   0   8   7   4   3   1   3  12   1   1   5   9   5   0   1   2  0.25 0.25
   37 Q    1  2 -1  0 -3  3  1  0 -2 -3 -3  2 -4 -4 -1  1 -1 -3 -1 -4   13  10   3   6   1  14  10   8   1   2   2  10   0   1   4   8   4   0   2   1  0.27 0.28
   38 L    0 -2 -2 -2 -1 -1 -3 -3  2  0  2 -1 -1  1 -1  1  0 -2  3  0    9   1   2   2   1   2   2   1   5   6  17   4   1   6   3  11   7   0  10   8  0.17 0.18
   39 G    0 -1  2  2 -5  0 -1  3  0 -4 -3  1 -3 -4  1  1 -1 -2 -4 -3    7   3   9  10   0   3   5  25   3   1   2   7   1   1   8   9   3   1   1   2  0.37 0.30
   40 A    4 -4 -2 -4 -2 -4 -3  5 -4 -2 -2 -3 -5 -4 -2 -1 -2 -6 -3 -1   31   1   2   1   1   1   2  37   1   2   4   1   0   1   2   4   3   0   1   5  0.85 0.54
   41 R   -1  6  0  0 -6  1  0 -4  0 -3 -4  2 -2 -3 -3  0  1 -2 -3 -3    5  33   4   4   0   6   6   1   2   2   2  11   1   1   1   7   9   1   1   3  0.64 0.44
   42 V    0 -4 -4 -5 -2 -4 -3 -2 -3  3  2 -4  0 -1 -1 -2 -1  3  2  3    8   1   1   1   1   1   2   3   1  14  19   1   2   2   3   4   4   4   6  21  0.46 0.27
   43 G    1 -4 -2 -4 -1 -3 -4  6 -2 -5 -5 -4 -3 -4 -4  3 -3  0 -4 -5    9   1   2   1   1   1   2  51   1   1   2   1   1   1   1  18   1   1   1   1  1.16 0.66
   44 Y    0 -4 -5 -5 -2 -6 -6 -4 -3  3 -1 -5  0  1 -7 -2 -3  3  3  5    9   1   1   1   1   0   0   2   1  13   6   1   2   5   0   3   2   3   9  41  0.93 0.54
   45 I    3 -4 -4 -5  0 -2 -4 -4  1  2 -1 -3 -1  1 -4  1 -2  0  5  1   23   1   1   1   2   2   1   1   3   9   6   2   1   5   1  10   3   1  16  11  0.49 0.37
   46 E    2 -5 -5 -5 -2 -3 -2 -5 -7  2  2 -6  0  1 -5 -3 -3 -2 -1  5   18   1   1   1   1   1   3   1   0   9  17   0   2   5   1   2   1   1   2  32  0.72 0.47
   47 L   -1  0 -4 -4  1 -1 -2 -4  0  3  2 -1  3  0 -3 -2 -2  2  2  2    5   6   1   1   3   3   3   1   2  14  19   4   7   3   1   2   3   3   6  12  0.29 0.23
   48 D   -4 -2  2  7 -3 -3 -1 -2  0 -1 -6 -3 -3 -8 -3 -1 -3  0 -2 -3    2   3  10  54   1   1   4   3   2   3   1   2   1   0   1   4   2   1   2   3  1.31 0.76
   49 L    0 -2 -1 -3 -1 -1 -3 -2 -1  0  3 -2  1  1  0 -1  3 -5  0  1    8   2   3   1   1   3   1   3   1   4  25   2   3   5   6   4  17   0   3   8  0.25 0.24
   50 N    1 -1  1  3 -7  2  1  1  0 -3 -4  0 -1 -3 -1 -1  0 -8 -3 -3   12   4   7  17   0   8  10  10   3   2   2   6   2   1   4   6   6   0   1   2  0.31 0.26
   51 S   -1 -1  2  2 -8 -3 -2  0 -2 -8 -5 -3 -2 -3 -3  3  5 -8 -3 -4    5   3   9  10   0   2   4   6   1   0   2   2   1   1   2  18  30   0   1   1  0.71 0.52
   52 G   -4 -3  2  0 -1 -2 -2  6  0 -8 -4 -2 -1 -3 -1 -3 -2  0 -7 -3    2   2   8   5   1   2   3  51   2   0   2   3   2   2   4   3   3   1   0   2  1.04 0.61
   53 K    1  3  0 -1  0  3  1 -2  1 -2 -2  2 -1 -2 -2  0 -1  2 -2 -3   11  12   4   4   2  10  10   3   3   2   4  11   2   2   3   6   4   3   2   2  0.24 0.22
   54 I   -1  1 -1  0  0  1  0 -2  0  1  0 -1  0 -1 -1  0  1  1  1  2    4   6   3   4   2   6   7   3   2   8   7   3   3   3   3   7  10   2   5  13  0.09 0.10
   55 L   -1  0  0  0  2  0  0 -1  2  0 -1  0  2  1  0 -1  0  4  1 -1    5   5   5   5   5   5   5   5   5   5   5   5   5   5   5   5   5   5   5   5  0.09 0.08
   56 E    2 -2 -3 -1  1 -1  0 -2  1 -1 -1 -1 -1  2 -3 -1  0  2  4  0   17   3   1   4   3   3   7   4   3   4   7   3   1   7   1   5   5   2  13   6  0.23 0.16
   57 S    2 -1  0 -1 -1  0  2  2  0 -2 -3 -2 -1 -2 -2  2  0 -1 -2 -1   17   3   3   3   1   5  13  14   2   2   2   2   1   2   2  14   6   1   1   5  0.22 0.22
   58 F   -2  1  0 -3 -2  0 -2 -3  4  1  0  2 -1  0 -3 -2 -2  2  4  1    2   6   4   1   1   4   3   2  10   8   8  15   2   4   1   3   2   3  13   8  0.31 0.27
   59 R   -2  3  7  1 -6  0 -1 -1  2 -4 -4 -2 -2 -6 -3 -2 -2 -7 -2 -4    3  13  46   7   0   4   4   5   4   1   2   2   1   0   1   3   2   0   1   1  1.05 0.67
   60 P    3 -1  1  0 -1  0  1  1 -4 -2 -3 -1  0 -2  2  1 -1 -5 -2 -2   22   3   7   6   2   3   8  12   0   2   2   3   2   2  11   8   3   0   1   2  0.26 0.27
   61 E   -2  0  2  5 -6  0  1 -2  3 -5 -2 -1  0 -2 -2 -1  0 -6  0 -3    4   4  10  29   0   4   9   4   6   0   4   4   2   2   2   5   5   0   3   2  0.50 0.39
   62 E    0  1 -1  0  0  2  3 -1  0 -1 -2  1  1 -1 -2 -1  0 -4 -1 -1    8   7   3   6   2   9  17   5   2   3   3   7   3   2   2   4   7   0   2   5  0.13 0.17
   63 R   -1  0  0  0  2  0  0 -1  2  0 -1  0  2  1  0 -1  0  4  1 -1    5   5   5   5   5   5   5   5   5   5   5   5   5   5   5   5   5   5   5   5  0.09 0.08
   64 F   -4 -1 -5 -5 -2 -4 -4 -5 -1 -1  1 -5  4  7 -5 -5 -3  1  3  0    2   4   1   0   1   1   1   1   2   4  14   0   8  38   0   1   1   2   9   7  0.98 0.56
   65 P    2 -2 -2 -2 -2 -1 -1 -3  0 -2 -4 -3 -2 -3  6 -2 -2 -2  1 -2   14   3   2   2   1   3   4   2   2   3   2   1   1   1  43   3   2   1   5   4  0.90 0.58
   66 M    2 -5 -4 -5 -2 -2 -4 -4 -3  1  1 -4  5 -1  3  0  1 -5  0  0   15   0   1   0   1   1   0   1   0   8  12   0  14   3  17   9   7   0   3   5  0.46 0.39
   67 M    6 -6 -2 -5  6 -1 -5  0 -4 -6 -4 -6  3 -5 -4 -3 -4 -3 -4 -4   61   0   3   0  13   3   0   6   0   0   1   0   6   0   1   1   1   0   0   1  1.38 0.79
   68 S   -4 -7 -4 -4 -7 -4 -4 -2 -7 -9 -9 -6 -8 -9 -7  8 -3 -9 -8 -8    1   0   1   1   0   1   1   3   0   0   0   0   0   0   0  89   1   0   0   0  2.42 1.23
   69 T   -2 -6 -4 -5 -1 -4 -6 -5 -6  1  2 -6  3 -5 -5 -2  5 -6 -6  2    3   0   1   1   1   1   0   1   0   8  21   0   7   0   1   3  36   0   0  16  0.90 0.57
   70 F   -3 -4 -4 -6 -2 -4 -6 -4 -1  4 -3 -6  1  5 -5  0  3 -3  2  1    2   1   1   0   1   1   0   1   1  21   2   0   3  20   0   8  21   0   7   8  0.74 0.49
   71 K   -2 -1 -6 -7 -9 -3 -5 -8 -7 -9 -9  8 -8 -9 -7 -4 -4 -9 -8 -8    3   3   0   0   0   1   0   0   0   0   0  91   0   0   0   1   1   0   0   0  2.79 1.23
   72 V    1 -6 -6 -6 -3 -4 -6 -4 -6  2  4 -5  2  1 -3 -4  0  1 -3  3   11   0   0   0   0   1   0   2   0  12  33   0   5   5   2   1   5   2   1  20  0.67 0.41
   73 L    0 -5 -5 -5 -3 -4 -6 -4  1 -1  2 -5  7  2  4 -3 -3  0  2 -1    7   0   0   1   1   1   0   1   4   2  17   1  23   9  17   1   1   1   7   4  0.78 0.51
   74 L    1 -5 -1 -4 -3 -2 -4 -4 -2  3  2 -5 -1 -3 -4 -2  4 -3 -2  3   11   0   3   1   1   1   1   1   1  19  17   0   1   1   0   2  23   0   1  17  0.58 0.40
   75 C    4 -5 -3 -6  2 -4 -3 -2 -2 -2  2 -5  3 -3 -5  0 -2 -6 -2  1   38   0   2   0   4   1   2   3   1   2  22   0   8   1   0   6   2   0   1   8  0.68 0.46
   76 G    3 -4 -4 -4 -1 -1 -3  0 -1  0  2 -3  2 -1 -5 -2 -3  0  4  1   26   0   1   1   1   2   1   8   1   5  20   1   5   1   0   2   1   1  14   9  0.45 0.34
   77 A    4 -3 -1 -3 -1 -2  0 -2 -1  1  0 -2  0 -2 -4 -1  0 -2  0  2   34   1   2   1   1   1   6   2   1   8  11   2   2   1   0   3   6   0   3  12  0.35 0.30
   78 V    1 -6 -6 -6 -1 -3 -4 -4 -6  2  2 -5  1  0 -6 -3  0  0  0  5   12   0   0   0   1   2   1   1   0  10  17   0   3   4   0   2   6   1   3  35  0.68 0.45
   79 L   -1 -3 -3 -3  0 -2 -3 -2 -1 -1  4 -3  1  3 -6 -3 -2  0  2 -2    6   2   1   1   2   2   2   4   1   3  45   1   3  12   0   2   2   1   7   2  0.64 0.45
   80 S    0  2  0  3 -1  2  3 -2  2 -3 -2  1 -1 -2 -4 -1 -1  0 -1 -3    8  11   3  14   1   9  19   2   4   1   3   7   1   1   0   4   3   1   3   2  0.33 0.30
   81 R    1  2 -1  0 -5  3  1 -2  0 -2 -1  1  0 -2 -4 -1  0  1  1 -4   14  12   3   5   0  14   8   3   2   2   6   8   3   2   0   3   5   2   5   0  0.24 0.28
   82 V    0 -1 -1 -1  1 -1 -2 -2  1  2  1 -2  1 -1 -2  0 -1  1  0  2   10   3   3   3   3   2   2   3   3  13  12   2   3   3   2   7   3   2   3  19  0.13 0.14
   83 D    0  0  0  0  2  0  0 -1  1  0 -1  0  1  0  0  0  0 -2  1  0    5   5   5   5   5   5   5   5   5   5   5   5   5   5   5   5   5   0   5   5  0.03 0.05
   84 A    1  1  2  1 -1  2  1 -2  1 -2 -2  1 -1 -2  0  0  0  0 -2 -2   12   7   9   6   1   8  10   3   3   2   4   8   2   2   4   7   6   1   2   2  0.16 0.15
   85 G   -1 -1  0  1  0  0  0  5  1 -7 -3  0  0 -7 -2  0 -2 -7 -7 -7    5   4   4   7   2   5   6  39   3   0   3   5   3   0   3   7   3   0   0   1  0.71 0.43
   86 Q   -1  2  2  1 -1  0  1  0  2 -2 -2  2 -1 -3  1 -2 -1  0 -1 -2    5  10   8   9   1   5   9   7   4   3   4  14   2   2   7   3   4   1   2   3  0.20 0.17
   87 E   -1 -2 -2 -1 -3 -2  1 -1 -2  3  3 -3 -1  0 -4 -2 -2 -1 -3  0    5   3   3   3   1   2  11   6   1  17  27   1   1   4   1   3   2   1   1   6  0.39 0.25
   88 Q   -1  1  1  3 -4  0 -1 -1  1 -3 -2  1  0 -2 -1  2  0  0 -1 -1    5   7   5  16   0   3   3   4   3   1   4   8   2   2   4  18   6   2   2   4  0.19 0.22
   89 L   -3 -2 -3 -4 -7 -3 -3 -4 -1  0  5 -2  2  0  2 -4 -4  4 -1 -3    3   3   2   2   0   2   2   2   1   4  47   2   4   4   9   2   2   5   2   2  0.84 0.49
   90 G    0 -2  3  5 -1 -1  0 -3 -1 -4 -4 -2 -1 -3 -3  1  1  0 -2 -3    8   3  12  28   1   3   6   2   2   1   2   3   1   1   2   9   9   1   2   2  0.57 0.40
   91 R   -1  1 -2  4 -1  3  3 -3 -1 -3 -4  0 -1 -2 -7 -1  1 -7 -2 -3    5   8   2  21   1  11  18   2   2   2   2   5   2   2   0   4   8   0   2   3  0.55 0.39
   92 R   -1  0  0  0  2  0  0 -1  2  0 -1  0  2  1  0 -1  0  4  1 -1    5   5   5   5   5   5   5   5   5   5   5   5   5   5   5   5   5   5   5   5  0.09 0.08
   93 I   -3 -3 -4 -5 -1 -4 -3 -5 -1  5  2 -4  0  0 -5 -4 -3 -1 -1  5    2   2   1   1   1   1   2   1   1  26  16   1   2   4   1   1   2   1   2  30  0.94 0.49
   94 H   -1  1 -2 -1 -1 -2  0 -4  3 -2 -3  0  0 -2  2  0  4 -7 -1  0    5   8   2   4   1   2   5   1   6   3   3   7   2   2   9   6  25   0   2   6  0.39 0.31
   95 Y   -1 -3 -4 -3  0 -3 -5 -5 -2  4  1 -4  1  1 -2 -4 -2  0  4  4    5   2   1   2   2   1   1   1   1  19  12   1   3   5   3   2   3   1  13  23  0.68 0.38
   96 S   -2  1  0  1 -1 -2  0 -2  0 -3 -4  1 -1 -4  0  3  4 -7 -1 -3    4   7   5   7   1   2   6   4   2   2   2   7   1   1   5  20  20   0   2   3  0.39 0.33
   97 Q    1  2 -2  0 -7  2  2 -3 -2 -2 -5  3 -2 -7  3 -1 -2  0 -3 -2   11   9   2   5   0   7  14   3   1   2   2  14   1   0  14   6   3   1   1   4  0.38 0.31
   98 N    2  1  1  3 -3 -1  3 -1  1 -4 -4  0 -4 -4 -2  1 -2 -1 -1 -3   15   6   7  14   1   3  15   5   3   1   2   6   1   1   2  11   3   1   2   2  0.35 0.29
   99 D    3 -2  0  6 -3 -2  0 -3  0 -3 -4 -3  2 -2 -3 -1 -3 -1 -2 -1   19   2   4  34   1   2   7   2   2   2   3   2   4   2   2   5   2   1   2   4  0.73 0.47
  100 L    0  1 -2 -3 -1 -2 -3 -3  0  1  2  0  1 -1 -2 -2 -1  6  1  1    8   8   2   2   1   2   2   2   2   8  18   5   3   3   2   3   5  10   4   8  0.31 0.23
  101 V    1  0 -1  0 -1  0  0 -1  0 -1 -1  0  1 -2 -2  1  0  0 -1  3   10   6   3   6   1   3   5   5   2   3   7   6   3   1   3   9   6   1   2  17  0.10 0.11
  102 E    0 -1 -1  0 -6  0  1  1 -1 -2 -3 -1  2 -1  1  0  1  0  1  0    8   4   3   5   0   4   9  11   1   2   3   5   5   2   8   8  10   1   4   7  0.11 0.14
  103 Y   -2 -2  1  0 -1 -1  0  3  2 -2 -2 -2  1 -2  1 -1 -2  4  3 -2    4   2   5   6   2   3   6  19   4   2   4   3   3   2   8   5   2   5  10   3  0.30 0.25
  104 S    1 -2  1 -2 -1 -1 -3  2 -2 -5 -5 -1 -2 -1 -1  4  0 -1 -3 -4   12   2   6   2   1   3   2  16   1   1   2   4   1   3   3  31   5   1   1   2  0.52 0.40
  105 P   -2 -2 -2 -1 -2 -2 -3  4 -3 -4 -5 -4 -6 -5  6  2 -1 -4 -4 -3    3   3   2   3   1   2   2  24   1   2   1   1   0   1  31  15   4   0   1   2  0.90 0.59
  106 V   -1  0 -2 -2 -1 -2 -2 -1 -2  3  1 -1  1 -1 -2 -1  0 -1 -3  3    5   5   2   2   1   2   3   6   1  18  10   5   4   3   2   6   6   1   1  19  0.24 0.18
  107 T    1  1 -3 -4 -1 -1 -3 -1 -2  0  2 -3  4 -1 -3  1  3 -2 -2 -1   12   7   2   1   1   3   1   4   1   4  16   1  10   2   1  11  16   1   1   3  0.33 0.27
  108 E   -1  0 -1  0 -3  2  2  1  0 -4 -2  1 -2  2 -3  1 -2  2  1 -4    4   4   3   5   1   8  14  12   2   1   5   9   1   7   1  12   3   2   5   1  0.24 0.22
  109 K   -1  2 -1 -1 -1  1  0 -2 -2  0  1  3  2 -1 -2 -1 -1 -1 -1 -1    5   9   3   3   1   5   6   3   1   6  15  18   4   3   2   4   3   1   2   5  0.17 0.15
  110 H   -1  2  1 -1 -4 -1 -1 -3  5 -3 -1  1  2  1  1 -1 -2  0  3 -2    6  12   6   3   0   3   5   3  14   1   6   7   5   5   6   4   3   1   8   3  0.32 0.23
  111 L    1 -2 -3 -1 -2 -1 -1 -2 -2  0  1 -1 -1 -1  4 -1 -1 -2 -1  3   11   2   1   4   1   2   3   3   1   5  12   4   1   3  17   5   3   1   2  20  0.27 0.23
  112 T    0 -1  1  2 -5 -1  0  5 -2 -4 -5 -2 -5 -4 -1 -2 -2 -2 -3 -4    7   4   7  11   0   3   5  44   1   1   1   3   0   1   3   3   3   1   1   1  0.74 0.46
  113 D    0  0  0  2 -4  1  1  1 -1 -3 -3  1 -2 -3 -1  1  2 -3 -3 -2    6   6   3  12   0   5  10  12   1   2   2   8   1   1   3   9  13   0   1   3  0.22 0.21
  114 G   -1  1  0 -1 -2  1  1  2 -1 -3 -4  1 -2 -4 -1  1  3 -2 -2 -2    4   7   4   3   1   7  10  17   2   1   2   7   1   1   4   9  16   1   1   3  0.26 0.25
  115 M   -2 -3 -2 -4 -4 -2 -3 -5 -2  2  1 -3  6  2 -3 -3 -2  0  3  2    3   2   2   1   0   1   1   1   1  11  15   2  19   8   1   2   3   1  11  16  0.60 0.39
  116 T   -2 -1 -2 -3 -3 -3 -3 -4 -5 -4 -4 -1 -3 -4  2  4  6 -6 -3 -4    4   3   2   1   1   1   1   1   0   1   1   3   1   1  10  28  40   0   1   1  1.02 0.69
  117 V   -1  0 -4 -3 -3 -4 -4 -4 -3  2  3 -5  0 -1 -4 -4 -2  0 -1  4    4   5   1   2   1   1   1   1   1  10  31   0   1   2   1   1   2   1   2  32  0.70 0.44
  118 R    1  4 -1  1 -5  1  2  0  0 -3 -2  1 -2 -3 -3  0 -2 -2 -2 -3   14  22   2   7   0   5  11   6   2   1   4   9   1   1   1   7   2   1   2   2  0.32 0.29
  119 E   -2 -3  0  5 -6  2  5 -3  0 -4 -5 -3 -1 -4 -4 -2 -1 -2 -2 -4    3   1   4  31   0   8  32   2   2   1   1   1   2   1   1   3   4   1   2   1  0.97 0.62
  120 L    0 -5 -3 -4  0 -3 -4 -4 -2  0  5 -5  2 -2 -5 -4 -2  0 -2  1    8   0   1   1   2   1   1   1   1   3  54   0   5   1   0   1   3   1   1   7  0.74 0.53
  121 C    2 -3 -2 -5  5 -3 -3 -4 -2  2  3 -4  2 -1 -5 -2 -2 -5  0  0   15   1   3   0  10   1   1   1   1  12  27   0   4   2   0   3   2   0   4   6  0.42 0.35
  122 S    0  2  0  1 -2  1  2 -2  2 -2 -2  1  0 -1 -3 -1  0  0  1 -2    7  11   3   7   1   6  12   2   5   2   4  10   2   2   1   4   7   1   6   2  0.12 0.19
  123 A    3 -1 -2 -2 -1 -2 -2  2 -1 -2  1 -1 -1 -2 -3 -1 -2  0  1 -2   28   3   1   2   1   2   3  16   1   2  14   4   1   2   1   3   1   1   5   2  0.25 0.30
  124 A    2 -4 -4 -4 -3 -3 -2 -2 -4  1  0 -3  6 -1 -1  1  1 -4 -3  0   16   0   0   0   0   0   3   3   0   7   7   0  25   3   3   9  10   0   0   7  0.39 0.40
  125 I   -1 -2 -2 -2  0 -1 -2 -2 -4  4  2 -3  3  0 -4 -2 -1 -3 -1  2    5   2   2   2   2   2   2   3   0  26  18   0   7   3   0   2   3   0   2  11  0.25 0.26
  126 T    0 -1 -1 -2  0  1 -1 -2  0  2  0 -1  1 -1 -3 -1  2 -3 -1  1    6   4   2   2   2   9   3   2   2  16   6   3   5   2   0   4  14   0   2  11  0.07 0.17
  127 M    0  0 -1  0 -1  1  0 -1  1 -1  0  0  0 -1 -1  0 -1  0  2  0    5   5   2   4   1  10   7   3   4   3   9   6   3   2   3   6   3   1   8   9  0.01 0.08
  128 S   -2 -5  0  0 -5 -1 -4 -1 -5 -6 -7 -4 -6 -6 -5  7 -3 -7 -6 -6    2   0   5   5   0   2   0   5   0   0   0   0   0   0   0  73   0   0   0   0  1.43 0.85
  129 D    1 -5 -1  6 -1 -4  0  1 -1 -5 -6 -4 -5 -3 -2 -1 -3 -6 -5 -2   10   0   2  51   1   0   4  12   1   0   0   0   0   1   2   4   1   0   0   4  0.93 0.57
  130 N    0  1  1  1  2 -1  0  0 -1 -1 -1  0 -1 -2 -2  0  0 -2  1  0    7   7   7   7   7   0   7   7   0   0   7   7   0   0   0   7   7   0   7   7  0.03 0.10
  131 T   -1 -1  0  3  1 -1  0  0 -1 -2 -2 -1 -1 -1 -1  0  3  0 -1 -1    3   3   4  18   3   2   6   6   2   2   2   2   2   2   2   7  22   2   2   4  0.17 0.26
  132 A    5 -2 -4 -1  1 -4 -4 -1 -4 -2 -2 -4  0 -1 -1 -1 -1 -5 -1 -1   56   2   0   4   3   0   0   3   0   2   3   0   2   2   2   3   4   0   3   3  0.66 0.57
  133 A    4 -3 -3 -4  3 -1 -2 -2 -1 -2 -3 -4  1 -3 -4  0  3  0 -2 -3   32   2   1   1   5   3   3   4   2   2   4   1   3   1   1   7  16   1   1   2  0.53 0.42
  134 N   -1 -1  4  2  0 -1 -1 -2  1  0 -2 -1  1 -1 -4 -1  0  2  0 -1    4   3  25  10   2   3   3   3   3   5   4   3   4   3   0   4   6   2   4   5  0.24 0.31
  135 L    3 -1 -1 -1  1 -1 -1 -1  0  0  0 -1  2 -1 -4 -1  0  2  0  0   24   3   3   3   3   3   4   3   3   5   8   3   6   3   0   4   5   3   3   7  0.10 0.21
  136 L   -1 -6 -2 -2  2 -2 -6 -6 -6  2  4 -6  2 -1 -2 -2 -2  1 -1  1    4   0   2   2   3   2   0   0   0   9  45   0   4   3   2   3   2   2   2   7  0.60 0.48
  137 L    2 -2 -3 -5  0  0 -3  0 -1  2  2 -2  2  1 -4 -2 -2  1 -1 -1   21   2   1   0   2   4   1   8   2  11  18   1   5   7   0   2   1   2   2   3  0.21 0.28
  138 T   -1  3  0  2 -2  0  3 -2  2 -4 -4  0 -2 -3 -3 -2  0 -1  0 -4    6  17   4  10   1   3  19   3   4   1   2   5   1   1   1   3   6   1   4   1  0.35 0.37
  139 T    0  2 -1 -1 -2  1 -1 -2  4 -1  1  0  0 -1 -3 -1  0  1  2 -1    9  10   3   3   1   6   4   3  10   3  13   5   3   2   1   3   5   2   8   3  0.12 0.19
  140 I   -1 -3 -4 -6 -1 -2 -4 -4 -2  3  3 -3  1  0 -3 -3 -2 -5  1  3    6   1   1   0   1   2   1   1   1  15  28   2   3   4   1   1   2   0   5  20  0.47 0.38
  141 G    1 -6 -3 -2 -1 -4 -3  6 -3 -6 -5 -4 -2 -2 -1  0  0 -2 -3 -4   10   0   1   3   1   1   2  52   1   0   1   1   1   2   3   7   6   1   1   2  0.95 0.65
  142 G   -2 -2 -1  0 -5 -3 -3  6 -3 -3 -4 -2 -2  0 -2 -2 -2 -1 -3 -4    3   3   3   5   0   1   1  57   1   2   2   2   1   4   3   2   3   1   1   2  1.00 0.63
  143 P   -1 -2 -2 -2 -4 -2 -3 -2 -1  1 -1 -1  1 -2  5  1  0 -5 -1  1    5   2   1   2   0   1   2   3   1   7   6   3   4   2  25   9   7   0   2  12  0.35 0.34
  144 K    2  0  0  2 -5  2  3 -1 -1 -4 -4  1 -3 -5 -2  0  0 -5 -1 -3   18   4   4  10   0   8  19   5   2   1   1   7   1   0   2   6   5   0   2   1  0.29 0.34
  145 E    3  0  0 -1 -3  1  1  2  0 -3 -3  1 -1 -3 -3  1 -1 -3 -1 -1   23   4   3   3   0   7   9  14   2   1   2   7   2   1   1   9   4   0   2   4  0.24 0.26
  146 L   -1  0  0 -2  2  0  0 -1  2  0 -1  0  1  1  0  0  0  3  1  0    5   5   5   0   5   5   5   5   5   5   5   5   5   5   5   5   5   5   5   5  0.07 0.11
  147 T   -1  0  2  1 -4  1  1 -1  1 -1 -2  1  0  0 -1 -1  1 -4  0 -1    6   5  12   8   0   5  11   4   3   3   3   7   3   5   3   3  11   0   4   4  0.13 0.16
  148 A    3  1 -1  0  0  1  0 -2  1 -2 -2  1  0 -2 -1  0  0  1 -3 -2   27   7   3   6   2   7   5   3   3   2   3   9   2   2   3   6   5   2   0   3  0.20 0.24
  149 F   -1  0 -2 -2  0 -1 -1 -3  0 -1  0  0  1  5 -5 -2 -1  3  3 -1    5   5   1   2   2   2   3   2   3   3   8   7   3  25   0   3   5   4  11   4  0.41 0.33
  150 L    3 -2 -2 -3  1 -2 -3 -3 -4  2  2 -3  4  1 -2 -2 -1  1 -1  1   22   2   2   1   3   2   1   2   0  10  21   1   9   5   2   1   3   2   2   8  0.33 0.31
  151 H    0  4  0 -1 -2  2  1 -2  1 -3 -4  3 -1 -3 -3 -2 -1 -5 -2 -3    9  26   5   4   1   9   7   2   3   1   2  16   2   1   1   3   3   0   2   2  0.46 0.40
  152 N    2  2  0  0 -4  1  2 -1 -1 -3 -3  1 -1 -3 -4  2  0 -1 -2 -2   15  11   4   5   0   6  13   4   1   1   3   9   2   1   0  15   6   1   1   2  0.25 0.28
  153 M   -2 -2 -2 -4 -2 -1 -3 -4  0  2  4 -2  4  0 -4 -3 -1  3  0 -1    3   2   2   1   1   2   2   1   2  10  38   3  11   4   1   2   3   4   3   4  0.55 0.40
  154 G   -1 -4  2 -3 -6 -1 -4  7 -2 -4 -5 -2 -3 -7 -4 -3 -3 -6 -2 -4    6   1   8   2   0   3   1  66   1   1   1   2   1   0   1   2   1   0   2   2  1.43 0.80
  155 D    0 -2 -1  3 -1 -2 -2 -2 -1  1  2 -3  4  0 -1 -2 -3 -1  0 -1    8   2   3  18   2   2   3   2   1   8  18   1  13   4   4   2   1   1   4   4  0.31 0.29
  156 H   -1  1  1  0 -2  0  0 -2  3 -4 -3  3 -3 -4  0  0  3 -2 -2 -3    6   7   6   5   1   4   7   3   7   1   2  18   1   1   4   7  17   1   2   1  0.32 0.31
  157 V    1 -1  3  2 -3  0 -1  0  2  0 -2 -1 -1 -3 -3  0  0 -2 -2  1   11   3  13  13   0   4   4   8   4   5   3   3   2   1   1   8   5   0   2   9  0.18 0.20
  158 T   -2 -2 -4 -4 -3 -2 -4 -5 -3  1 -2 -2 -2  2 -3  1  6 -3 -3 -1    4   2   1   1   1   2   1   1   1   7   3   2   1   7   1  10  47   0   1   5  0.95 0.66
  159 R    0  5  0 -2 -3  2 -1 -3  4 -3 -3  1 -1 -3 -4 -1  0 -1 -2 -1    9  29   4   3   1   7   3   2   9   1   3   8   2   1   1   4   7   1   1   5  0.56 0.40
  160 L   -1  0  0 -2  2  0  0 -1  2  0 -1  0  1  0  0  0  0  3  1  0    5   5   5   0   5   5   5   5   5   5   5   5   5   5   5   5   5   5   5   5  0.03 0.11
  161 D   -1  1  0  3  1  0  1  0  1 -1 -1  0  1 -3 -1  0 -1 -3  0  0    5   8   5  16   3   4   7   8   3   4   6   4   4   0   3   6   4   0   3   7  0.09 0.12
  162 R   -1  4  2 -1  0 -1 -1 -1  2 -2 -2 -1  0  0 -1  0  1  1 -1 -2    6  24  10   3   2   2   4   4   5   2   3   4   3   4   3   6   7   2   3   3  0.27 0.24
  163 W   -2  0  0 -1 -1 -2 -2  0 -1 -1 -1  0  0  1  2 -2  2  5  2 -1    4   5   5   3   1   2   2   7   2   4   7   6   2   5  11   4  12   7   6   4  0.20 0.18
  164 E   -3 -2 -1  0 -1 -1  5 -2  1 -1  0 -2  3 -1 -1 -2 -1 -5 -1 -2    3   3   3   5   1   3  30   3   3   4  10   3   6   3   3   4   4   0   2   3  0.39 0.33
  165 P   -2  0 -2 -1  0 -2  0  1 -1 -2 -1 -2  3 -3  4 -2  2 -1 -2 -2    4   5   2   3   2   2   7  10   1   3   6   3   6   2  22   3  10   1   1   3  0.31 0.29
  166 E   -1  0  0  2  0  0  2  0  1 -1  0 -1  0 -1 -1 -1 -1  2 -1  0    5   4   4  13   2   4  11   6   3   3   8   4   3   3   3   5   3   3   3   6  0.08 0.10
  167 L   -1 -1 -1 -2  1 -1 -2 -2  1  0  3 -2  3  1  0 -1 -1  2  1 -1    5   3   3   3   2   3   3   3   3   5  23   3   8   6   5   4   4   2   5   5  0.19 0.18
  168 N   -1 -1  6  0  0  0 -1  0  4 -3 -4 -2 -1 -2 -2 -1 -2  0 -1 -2    5   3  31   5   2   4   5   6   8   2   2   3   1   2   3   6   3   1   2   4  0.63 0.44
  169 E    1  0 -1  1 -1  0  2  0  0 -3 -2  0 -1 -2  2  0  0  0  1 -2   11   5   3   8   1   5  12   8   2   2   5   5   2   2   9   8   5   1   5   3  0.13 0.16
  170 A    2 -2  1  2 -1 -2 -2  0  1 -3 -3 -2 -2 -1  0  1  1  3  0  0   18   2   6   9   1   2   2   8   3   2   2   2   1   3   5   9   8   3   3   6  0.18 0.22
  171 I    0 -1  0 -1 -1 -1 -2  1  2  0  0 -1  1  0  1  0  1  3  0 -1    8   4   4   3   1   3   3  10   5   6  10   3   3   3   6   7   8   4   3   4  0.05 0.08
  172 P    0 -2 -2 -1 -7 -1  0  0  0 -4  1  0  0 -3  5 -2 -2  0  1 -3    7   3   2   4   0   3   6   8   2   1  12   5   2   2  29   3   2   1   4   2  0.48 0.39
  173 N    0 -1  1  1 -1 -3 -2  3  0 -2  0  0 -1 -1  1 -1  0  1 -1 -1    6   4   6   7   1   1   2  23   2   3   9   6   1   2   7   4   6   2   3   4  0.20 0.17
  174 D   -1 -2 -1  5 -1  2  0  1 -2 -3 -3 -3 -1 -4 -2  1  0 -1  0 -4    6   3   3  28   1   8   6  10   1   2   3   2   1   1   2  12   6   1   3   1  0.51 0.38
  175 E    1 -1  0  0 -6 -2  1  1  1 -1 -2  0 -2 -1  3 -2  0  1  2 -2   10   4   4   6   0   2   8   9   3   3   5   5   1   3  15   3   6   2   8   3  0.20 0.19
  176 R   -2  3  1 -1  1  1  0  1  1 -2 -2 -1  0  0  0  0 -1  3  0 -1    4  14   6   4   3   6   6  10   4   3   5   4   3   3   4   7   4   4   3   4  0.14 0.13
  177 D    0  0  0  0  2  0  0 -1  1  0 -1  0  1  0  0  0  0 -2  1  0    5   5   5   5   5   5   5   5   5   5   5   5   5   5   5   5   5   0   5   5  0.03 0.05
  178 T   -1  0  0  0  2  0  0 -1  2  0 -1  0  2  1  0 -1  0  4  1 -1    5   5   5   5   5   5   5   5   5   5   5   5   5   5   5   5   5   5   5   5  0.09 0.08
  179 T    0 -7 -1 -2  1 -1 -2 -2  1 -1 -3 -2  2 -1 -7  2  4  2  0 -1    9   0   3   3   3   3   3   3   3   4   3   3   5   3   0  16  26   3   3   4  0.49 0.37
  180 M   -2  1 -1 -1  1  0 -2 -2 -4 -2 -3 -2  0 -2 -2  3  5 -5  0 -2    3   8   2   3   3   4   2   3   0   2   2   2   2   2   2  20  33   0   3   3  0.51 0.47
  181 P    3 -2 -1 -1  0 -2 -1 -3 -5 -2 -2 -2  2 -6  5  0 -2 -6 -5 -1   27   2   4   3   2   2   4   2   0   3   4   2   4   0  30   5   3   0   0   4  0.71 0.51
  182 A    1  3  0  0 -2  0  0 -2  2 -1 -1  1  0 -2 -2 -1 -2  0  0 -1   15  18   4   6   1   4   6   3   4   3   5  10   2   1   1   4   2   2   4   5  0.17 0.19
  183 A    0  0  1  0 -3  1  0  0  2  0 -1  0  1  0  1  0  0 -2  1 -2    6   6   6   6   0   6   6   6   6   6   6   6   6   6   6   6   6   0   6   0  0.05 0.09
  184 M   -1  0  0  0  2  0  0 -1  2  0 -1  0  1  0 -3  0  0  3  1  0    5   5   5   5   5   5   5   5   5   5   5   5   5   5   0   5   5   5   5   5  0.06 0.10
  185 A    3 -2 -1 -2  1  0 -2  1  1 -1 -1 -2  1  0 -2 -1 -1  2  0  1   24   3   3   3   3   4   3  10   3   4   6   3   3   4   3   4   5   3   3   9  0.21 0.18
  186 T   -1  3  0  0 -5  1  1 -2  1 -1 -1  2  0 -1 -2 -1  0  1 -1 -1    6  19   4   6   0   6   9   3   3   4   6  12   2   2   2   4   6   2   2   4  0.19 0.20
  187 T   -2 -4 -1  0 -1 -3 -4 -2 -2  2  4 -4  2  1 -4 -1  0  0 -1 -1    4   1   3   6   1   1   2   3   1   9  35   1   4   5   1   6   7   1   2   4  0.46 0.30
  188 L   -1 -3 -6 -4 -1 -6 -4 -3 -2  0  5 -4  3  1 -2 -3 -2  2  2  0    6   1   0   1   1   0   1   2   1   5  45   1   6   5   2   3   2   3   6   5  0.70 0.47
  189 R    1  4  0  0 -1  2  1 -2  1 -4 -3  1 -2 -3 -1 -2 -1 -1 -1 -3   10  21   5   4   1   9   8   4   3   1   3   9   1   1   3   4   4   1   3   2  0.34 0.28
  190 K    3  3 -1 -1 -2  1  1 -3  2 -1 -1  2  0 -5 -3 -2 -1  1 -1 -3   22  14   3   3   1   6   7   2   5   4   6  12   2   0   1   3   3   2   2   2  0.30 0.29
  191 L   -1 -4 -7 -7 -2 -6 -5 -5 -3  3  4 -7  1  2 -3 -4 -3  0  0  1    6   1   0   0   1   0   1   1   1  16  41   0   3   9   2   1   2   1   3  10  0.85 0.50
  192 L   -1  0  0  0  2  0  0 -1  2  0 -1  0  2  1  0 -1  0  4  1 -1    5   5   5   5   5   5   5   5   5   5   5   5   5   5   5   5   5   5   5   5  0.09 0.08
  193 T   -1  1  1  0  1  2  0 -2  1 -1  0  1  0  0 -2  0  1  2  0 -1    5   9   6   5   3  10   6   3   3   3   9   7   3   4   3   6   8   3   3   4  0.10 0.11
  194 G   -2 -1  1  2  0 -1  0  4  1 -2 -4 -1 -7 -1 -1 -1 -3 -7  2 -3    3   4   7  11   2   3   6  30   3   3   3   4   0   3   3   5   2   0   7   2  0.47 0.33
  195 E   -2  1  1  3 -1  0  3 -2  0 -3 -4  1 -1 -3  2 -1  0  0 -1 -3    4   7   7  14   1   5  16   3   2   2   2   8   2   2   9   5   5   1   3   2  0.32 0.27
  196 L    2 -1 -2 -2  0  0 -1 -1 -1  0  2 -1  0  0  0 -2  0  1  0  1   15   4   2   3   2   4   4   5   2   6  16   3   2   4   5   3   5   2   3  10  0.10 0.09
  197 L   -1 -2 -3 -4 -2 -3 -3 -3 -2  2  5 -2  1  2 -3 -4 -3  0  0  0    5   2   2   1   1   1   2   3   1   9  42   3   3   7   2   2   2   1   3   7  0.65 0.38
  198 T    0  0  1  1 -3 -2 -1  0  3 -3 -5  0 -3 -4  1  4  1 -7 -2 -4    7   5   5   7   1   2   4   7   6   2   1   5   1   1   8  26   8   0   2   2  0.43 0.36
  199 L    2  0 -1  0 -7  1  2 -3 -1 -2 -3  0  0 -4  4  0  0 -7  1 -3   14   5   3   5   0   7  11   3   2   3   3   6   2   1  17   7   6   0   5   2  0.33 0.30
  200 A    1  0 -1  1 -7  0  3 -3 -1 -2 -2  0 -3  0  1  0  0 -1  0 -3   13   6   3   9   0   4  17   3   2   3   4   6   1   3   8   6   7   1   4   2  0.22 0.22
  201 S    0 -2  0  0 -2  2 -1 -1  0 -3 -3  1 -1 -3 -4  4  0 -1  3 -2    8   2   4   5   1   7   4   4   2   2   3   7   2   2   1  28   5   1   8   3  0.41 0.35
  202 R   -1  5 -2 -1  2  1 -3 -3  0 -4 -5  1 -3 -3 -3  1  3 -2  1 -5    6  29   2   4   4   5   2   3   2   1   1   7   1   2   2   9  14   1   5   1  0.66 0.46
  203 Q    2  0  0  2 -7  2  2 -1  0 -3 -3  0 -2 -2 -3  0  1 -3 -1 -3   15   5   4  11   0   9  13   5   2   1   3   6   1   2   2   7   8   1   2   2  0.27 0.25
  204 Q   -3  3 -3 -2 -7  3  1 -5  0 -1  0  0  0  3 -3 -1  0  1  1 -1    3  14   1   2   0  14   8   1   3   4  10   6   2   9   2   4   6   2   5   4  0.34 0.26
  205 L   -1 -4 -4 -5 -4 -5 -5 -5 -3  1  5 -4  5  2 -5 -4 -2  1  2  0    6   1   1   1   0   1   1   1   1   8  40   1  11   7   1   2   3   2   6   5  0.88 0.49
  206 I   -2  2  0 -4 -3 -2 -1 -4  0  2  2  0  1 -1 -5 -3  2  4  2  0    4   9   4   1   1   2   5   2   2   9  21   6   3   2   1   2  11   5   6   6  0.30 0.22
  207 D    0  0  2  4 -7  2  1  1 -1 -4 -6  0 -5 -5 -4  0  0 -3 -2 -4    7   6   9  21   0   8   9  12   1   1   1   6   0   1   1   7   6   0   2   1  0.47 0.35
  208 W   -1 -3 -3 -3 -4 -4 -5 -5 -2  4  0 -4  1  0 -5 -4  0  9  1  0    5   2   2   2   1   1   1   1   1  19  10   1   3   4   1   2   6  26   5   7  1.18 0.64
  209 M    0  0  0  0 -3  1  0  0  1  0 -1  0  1  0  1  0  0 -2  1  0    6   6   5   6   0   5   6   6   5   6   6   6   5   5   6   6   6   0   5   6  0.03 0.06
  210 E   -1  1  1 -1  1  2 -1  0  1 -1 -2  1  0  0 -1 -1  1  2  1  0    4   7   6   3   2   9   4   7   3   4   4  10   3   4   4   5   7   2   4   8  0.08 0.08
  211 A    0  2  2  0  0  1 -1  2  1 -2 -3  1 -1 -2 -2 -1  0  1  0 -2    8  12   8   5   2   6   5  13   4   3   2   9   2   2   2   4   6   2   3   3  0.18 0.16
  212 D   -2 -2  6  0  2  2 -3 -1  0 -3 -3 -2 -1 -2 -2  0  2 -8 -2 -2    3   3  29   6   4   7   2   5   2   2   4   3   2   2   3   8  12   0   2   3  0.59 0.41
  213 K   -2  3  0 -2 -5  3  0 -2  1 -2 -3  2  0 -2 -1  0  2 -1 -1 -1    3  18   5   2   0  12   5   3   3   2   3  12   2   2   4   6  12   1   2   4  0.31 0.30
  214 V   -2 -2  2 -1 -1 -2 -2 -3 -1  0 -1 -3 -4 -1 -1  0  5  0  0  1    3   2   9   4   1   2   3   2   1   6   6   2   0   3   3   6  30   1   4  11  0.38 0.33
  215 A   -1  0  1  0 -2 -1 -2  3  1 -4 -1 -2 -2  0 -1  1  1  2 -1 -2    5   5   8   5   1   2   2  24   3   0   5   2   1   4   3  10  10   3   2   3  0.24 0.24
  216 G    0  0  4  3 -2  0 -2  1  1 -4 -2 -1 -2 -3  1 -1  0 -1 -1 -3    7   6  18  15   1   4   2   9   3   1   5   4   1   1   6   4   5   1   3   2  0.30 0.28
  217 P    0  1  2  1 -2  0  0 -1  2 -2 -2  1 -1 -2  1  0  0 -2 -1 -2    7   8  12   8   1   5   6   6   5   2   5   8   1   1   8   6   7   1   3   2  0.15 0.16
  218 L   -3  5 -3 -3 -1 -2 -4 -2 -3 -3  3  1  1 -1 -3 -3 -3  3 -1 -3    3  28   1   2   1   2   2   4   1   2  26   7   3   3   2   2   2   4   3   2  0.72 0.45
  219 L   -3 -4 -3 -1 -3 -4 -5 -3 -3  5  4 -5  1  0 -2 -4 -3 -1 -1  0    2   1   2   3   1   1   1   2   1  26  36   1   3   4   2   2   2   1   2   5  0.86 0.46
  220 R   -1  6 -2 -1 -4 -2 -2  0 -1 -4 -2  2 -2 -4  3 -2 -2 -2 -2 -1    6  32   2   4   1   2   3   6   1   1   5  10   1   1  13   3   2   1   1   4  0.64 0.43
  221 S   -1  0  0  0  2  0  0 -1  2  0 -1  0  2  1  0 -1  0  4  1 -1    5   5   5   5   5   5   5   5   5   5   5   5   5   5   5   5   5   5   5   5  0.09 0.08
  222 A   -1  0  0 -1  1  0 -1  3  1 -1  0 -1  1  0 -1 -1 -2 -5  2 -1    6   5   4   4   3   4   3  22   3   4   9   4   3   4   4   4   3   0   7   4  0.17 0.14
  223 L   -1 -2 -1 -2  0 -2 -2 -5 -4  1  4 -2  2  1 -2 -2 -1  1  1  1    5   2   4   3   2   2   3   1   0   7  35   3   4   5   2   3   4   2   4  10  0.34 0.27
  224 P   -2 -2 -2 -1 -1 -2 -2  2 -1 -3 -3 -1 -5 -2  6 -2 -2  0 -1 -1    4   2   2   3   1   2   3  13   1   2   2   4   0   2  42   4   3   1   2   5  0.85 0.56
  225 A    1  0  0  3 -1  1  1 -1 -1 -2 -3  1 -2 -2  1  0 -1  0 -1 -1   15   5   4  15   1   5  10   4   1   2   2   8   1   2   8   5   4   1   2   5  0.18 0.19
  226 G   -1 -1  1  3  0  0  0  3  0 -2 -2 -1  0 -1  0  0 -1 -4  0 -2    5   4   7  16   3   3   5  21   3   3   3   4   3   3   4   7   3   0   3   3  0.20 0.19
  227 W    1 -1 -4 -4  1 -1 -1 -2  1  0 -1 -1  1  0 -1 -1  0  7  0  2   10   3   0   0   3   3   4   3   3   6   6   3   3   4   3   3   7  17   3  14  0.42 0.33
  228 F   -1  1 -1 -1  0  1  0 -1  0  0 -1  1  0 -1  1 -1  1  2 -2  1    4   8   3   3   2   8   6   4   2   5   5  11   2   3   6   4  10   3   0  11  0.09 0.14
  229 I   -1  0  0  0  2  0 -2 -1  2  0 -1  0  1  1  0  0  0  3  1  0    5   5   5   5   5   5   0   5   5   5   5   5   5   5   5   5   5   5   5   5  0.06 0.11
  230 A    2  0 -3 -1  1 -1 -1  3  1 -1 -1 -3  1 -1 -1  0 -1  3  0 -1   20   5   0   3   3   3   3  20   3   4   7   0   4   3   3   5   3   4   4   3  0.20 0.23
  231 D   -2  0  2  3  0  1 -1 -1  6 -2 -2 -3 -1  0 -4  0 -1 -5 -1 -1    2   4   9  18   2   5   4   5  19   3   5   0   2   4   0   6   4   0   2   4  0.41 0.31
  232 K   -2  0  0 -5 -7 -4 -4 -6 -5 -6 -3  7  0 -6 -6 -2 -1 -7 -1 -3    3   4   4   0   0   0   0   0   0   0   3  70   3   0   0   3   4   0   3   3  1.60 0.82
  233 S   -2 -2  1 -2 -1 -2 -3 -3  0 -2 -4 -4 -4 -2 -2  2  6 -5 -2 -2    3   2   7   1   1   1   1   2   2   2   2   0   0   2   2  13  55   0   2   2  1.00 0.63
  234 G   -1 -6 -1 -1 -6 -5 -5  7 -6 -7 -7 -5 -6 -6 -6 -4 -1 -6 -6 -6    5   0   3   3   0   0   0  81   0   0   0   0   0   0   0   0   4   0   0   0  1.98 0.78
  235 A    1 -2 -1 -1 -4 -1  0 -1  0 -3 -3 -2 -1 -1 -3  2  4  4  2 -3   12   1   3   4   0   2   7   5   3   1   2   1   1   3   0  14  26   6   7   0  0.37 0.30
  236 G   -1 -3  0 -2 -1 -2 -2  4 -2  0  1 -3 -1 -2 -3  1  1  3 -2 -2    4   1   5   2   1   1   3  30   1   7  13   1   2   2   1   9   8   5   1   2  0.32 0.24
  237 E   -1  0  0  3 -1  1  0  2  0 -2 -2  0 -1 -1  1  0 -1 -4 -1 -1    5   4   4  19   1   6   6  14   2   2   4   5   1   2   6   7   3   0   3   6  0.16 0.15
  238 R    0  2  0 -1 -2 -1  0 -2  2 -1 -2 -1 -1  1 -2 -1  1  1  4 -1   10  12   5   3   1   2   7   2   4   3   3   4   1   6   2   3  10   2  14   4  0.19 0.19
  239 G    2 -2  3  0 -3 -3 -2  4  0 -2 -2 -3 -1 -3 -3 -1 -2 -5 -3 -3   18   2  13   5   1   1   3  35   3   3   4   1   2   1   1   4   2   0   1   2  0.58 0.37
  240 S    1  0 -1  0  0 -1 -1  2 -1 -1 -2 -1 -2 -2 -2  1  2 -2  1  0   10   6   3   5   2   3   4  14   1   4   4   3   1   1   1  11  13   1   5   8  0.11 0.14
  241 R    1  3  1 -2  0 -1  0 -2  3 -2 -2 -1 -1  0 -3  0  0 -2  2 -1   14  18   7   2   2   3   5   3   8   3   3   3   1   4   1   6   6   0   6   4  0.24 0.22
  242 G   -3 -2  6  2  3 -4 -2  2  4 -7 -4 -4 -3 -6 -6 -1 -2 -2 -4 -4    2   2  33  11   6   1   3  17  10   0   2   1   1   0   0   5   3   1   1   1  0.97 0.55
  243 I   -1 -4 -3  5 -3 -3  0 -4 -2  3  1 -5  0  0 -6 -2 -3 -6 -2  1    5   1   1  36   1   1   6   1   1  14  12   0   2   3   0   3   1   0   1  11  0.72 0.45
  244 I    1 -4 -4 -5 -1 -6 -4  2 -6  4 -2 -4 -1 -3 -5 -3  1 -3 -2  4   13   1   1   1   1   0   1  15   0  21   3   1   1   1   0   1   8   0   1  30  0.72 0.45
  245 A    4 -4 -5 -4 -3 -3 -4  3 -3  0 -2 -4 -1  0 -4 -1 -1  0  0  0   37   1   0   1   0   1   1  23   1   6   4   1   2   4   1   4   3   1   3   6  0.64 0.44
  246 A    1 -3 -5 -4 -2 -4 -4 -3 -2  4  1 -4  1  0 -4  0 -1 -5 -2  4   11   2   0   1   1   1   1   3   1  23  11   1   3   4   1   7   4   0   1  26  0.55 0.36
  247 L    2 -3 -4 -2 -4 -2 -1 -4 -2  3  0 -3 -1  0 -4 -2  1 -2 -1  4   16   1   1   2   0   1   5   1   1  14   8   2   1   4   1   3   9   1   2  26  0.38 0.29
  248 G   -1  0  1 -1 -1 -1 -1 -1  0 -2  0 -1 -1  1 -4 -2  1  7  3 -1    5   6   7   3   1   3   5   5   2   1   8   4   1   6   1   2  10  14  12   4  0.37 0.27
  249 P    0  1 -2 -1 -4  0 -2 -2  0 -2 -1  0 -2 -2  6  0 -1 -4 -2 -2    7   9   2   4   0   4   3   4   3   3   7   6   1   2  33   7   4   0   2   2  0.55 0.35
  250 D   -1 -1  3  4 -5 -1  0 -1 -1 -4 -5  0 -2 -4  4 -1 -1 -5 -2 -3    5   4  12  25   0   3   6   5   1   1   1   5   1   1  19   5   4   0   1   2  0.57 0.38
  251 G   -2 -3  3  1 -1 -2 -1  6  1 -6 -6 -2 -6 -5 -4 -2 -2 -3 -4 -5    4   2  14   8   1   2   4  51   3   0   1   2   0   1   1   3   2   0   1   1  1.06 0.59
  252 K   -2  5  0  0 -4  1  0  2  2 -5 -5  2  0 -4 -3 -2 -1 -6 -4 -4    4  29   4   5   0   7   6  15   4   1   1  12   2   1   1   3   3   0   0   1  0.59 0.40
  253 P    1  5 -2  0 -2  0  0 -1  0 -3 -4  1  0 -4  1  0  0 -5 -2 -3   12  27   1   6   1   4   7   5   2   1   1   7   2   1   8   6   6   0   2   2  0.39 0.32
  254 S   -1  1 -3 -2 -2 -3 -2 -4  1 -1  0 -2 -1  0  5 -1 -2 -1  5 -1    4   8   1   2   1   1   2   2   3   4   8   2   1   4  28   4   2   1  18   4  0.62 0.43
  255 R    1 -2 -6 -4 -3 -4 -6 -5 -4  4  1 -5 -1  2 -5 -3 -2  0  5  2   10   2   0   1   1   1   0   1   0  23  15   0   1   7   0   2   2   1  18  14  0.70 0.43
  256 I    2 -5 -6 -5 -5 -6 -5 -5 -6  5  1 -6 -1 -1 -6 -2  0 -6 -1  4   14   0   0   1   0   0   0   1   0  28  11   0   2   2   0   3   6   0   3  29  0.89 0.53
  257 V    2 -4 -6 -5 -1 -5 -6 -3 -6  3  2 -5  2 -1 -5 -1 -1 -6 -3  4   17   1   0   1   1   0   0   2   0  17  19   0   4   3   0   4   3   0   1  27  0.67 0.43
  258 V    4 -4 -5 -7  1 -4 -5 -3 -7  1 -2 -6 -3 -4 -6  0  0 -7 -3  5   30   1   0   0   3   1   0   2   0   8   3   0   0   0   0   8   5   0   1  39  0.97 0.61
  259 I    0 -6 -3 -6 -1 -5 -5 -4 -4  3  1 -5  4  0 -6 -3 -1 -3 -3  5    8   0   2   0   1   0   1   1   0  17  14   0  12   4   0   2   4   0   1  33  0.79 0.46
  260 Y   -2 -4 -3 -4  0 -3 -4 -1 -1  0  1 -4  4  4 -5 -2  0 -2  5  0    3   1   1   1   2   1   1   5   1   5  14   1  12  16   0   4   6   0  19   5  0.59 0.37
  261 T   -1 -2 -1 -3  0 -3 -2  0 -3  0  1 -2  0  1 -4  1  3 -1 -1  2    4   3   2   1   2   1   2   7   0   5  14   3   2   5   1  10  21   1   2  15  0.23 0.23
  262 T    0  1  2  1 -3  0 -1  0 -1 -3 -4  1 -1 -4 -3  1  3 -2 -2 -2    9   8  10   7   0   4   4   6   2   1   1  10   2   1   1  10  20   1   1   2  0.29 0.27
  263 G   -1  1  2  3 -5  2  1  3  0 -4 -3  0 -3 -3 -2  1 -2 -2 -4 -3    4   8   8  14   0  10   7  19   3   1   2   5   1   1   2  10   2   1   0   2  0.34 0.28
  264 S    1 -2  1  1 -3 -1 -1  1 -1 -3 -2 -1 -2 -2  2  3  1  0 -2 -1    9   2   6   7   0   2   3  12   1   1   4   4   1   1   9  21  10   1   1   4  0.23 0.24
  265 Q    0  1  0  1 -3  2  1 -1  1 -3 -2  1 -1 -2  2  0  1 -1 -1 -2    7   6   4   9   0   8  10   5   3   1   5   8   2   1   8   7   9   1   2   2  0.16 0.17
  266 A    2 -1  1  0 -4  1  1  0 -1 -2 -2  1 -2 -2  1  0  0 -2  1 -2   17   3   6   6   0   5  11   6   1   2   4   7   1   2   8   6   6   0   5   3  0.14 0.16
  267 T   -1  1  2  4 -6 -2  0 -1 -2 -4 -4 -2 -5 -6  1  2  2 -4 -3 -3    5   8  10  24   0   1   5   4   1   1   2   2   0   0   7  17  11   0   1   2  0.52 0.40
  268 M    2  1  0  1 -3 -1  0 -2 -2 -1  0 -1  2  0  0 -1  0  1 -1 -1   21   8   4   9   0   3   6   3   1   4   7   3   6   4   5   4   5   2   2   4  0.11 0.15
  269 D    2  1 -1  2 -5  1  2 -2 -2 -4 -4  1 -2 -5  2  0 -1 -2 -3 -3   17   6   3  12   0   6  15   4   1   1   1   8   1   0  10   6   4   1   1   2  0.35 0.31
  270 E    2  0 -1  1 -2  1  3 -1 -1 -1 -4 -1 -3 -4  0  1  0 -1  0 -1   17   5   3   9   1   6  17   5   2   3   1   3   0   1   5   8   5   1   4   4  0.23 0.24
  271 R    1  4  2  1 -2  0 -1  0 -1 -2 -3 -1 -3 -3 -3  1  0 -2 -4 -2   13  26   8   8   1   4   4   7   1   3   2   2   1   1   1   9   6   1   1   2  0.39 0.31
  272 N    1  0  4  4 -2  0  3 -3 -3 -3 -3 -2  0 -2 -3  0 -1 -2 -3 -3   10   4  16  19   1   4  17   2   1   1   3   2   2   2   1   7   3   1   1   2  0.45 0.34
  273 R    3  3 -1  0 -5  2  1 -2 -2 -4 -3  3 -3 -4 -2 -1 -1 -5 -4 -3   22  15   3   5   0   8  10   4   1   1   3  16   0   1   2   3   4   0   1   2  0.44 0.34
  274 Q    1 -2 -4 -4 -4  0 -3 -5 -3  2  3 -1  1  0 -4 -3  1 -3 -3  3   13   2   1   1   0   4   1   1   1  11  26   4   4   3   1   1   8   0   1  18  0.42 0.30
  275 I   -3 -5 -4 -4 -2 -6 -6 -6 -2  7  2 -7  3  0 -7 -6 -3 -7 -4  1    2   1   1   1   1   0   0   1   1  47  20   0   7   4   0   1   2   0   1   9  1.30 0.65
  276 A    6  1 -1 -4 -4  1 -2  1 -3 -4 -4 -3 -6 -7 -5  1 -2 -7 -6 -3   53   8   3   1   0   5   2   9   1   1   2   2   0   0   1   8   3   0   0   1  0.97 0.62
  277 E    0  2  0  3 -6  3  3 -2  0 -5 -4  2 -4 -4 -3  0 -1 -6 -5 -5    8  11   4  14   0  11  21   3   2   0   2  11   0   1   1   6   3   0   0   1  0.51 0.39
  278 I    2 -6 -7 -5 -4 -5 -6 -6 -7  6  1 -5  1 -2 -6 -5 -1 -6 -1  4   14   0   0   1   0   1   0   0   0  36  14   1   3   1   0   0   3   0   2  23  1.04 0.56
  279 G    4 -6 -4 -4 -2 -3 -6  3 -6 -4 -4 -5 -1 -7 -5  4  1 -7 -7 -3   29   0   1   1   1   1   0  24   0   1   2   0   2   0   0  29   9   0   0   2  0.98 0.64
  280 A    1  5  0 -1 -7  1  1 -3 -2 -6 -4  4 -5 -4 -6 -1 -3 -7 -5 -6   12  33   4   4   0   6   7   2   1   0   2  21   0   1   0   4   1   0   0   0  0.85 0.55
  281 S    3  0 -4 -3 -3  0 -1 -4 -2  3  1 -1  2 -2 -4 -1  0 -2  0  1   22   5   0   2   0   3   5   0   1  15  14   3   5   1   0   4   6   1   4   8  0.27 0.25
  282 L    2 -7 -7 -7 -1 -6 -7 -6 -7  4  2 -7  0 -1 -7 -5 -2 -7 -6  5   14   0   0   0   1   0   0   0   0  21  18   0   2   2   0   0   3   0   0  37  1.09 0.59
  283 I    0 -3 -4 -6 -5 -4 -5 -5 -1  0  0 -6  1  3 -6 -5 -2  6  7  1    7   2   1   0   0   1   1   1   1   5  10   0   3  12   0   1   3   8  34  11  1.08 0.60
  284 K   -2  2  2  5 -7  2  3 -3 -1 -6 -5  0 -6 -7 -4 -1 -2 -4 -3 -7    4  10   9  30   0   9  20   2   1   0   1   6   0   0   1   4   2   0   1   0  0.84 0.53
  285 H   -2 -1  0 -4 -4  1  2 -2  6 -5 -6 -3 -5 -1 -6 -3 -3 -2  7 -4    4   4   4   1   0   6  14   3  20   1   0   1   0   2   0   1   1   0  35   1  1.22 0.68
  286 W   -7 -7 -8 -8 -7 -7 -8 -8 -5 -5 -5 -8 -5  8 -8 -7 -7  7  7 -6    0   0   0   0   0   0   0   0   0   0   0   0   0  58   0   0   0  13  29   0  2.68 1.03

                      K         Lambda
Standard Ungapped    0.1351     0.3197
Standard Gapped      0.0410     0.2670
PSI Ungapped         0.1418     0.3177
PSI Gapped           0.0434     0.2670
