  140         A         R         N         D         C         Q         E         G         H         I         L         K         M         F         P         S         T         W         Y         V    
  1 K   1 -0.132205  0.219269  0.000000  0.001369 -0.441790  0.256077  0.310954 -0.264410 -0.045727 -0.396615 -0.309586  0.336740 -0.157707 -0.396615 -0.153833 -0.021628 -0.132205 -0.376941 -0.244736 -0.286038
  2 G   2  0.073619 -0.137100 -0.036864 -0.172518 -0.385032 -0.167984 -0.169183  0.436365 -0.272861 -0.501764 -0.465020 -0.039697 -0.334887 -0.446837 -0.257762  0.059648 -0.201086 -0.405105 -0.411911 -0.358782
  3 T   3 -0.152048 -0.023739  0.141571  0.130027 -0.477116  0.011090  0.093511 -0.215776 -0.125637 -0.491270 -0.489671  0.063010 -0.326427 -0.479203 -0.278524  0.143865  0.039224 -0.585464 -0.355835 -0.415953
  4 F   4 -0.271959 -0.374435 -0.472761 -0.608659 -0.437487 -0.375299 -0.482622 -0.584748 -0.313446  0.036631  0.053992 -0.415667  0.066907  0.164872 -0.570659 -0.341415 -0.301209 -0.347725 -0.006517 -0.044912
  5 K   5 -0.237530  0.304253  0.064786 -0.213651 -0.717758  0.164508  0.102931 -0.426728  0.258099 -0.738615 -0.621160  0.266206 -0.356476 -0.671216 -0.206629  0.001083 -0.169207 -0.742626 -0.337975 -0.622263
  6 D   6 -0.328338 -0.239980  0.029753  0.374707 -0.772172  0.090330  0.207527 -0.366360 -0.120857 -0.769763 -0.779451  0.021501 -0.500025 -0.761418  0.067873  0.025226 -0.241234 -0.899332 -0.565848 -0.648739
  7 Y   7 -0.209848 -0.358313 -0.174203 -0.316244 -0.567552 -0.192802 -0.190479 -0.427978 -0.056113 -0.496840 -0.513056 -0.272495 -0.364388 -0.185926 -0.423218 -0.007157 -0.092993 -0.426414  0.133876 -0.400894
  8 V   8 -0.121760 -0.398270 -0.544927 -0.670500 -0.587178 -0.281413 -0.331096 -0.829108 -0.649889  0.042700 -0.013777 -0.071554  0.027768 -0.558036 -0.488170 -0.263226 -0.146513 -0.975488 -0.500138  0.200858
  9 R   9 -0.171468 -0.168909 -0.191457 -0.259125 -0.711583  0.064706 -0.082265 -0.484550 -0.430369 -0.705892 -0.613449 -0.042743 -0.343805 -0.855475 -0.160285  0.019375 -0.175351 -0.999994 -0.637526 -0.532274
 10 D  10 -0.351189 -0.212106  0.351799  0.428883 -0.959506  0.222381  0.522295 -0.389929 -0.140404 -1.072403 -1.080937  0.042608 -0.700427 -1.098025 -0.367255  0.180397 -0.188055 -1.232565 -0.808106 -0.863625
 11 R  11 -0.238951  0.270101 -0.190881 -0.394009 -0.961663  0.035628  0.036556 -0.798318 -0.429802 -0.627563 -0.602128  0.199324 -0.333488 -0.915033 -0.646179 -0.026030 -0.130280 -1.228300 -0.744088 -0.510576
 12 A  12  0.129153 -0.321772 -0.192876 -0.431052 -0.657668 -0.178546 -0.241452 -0.488977 -0.536012 -0.853407 -0.787555 -0.173629 -0.487552 -0.979920  0.084601  0.458826  0.013580 -1.301340 -0.836799 -0.689711
 13 D  13 -0.309310 -0.204066  0.016017  0.337500 -0.680519  0.170041  0.428741 -0.703295 -0.466537 -1.107085 -1.088232  0.108714 -0.700315 -1.237731 -0.589433  0.185487 -0.201976 -1.414719 -0.998088 -0.902270
 14 L  14 -0.111932 -0.668280 -0.307186 -0.576269 -0.931637 -0.425486 -0.474877 -0.160724 -0.667502 -0.745020 -0.625398 -0.485381 -0.384754 -0.915985 -0.349907  0.141642 -0.281270 -1.226314 -0.858009 -0.613777
 15 N  15 -0.301141 -0.262120  0.077660  0.254066 -1.242972  0.175485  0.350459 -0.647735 -0.459044 -1.206636 -1.182157  0.027402 -0.742533 -1.308809 -0.186578  0.196580 -0.197247 -1.523353 -1.014453 -0.959352
 16 K  16 -0.266670 -0.514982 -0.494789 -0.411328 -0.915855 -0.230909 -0.252600 -0.979938 -0.838934 -0.738132 -0.719878 -0.126622 -0.417147 -1.220445  0.027390 -0.117972 -0.120948 -1.552048 -1.039388 -0.472631
 17 D  17 -0.341571 -0.485598 -0.157580 -0.036722 -1.187733 -0.117894 -0.001652 -0.625040 -0.450737 -0.973247 -1.048343 -0.205657 -0.713276 -1.015385 -0.580113  0.030053 -0.184352 -1.306366 -0.627723 -0.746093
 18 K  18 -0.311164 -0.083406  0.056038 -0.007036 -1.227572  0.460151  0.264338 -0.578812 -0.430437 -1.272976 -1.157760  0.179462 -0.601958 -1.290034 -0.576845  0.218241 -0.253973 -1.452464 -0.920170 -0.984834
 19 P  19 -0.498745 -0.573432 -0.533045 -0.294066 -1.454759 -0.262049 -0.090891 -1.063743 -0.829847 -1.106881 -1.091801 -0.234041 -0.727513 -1.595726  1.082627 -0.331454 -0.370596 -1.847958 -1.282681 -0.796860
 20 V  20 -0.261176 -0.690382 -0.533835 -0.776646 -1.104699 -0.449419 -0.505371 -0.658229 -0.665909 -0.776770 -0.760270 -0.460681 -0.490306 -0.957077 -0.417243 -0.175695 -0.356999 -1.369720 -0.789538 -0.543009
 21 I  21 -0.244152 -0.701101 -0.424316 -0.845094 -0.977736 -0.598952 -0.664588 -0.553093 -0.679367 -0.536686 -0.635574 -0.561916 -0.419190 -0.852302 -0.977614 -0.095987 -0.372164 -1.380929 -0.798701 -0.441609
 22 P  22 -0.194858 -0.763825 -0.626115 -0.477439 -1.332077 -0.236892 -0.268194 -0.853207 -0.898433 -1.302474 -1.201986 -0.372201 -0.770011 -1.692172  1.386949 -0.049497 -0.205790 -1.867237 -1.328100 -0.885349
 23 A  23  0.152039 -0.582253 -0.474817 -0.822049 -1.017357 -0.396361 -0.517858 -0.495532 -0.749498 -0.767839 -0.779110 -0.536495 -0.464144 -1.013287 -0.900709  0.094014 -0.174535 -1.525436 -0.881919 -0.519286
 24 A  24  0.077258 -0.210701 -0.214794 -0.809594 -0.916363 -0.178784 -0.433993 -0.541624 -0.586253 -1.176139 -1.013485 -0.162237 -0.622968 -1.202971 -1.039318  0.340122 -0.156853 -1.573186 -0.866425 -0.936117
 25 A  25 -0.168566 -0.324775 -0.358369 -0.706067 -1.183877 -0.116397 -0.188829 -1.009165 -0.685291 -1.134425 -0.982420  0.162445 -0.542914 -1.480725 -0.379349  0.174717 -0.134820 -1.817824 -1.154412 -0.798220
 26 L  26 -0.446206 -0.148522 -0.283339 -0.783346 -1.629432 -0.200250 -0.366397 -0.685151 -0.657114 -1.409599 -1.184967  0.121167 -0.724431 -1.607686 -0.284886 -0.113426 -0.509306 -1.863314 -1.200326 -1.114385
 27 A  27 -0.266271 -0.464125 -0.455832 -0.630132 -1.455333 -0.221395 -0.274118 -1.029402 -0.889632 -1.158186 -1.040964 -0.083936 -0.664246 -1.505080 -0.137615  0.067803 -0.179276 -1.958798 -1.225206 -0.859594
 28 G  28 -0.115819 -0.234641 -0.139051 -0.660510 -1.450457 -0.203286 -0.289458 -0.181860 -0.843776 -1.792016 -1.607876  0.137950 -1.005690 -1.867564 -0.373241  0.332300 -0.435747 -1.950321 -1.488438 -1.383949
 29 Y  29 -0.478502 -0.363817  0.076580 -0.610853 -1.488301 -0.200440 -0.378565 -0.842531 -0.303668 -1.520287 -1.397152 -0.209559 -0.838334 -1.188866 -0.800920  0.249813 -0.174258 -1.618422 -0.647984 -1.293529
 30 T  30 -0.418119 -0.568467 -0.256956 -0.764711 -1.600234 -0.196640 -0.395560 -0.639994 -0.552380 -1.366201 -1.335543 -0.296887 -0.836403 -1.619285 -0.504097 -0.065435 -0.275798 -1.895256 -1.066509 -0.955179
 31 G  31 -0.176703 -0.193253  0.217958 -0.680095 -1.866268 -0.427932 -0.500198  0.761615 -0.496169 -2.202835 -2.023133 -0.228681 -1.366574 -1.977179 -0.896273  0.149097 -0.736160 -2.032495 -1.569630 -1.768376
 32 S  32 -0.251625  0.058782  0.372038 -0.394670 -1.716147 -0.144703 -0.280290 -0.023340 -0.770219 -2.051511 -1.835688  0.096191 -1.149324 -2.079050 -0.851768  0.639570 -0.270716 -2.324013 -1.740128 -1.769059
 33 G  33 -0.396429 -0.222881 -0.013601 -0.873426 -1.654897 -0.461777 -0.752623  0.933389 -0.918429 -2.349297 -2.093051 -0.178806 -1.361224 -1.929994 -1.417071  0.013141 -0.846274 -1.816084 -1.640875 -1.892286
 34 P  34 -0.514526  0.069933 -0.251222 -0.705450 -1.890365  0.661967  0.033438 -1.157638 -0.778303 -1.793161 -1.431546  0.433035 -0.686810 -2.133991 -0.219842  0.050285 -0.233773 -2.185507 -1.457735 -1.278190
 35 I  35 -0.550598 -1.596797 -1.585646 -2.034429 -0.990385 -1.508863 -1.743255 -2.474020 -2.002557  1.346935  0.922787 -1.490754  0.509495 -0.659589 -1.687128 -0.871726  0.022869 -2.142341 -1.074564  1.109916
 36 Q  36 -0.860764  0.889776 -0.124842 -0.797915 -2.057280  1.603683  0.441071 -1.594160  0.659480 -2.020401 -1.492213  0.549709 -0.497044 -1.628868 -1.207038 -0.336655 -0.711032 -1.528904 -0.235588 -1.594087
 37 L  37 -0.877920 -1.769625 -2.553728 -3.331570 -0.929227 -1.730132 -2.530135 -3.325037 -2.510969  1.578806  3.102909 -1.742080  1.569698  0.043717 -2.429731 -1.695100 -0.870746 -1.638472 -0.801200  0.794796
 38 W  38 -2.201523 -2.385034 -3.071130 -3.175864 -1.598921 -1.627361 -2.404879 -1.970027 -1.499303 -1.810284 -1.135165 -2.362132 -0.591118  0.883327 -3.055598 -2.274182 -1.566859  6.826156  1.586531 -1.899194
 39 Q  39 -0.796395  0.206194  0.068666  0.581870 -2.586619  2.366455  1.860700 -1.433279  0.177455 -2.406083 -2.031266  0.483617 -0.836864 -2.365204 -0.703054 -0.006028 -0.830063 -2.122881 -1.148875 -1.728794
 40 F  40 -1.659370 -2.367285 -2.361773 -2.374577 -1.700000 -2.280225 -2.333861 -2.493662 -0.680413 -0.123841 -0.105001 -2.313939 -0.066558  4.536858 -3.205692 -1.622941 -1.644175  0.741982  2.562464 -0.857190
 41 L  41 -0.819150 -1.978596 -2.652853 -3.340523 -0.890246 -1.911972 -2.595170 -3.480945 -2.661795  2.105605  3.066851 -1.911972  1.564503 -0.071096 -2.599642 -1.753665 -0.819150 -1.987539 -0.894717  1.344138
 42 L  42 -0.972418 -0.682717 -1.738259 -2.638228 -1.521152 -0.913977 -1.617199 -2.806027 -0.952454  0.209724  1.051032 -0.961637  0.538003 -0.345480 -2.191971 -1.404179 -0.963172 -1.533333 -0.074780 -0.097706
 43 E  43 -0.616264 -0.267497  0.001087  1.281962 -2.675264  0.967083  2.187365 -1.306452 -0.401222 -2.430039 -2.430518  0.405468 -1.557385 -2.485204 -1.056828  0.053550 -0.645904 -2.708046 -1.784145 -1.756925
 44 L  44 -0.744983 -1.760839 -2.474648 -3.283337 -0.939485 -1.656647 -2.455501 -3.367590 -2.560662  1.646671  2.915773 -1.716877  1.690577 -0.198893 -2.560448 -1.476899 -0.777094 -1.965475 -1.005752  0.931437
 45 L  45 -0.745144 -1.888253 -2.738797 -3.544987 -0.902793 -1.823990 -2.629172 -3.538335 -2.727750  1.799250  3.308987 -1.835617  1.672685 -0.098442 -2.678350 -1.754399 -0.863391 -1.944237 -0.948972  1.037363
 46 T  46 -0.562305 -0.473655  0.030381 -0.022169 -1.766228  0.383955  0.300405 -1.516741 -0.883306 -1.598085 -1.380557 -0.210468 -0.732020 -2.009573 -1.327889  0.305888 -0.022542 -2.524980 -1.620668 -1.302719
 47 D  47 -1.441463 -0.949402  1.310005  3.161949 -2.529668  0.120769  1.202440 -0.931312 -0.436423 -2.663520 -3.091225 -0.240319 -2.178474 -2.659472 -1.160222  0.309030 -0.631300 -3.425711 -2.305865 -2.529338
 48 K  48 -0.566868 -0.564741 -0.471821 -0.421010 -2.508218 -0.158579 -0.005054 -0.761201 -1.133261 -2.672414 -2.506301  0.107715 -1.600002 -2.949283  1.500209  0.070995 -0.709695 -3.031072 -2.265634 -2.001416
 49 S  49 -0.276028 -0.078453  0.476806  0.607592 -2.263160  0.674331  1.264748 -1.061717 -0.609156 -2.264188 -2.158997  0.357920 -1.344011 -2.424721 -1.148945  0.805813 -0.096821 -2.830666 -1.876234 -1.786037
 50 C  50 -1.073195 -1.157772  0.134492 -1.409655 -0.489717 -0.867031 -1.344186 -1.785540  0.112661 -1.292093 -1.188680 -1.172992 -0.550937 -0.660468 -2.174904 -0.452006 -0.713957 -1.627563  0.193229 -1.254789
 51 Q  51 -0.037128 -0.200701 -0.354897 -0.544839 -1.934105  0.264163  0.077059 -0.811673 -0.812812 -2.306222 -2.081998  0.081805 -1.231492 -2.542943 -0.260344  0.381916 -0.468236 -2.773682 -1.884402 -1.724582
 52 S  52 -0.773822 -0.240118  0.751732  0.485206 -2.450952  0.121908  0.439272 -0.660073  0.682549 -2.637809 -2.623805 -0.049086 -1.717886 -2.321946 -1.071035  0.459360 -0.581319 -2.814005 -1.439584 -2.311307
 53 F  53 -0.690450 -2.304432 -2.428450 -2.815172  0.727407 -2.036649 -2.544348 -2.916542 -1.753015  0.615418  0.532002 -2.143842  0.186176  0.480564 -2.722373 -1.324287 -1.017297 -1.313362  0.299822  0.329567
 54 I  54 -0.813321 -2.694539 -2.760342 -2.832047 -0.958036 -2.631509 -2.708480 -3.608705 -2.773740  3.417569  1.797552 -2.646837  0.988691 -0.082688 -2.737702 -1.768295 -0.874844 -2.758092 -0.962094  2.630965
 55 S  55 -0.109447  0.175240 -0.817860 -1.400640 -1.125061  0.027160 -0.371915 -1.515125 -1.077818 -2.055288 -1.632598  0.319371 -0.910025 -2.033517 -1.407729  0.070546 -0.211876 -1.403866 -1.397471 -1.555674
 56 W  56 -2.789743 -2.747506 -3.685572 -3.686270 -1.922446 -1.849473 -2.766890 -1.899993 -1.859019 -2.798266 -1.864743 -2.740959 -0.946004  0.880818 -3.737019 -2.776574 -1.877623  9.945743  1.809591 -2.800627
 57 T  57 -0.266222 -1.058972 -0.619195 -0.686269 -1.666320 -0.323192  0.139435 -1.891216 -1.499399 -0.741946 -1.003786 -0.626084 -0.640122 -1.808623 -1.354289  0.150615  1.259040 -2.418779 -1.632885 -0.078254
 58 G  58 -0.873253 -1.115304  0.724934  1.072256 -2.679948 -0.437059 -0.010791  1.119197 -1.071019 -2.923804 -3.107038 -0.656697 -2.176117 -2.759381 -1.083365  0.152754 -1.045225 -2.885254 -2.419563 -2.443836
 59 D  59 -0.914048  0.937173  0.390208  0.076373 -2.585241  0.571546  0.684067 -1.508461 -0.354610 -2.461963 -2.160780  0.971436 -1.316899 -2.471416 -1.198990 -0.026643 -0.381694 -2.817239 -1.734393 -2.061420
 60 G  60 -0.646281 -0.829123  0.644911  0.382948 -2.630460 -0.057983  0.593489  0.577712 -0.661496 -2.845277 -2.840570 -0.458726 -1.962279 -2.506409 -1.326998  0.324798 -0.661184 -2.421695 -1.882400 -2.219428
 61 W  61 -0.913098 -0.838826 -0.574541 -1.090020 -2.476318 -0.754235 -0.857306  0.313320 -1.258459 -2.353009 -2.019850 -0.510642 -1.198891 -1.401553 -2.007765 -0.485770 -1.206818 -1.067358 -1.337206 -1.966506
 62 E  62 -0.580707 -0.658329 -0.617362 -0.188283 -2.344669  0.551225  1.377487 -2.075550 -0.809319 -1.086602 -1.337439 -0.046549 -0.649179 -2.019722 -1.440756 -0.066676 -0.507794 -2.717840 -1.511650 -0.582581
 63 F  63 -1.867780 -2.727306 -2.782037 -2.781348 -1.971059 -2.709824 -2.671382 -2.866072 -0.989865 -0.093573 -0.074533 -2.729273 -0.049918  5.280647 -3.743070 -1.841156 -1.829100  0.814822  2.607039 -0.977299
 64 K  64 -0.740890  1.084248 -0.502674 -1.370565 -2.426316  0.426264  0.150292 -1.938097 -0.906251 -1.786284 -1.369005  2.174803 -0.633006 -2.256015 -1.448963 -0.321844 -0.789663 -2.693205 -1.533022 -1.202246
 65 L  65 -0.753088 -2.104452 -2.414910 -2.986162 -1.090372 -1.927672 -2.417119 -3.236189 -2.448535  1.827625  1.976823 -1.956857  1.206807  0.112237 -2.627662 -1.291470 -0.704071 -2.120021 -0.770526  1.237363
 66 S  66 -0.537251 -1.310129 -1.411312 -1.988408 -1.387368 -1.022737 -1.120113 -2.547131 -1.885103  0.448892  0.198900 -0.618654  0.213877 -1.261277 -1.870588 -0.822244 -0.075405 -2.481925 -1.263881  0.760616
 67 D  67 -1.626827 -0.780927  1.335724  2.920878 -2.895949  0.353019  1.356533 -1.133115 -0.168061 -2.821217 -3.142363 -0.183038 -2.177165 -2.745405 -1.100825  0.076967 -0.745290 -3.329927 -2.182003 -2.623998
 68 P  68 -0.385855 -0.932706 -0.825209 -0.824679 -2.218452 -0.350808 -0.454498 -1.494967 -1.400420 -2.449033 -2.266891  0.016832 -1.401408 -3.036750  2.708593  0.326963 -0.338994 -3.331425 -2.340644 -1.780387
 69 D  69 -0.941008 -0.371445  0.404090  1.634239 -3.003583  0.782387  2.186346 -1.392948 -0.111710 -2.612911 -2.725518  0.474310 -1.815292 -2.642433 -1.077607  0.016347 -0.839755 -3.091256 -1.897279 -2.008710
 70 E  70  0.211510 -0.110583 -0.728708 -0.366250 -2.347506  0.485425  1.243976 -1.139050 -0.996168 -1.971230 -1.694556  0.388675 -1.131834 -2.313125 -1.295688 -0.009758 -0.695057 -2.680275 -1.823763 -1.247467
 71 V  71 -0.430886 -2.602808 -2.841296 -3.106647 -1.101227 -2.051421 -2.311938 -2.989942 -2.638756  2.145275  1.491223 -2.062887  1.035221  0.075838 -2.429508 -1.840429 -0.539482 -2.175497 -0.556346  2.336850
 72 A  72  3.136853 -0.881296 -1.462201 -1.638382 -0.273331 -0.799975 -0.789022 -0.149665 -1.788881 -1.126025 -1.118841 -0.713158 -0.965832 -1.969285 -0.998907  1.209567  0.240570 -2.861496 -1.932511 -0.277757
 73 R  73 -0.927678  2.484312 -0.024381 -1.033548 -2.817144  1.171844  0.708312 -1.843280 -0.132026 -2.615960 -1.914435  1.830938 -0.928564 -2.600266 -1.537159 -0.462429 -0.852413 -2.660186 -1.622658 -2.215729
 74 R  74 -0.904370 -0.169503 -1.710473 -2.667657 -1.552847 -0.840458 -1.526309 -2.886262 -1.549947  0.043354  1.156245 -0.662179  0.682118 -0.929372 -2.358204 -1.351438 -0.888530 -2.091633 -1.033014 -0.302701
 75 W  75 -2.467604 -2.689466 -3.407932 -3.588187 -1.822706 -1.834407 -2.700696 -2.160062 -1.833513 -2.012180 -1.250451 -2.641549 -0.593590  0.797962 -3.516810 -2.569282 -1.691789  7.804114  1.510153 -2.066929
 76 G  76  0.013746 -1.767820 -0.123185 -0.785644 -2.470191 -1.663323 -1.619384  4.399343 -1.771938 -3.182631 -3.186533 -1.698540 -2.408066 -2.507252 -1.743715  0.020253 -1.594715 -1.928562 -2.542598 -2.402832
 77 K  77 -0.661868 -0.157724 -0.562388 -0.927868 -2.143992  0.390974  0.254850 -1.997125 -0.924464 -1.173076 -0.932867  0.248245 -0.378947 -1.945378 -1.208543 -0.451312 -0.739902 -2.548552 -1.407335 -0.819957
 78 R  78 -0.817213  1.825865 -0.297104 -1.439862 -2.415227  0.913708  0.024588 -1.888767  0.432760 -2.281946 -1.706261  0.813866 -0.805037 -2.091188 -1.435527 -0.603483 -0.883745 -2.212392 -0.834081 -1.977730
 79 K  79 -0.924713  1.401961 -0.148351 -1.039821 -2.628934  0.685105  0.609665 -1.937562 -0.927228 -2.443827 -1.656564  3.654138 -0.841878 -2.331378 -1.140545 -0.060297 -0.730797 -2.570042 -1.554231 -1.673773
 80 N  80 -1.149185 -0.291282  2.759752  0.112879 -2.065164 -0.206067 -0.261799 -0.098380  0.213737 -2.625974 -2.547043 -0.049699 -1.679685 -2.434102 -1.621826  0.664059 -0.422026 -3.010935 -1.629987 -2.426907
 81 K  81 -1.237907  1.566059  1.154864 -0.808830 -2.745290  0.509001  0.230330 -1.397814  0.169853 -2.642860 -2.028859  2.077459 -1.141880 -2.244927 -1.571446 -0.152046 -0.844034 -2.712591 -1.362115 -2.273991
 82 P  82 -0.642364 -0.712027 -0.976970 -0.907831 -2.317531 -0.415983 -0.480410 -1.738133 -1.352590 -2.213397 -2.019898 -0.033500 -1.262559 -2.824378  2.459429 -0.256436 -0.249769 -3.012158 -2.162546 -1.542316
 83 K  83 -0.597742  0.147953  1.094006 -0.078651 -2.205578  0.268544  0.269013 -0.819805  0.017631 -2.418004 -2.197687  0.648544 -1.381907 -2.391475 -1.240860  0.376238 -0.487002 -2.853155 -1.566317 -1.978752
 84 M  84 -0.866586 -1.085980 -1.648247 -2.484569 -0.970420 -0.251098 -1.732300 -2.557201 -1.687101  0.623775  1.281427 -1.024202  3.524702 -0.135410 -1.902750 -0.784468 -0.816832 -0.972311 -0.790117  0.621169
 85 N  85 -1.164178 -0.340471  3.142531  0.376426 -2.233831 -0.273664 -0.188417 -0.710467 -0.144551 -2.200958 -2.196225 -0.199624 -1.545850 -2.456641 -1.425091  0.837587  1.091047 -3.140117 -1.891835 -1.915301
 86 Y  86 -1.724933 -1.892063 -1.834590 -2.571629 -1.847656 -1.038562 -1.817543 -2.713958  1.235533 -0.829561 -0.813777 -1.814408 -0.747452  2.571082 -2.707326 -1.634212 -1.674052  1.293871  5.321505 -0.896427
 87 E  87 -1.048207 -0.598471  0.344387  2.557283 -2.991080  1.135940  2.614961 -1.345663 -0.465103 -2.662521 -2.863707  0.143341 -1.899628 -2.636106 -1.023669  0.138410 -0.805874 -2.999153 -2.022877 -2.143847
 88 K  88 -0.643420  1.072213  0.149203 -0.775533 -2.368015  0.549595  0.544141 -1.649721 -1.005056 -2.398719 -1.784721  3.078372 -0.959813 -2.585841 -0.953205  0.397964 -0.232055 -2.788286 -1.868604 -1.628462
 89 L  89 -1.065036 -1.688228 -2.469892 -3.281514 -1.111463 -1.394638 -2.463068 -3.223993 -2.205353  1.154114  2.370309 -1.695589  2.288036  0.637061 -2.640221 -1.580357 -1.054317 -0.949939 -0.387785  0.588180
 90 S  90  0.804245 -1.115493  0.177744 -0.479741 -0.904819 -0.346377 -0.393202  0.001632 -1.219189 -1.680207 -1.743587 -0.456556 -0.999205 -1.870095 -1.207730  2.270007  0.360474 -2.518017 -1.789699 -1.435336
 91 R  91 -0.890383  4.085077 -0.056327 -1.729588 -2.729160  0.876180  0.072947 -1.856824 -0.018225 -2.713310 -1.843543  1.658828 -0.905693 -2.722078 -1.739585 -0.832710 -0.921657 -2.739607 -1.808380 -2.656804
 92 G  92  1.953868 -0.906615 -0.854639 -1.244619 -0.943573 -0.476193 -0.668595  0.281369 -1.453977 -1.558089 -1.497666 -0.731696 -1.079022 -2.066871 -1.008779  1.013085 -0.157361 -2.633259 -1.874157 -0.853445
 93 L  93 -0.823187 -1.877210 -2.602592 -3.436814 -0.808603 -1.763390 -2.656773 -3.362700 -2.661479  1.591054  2.935750 -1.853298  1.790593 -0.077665 -2.661011 -1.621592 -0.780496 -1.834923 -0.969062  0.908698
 94 R  94 -0.920654  3.682462  0.326348 -1.475323 -2.781200  0.762568  0.062044 -1.600180 -0.081224 -2.781253 -2.011261  1.573385 -1.082441 -2.772100 -1.745610 -0.674174 -0.866709 -2.823333 -1.855486 -2.680433
 95 Y  95 -1.516526 -1.228072 -0.800564 -1.846877 -2.025948 -0.592237 -1.183290 -2.215653  1.106456 -1.190560 -1.165736 -1.206378 -0.858754  0.935087 -2.335513 -1.127252 -1.303800  0.002392  3.299737 -1.140911
 96 Y  96 -1.798151 -1.847220 -1.908262 -2.752712 -1.772970 -1.034916 -1.891024 -2.802482  1.392670 -0.864612 -0.791571 -1.798809 -0.734113  2.664019 -2.836109 -1.774925 -1.804644  1.463099  5.525409 -0.940712
 97 Y  97 -1.353160 -1.652228 -1.627444 -2.456439 -1.436102 -1.016337 -1.781045 -1.993110  0.897123 -1.038831 -0.984740 -1.679018 -0.921574  1.565843 -2.537484 -1.417857 -1.582922  0.771851  4.211858 -0.981202
 98 D  98 -1.066634  0.195509  0.389937  0.971287 -2.642672  0.651509  1.127980 -1.327101 -0.452067 -2.448394 -2.285859  1.003485 -1.421182 -2.296145 -1.201565 -0.028465 -0.806849 -2.765947 -1.734543 -2.035839
 99 K  99 -0.710929  0.996720 -0.082820 -0.997974 -2.295769  0.338870  0.149988 -1.349599 -0.790327 -2.110634 -1.552189  1.805686 -0.831565 -2.264424 -1.304389 -0.110306 -0.404201 -2.294876 -1.623474 -1.554939
100 N 100 -0.848765 -0.437905  1.680164  0.403129 -2.621604 -0.337497 -0.103673  1.220402 -0.478835 -2.894709 -2.870678 -0.218404 -1.983820 -2.636898 -1.542868  0.272777 -0.858369 -2.762611 -2.129952 -2.437496
101 I 101 -0.852388 -2.018240 -1.929199 -2.012176 -1.272526 -1.743906 -1.659274 -2.987785 -2.053049  2.010097  0.929265 -1.886091  0.565557 -0.418790 -2.284923 -1.282666 -0.622300 -2.416909 -0.914259  1.561399
102 I 102 -0.796812 -1.788355 -2.265396 -2.780061 -0.994792 -1.493453 -2.195997 -3.053345 -2.221431  1.832393  1.907759 -1.707923  1.756719 -0.036118 -2.320468 -1.432211 -0.799759 -1.841679 -0.778987  1.380025
103 H 103 -0.468880  0.423710 -0.102793 -0.742207 -2.069666  0.423920  0.361751 -1.479737  0.193092 -1.840316 -1.549008  0.419426 -0.902607 -1.889502 -1.351672 -0.055796 -0.292287 -2.290365 -1.100026 -1.408872
104 K 104 -0.855256  1.552256 -0.099443 -0.925427 -2.568324  0.680301  0.589506 -1.753808 -0.899635 -2.439238 -1.731562  3.457392 -0.891368 -2.606994 -0.759935 -0.096148 -0.785998 -2.713039 -1.794560 -1.699368
105 T 105 -0.197996 -1.909225 -1.804250 -1.898871 -1.211091 -1.258944 -1.156243 -2.281349 -2.112017  1.119695  0.093255 -1.269612  0.252955 -1.127703 -1.331077 -0.993059  0.318948 -2.448619 -1.141477  1.775477
106 A 106 -0.397409 -0.183530 -0.272867 -0.262812 -2.135234  0.114994  0.225881 -1.102102 -0.135615 -1.988902 -1.883467  0.161762 -1.172778 -2.153398 -0.482776 -0.079071 -0.764827 -2.598513 -1.440734 -1.541333
107 G 107 -0.022225 -1.286276  0.000326 -0.775397 -2.160591 -1.305779 -1.318323  3.517778 -1.427241 -2.781792 -2.742293 -1.185783 -2.024920 -2.170419 -1.498249  0.178540 -1.145716 -1.655546 -2.141827 -2.109204
108 K 108 -0.809319  1.563309 -0.037921 -0.522575 -2.549071  1.774021  1.134186 -1.697793 -0.293801 -2.395676 -1.723583  2.044583 -0.646387 -2.441127 -1.077168 -0.154956 -0.810756 -2.296127 -1.387312 -1.772368
109 R 109 -0.875247  2.888752 -0.082034 -1.399426 -2.393947  0.635117  0.073083 -1.703866 -0.288748 -2.352833 -1.588312  1.876854 -0.825661 -2.351851 -1.423008 -0.614062 -0.760210 -2.298168 -1.571674 -2.149402
110 Y 110 -1.204453 -1.703514 -1.815809 -2.595305 -1.283462 -1.351284 -1.987663 -2.625781 -0.546129  0.180288  0.803589 -1.689882  0.252179  1.290460 -2.533368 -1.356370 -1.172465 -0.242386  1.731290 -0.273234
111 V 111  0.173970 -1.543945 -1.522933 -1.811953 -0.796850 -1.102535 -1.201516 -1.827630 -1.811575  0.656308 -0.017668 -1.168851  0.112216 -1.202580 -1.471993 -0.638942  0.506675 -2.220592 -1.121696  1.284837
112 Y 112 -1.645529 -1.748369 -1.787953 -2.527351 -1.575019 -0.940467 -1.746023 -2.466010  1.268811 -0.881570 -0.844587 -1.748985 -0.783470  2.393739 -2.586533 -1.662433 -1.644562  1.815989  5.208746 -0.914322
113 R 113 -0.835538  1.899450  0.020862 -0.869448 -2.364535  1.481456  0.649195 -1.614796 -0.206015 -2.412921 -1.678634  2.133284 -0.677145 -2.370257 -1.175265 -0.286518 -0.849066 -2.253907 -1.315586 -1.875107
114 F 114 -1.610890 -2.455152 -2.447910 -2.486783 -1.591308 -2.425372 -2.463884 -2.491693 -0.844058  0.004557  0.019165 -2.443864  0.026091  4.737110 -3.271455 -1.595710 -1.615575  0.730821  2.399700 -0.798163
115 V 115 -0.255049 -1.244811 -0.890906 -1.361146 -1.078754 -0.998457 -1.133011 -0.885015 -1.518092 -0.024488 -0.219139 -0.880702 -0.090999 -1.098290 -1.489532 -0.470197 -0.330530 -1.940638 -1.176975  0.244461
116 S 116 -0.486143 -0.711898 -0.582621 -0.495336  0.040892 -0.483306 -0.372055 -1.149649 -0.847589 -1.575507 -1.497973 -0.336255 -1.009774 -1.502642 -0.944931 -0.222586 -0.622942 -1.854926 -1.258219 -1.289093
117 D 117 -0.847722 -0.814693  0.480346  0.995390 -1.819785 -0.157994  0.302492 -0.986358 -0.648500 -1.547826 -1.684328 -0.433597 -1.071195 -1.666366 -0.741105  0.040501 -0.301163 -2.323956 -1.438109 -1.370395
118 L 118 -0.370121 -1.231104 -1.443787 -1.472855 -1.359326 -0.816829 -1.050192 -1.652092 -1.354655 -0.467856 -0.351890 -0.795893 -0.255531 -0.965065  0.340447 -0.660441 -0.612018 -1.828821 -0.860511 -0.264436
119 Q 119 -0.652164 -0.143834 -0.133370 -0.302717 -1.768225  0.378231  0.387654 -1.316427 -0.186499 -1.348087 -1.018468  0.243933 -0.609697 -1.534781 -0.792512 -0.156700 -0.477540 -1.826422 -0.988857 -1.072730
120 S 120 -0.078339 -0.726761  0.036551 -0.089186 -1.461697 -0.248427 -0.158675  0.215069 -0.817479 -1.387662 -1.432031 -0.453537 -0.964863 -1.594598 -0.928636  0.262281 -0.435970 -1.877015 -1.405116 -1.058550
121 L 121 -0.656047 -0.969810 -1.536921 -1.978350 -0.826294 -0.945064 -1.439862 -2.080773 -1.485556  0.696025  1.224282 -0.976480  0.771329 -0.215121 -1.639748 -1.029193 -0.531868 -0.816136 -0.498259  0.372348
122 L 122 -0.391814 -0.822029 -1.181656 -1.464039 -0.893043 -0.670768 -0.923389 -1.609499 -1.083855  0.342693  0.430822 -0.479901  0.429581 -0.132135 -1.273419 -0.680495 -0.492765 -1.154445 -0.354709  0.336416
123 G 123 -0.198987 -0.454927  0.647250 -0.154027 -1.165531 -0.205591 -0.235277  0.331814 -0.454633 -1.276297 -1.288002 -0.301165 -0.820972 -1.296273 -0.805910  0.465756 -0.152577 -1.510407 -1.066348 -1.045116
124 Y 124 -0.404932 -0.778965 -0.802492 -0.977481 -0.797119 -0.400189 -0.674517 -1.225377 -0.327644 -0.191607 -0.221531 -0.722890  0.012932 -0.163322 -1.039566 -0.483231 -0.571663 -0.792592  0.266714 -0.170781
125 T 125  0.077442 -0.430162 -0.106528 -0.132079 -0.669763 -0.076493 -0.043161 -0.649002 -0.692832 -1.006693 -0.996216 -0.119551 -0.631361 -1.303287 -0.156042  0.428811  0.175117 -1.564595 -1.095236 -0.713189
126 P 126  0.038153 -0.606446 -0.531360 -0.316411 -1.020826 -0.241766 -0.189747 -0.618196 -0.603479 -0.952601 -0.917045 -0.436345 -0.654234 -1.074398  0.285048 -0.126317 -0.318742 -1.438438 -0.885702 -0.663845
127 E 127 -0.281500 -0.412563 -0.257152 -0.148094 -1.070682 -0.098617  0.099260 -0.803608 -0.613670 -0.763129 -0.679480 -0.122893 -0.418900 -0.997561 -0.410651 -0.024330 -0.276988 -1.322163 -0.884264 -0.612028
128 E 128 -0.424417 -0.080283  0.260733  0.532119 -1.351352  0.498736  0.875437 -0.671400 -0.136163 -1.190242 -1.158297  0.094628 -0.716809 -1.227550 -0.530307  0.158938 -0.225122 -1.397931 -0.868904 -0.956999
129 L 129 -0.331040 -0.742068 -0.968126 -1.177311 -0.661715 -0.494895 -0.801736 -1.383863 -0.960234  0.374268  0.654336 -0.675879  0.434530 -0.389285 -0.757169 -0.592304 -0.382170 -1.068782 -0.528155  0.250460
130 H 130 -0.462456 -0.061714  0.097481 -0.297999 -1.063593  0.104920  0.047022 -0.625878  0.694323 -0.935784 -0.850525 -0.163172 -0.500972 -0.427906 -0.772578 -0.074209 -0.457632 -0.850152 -0.017223 -0.880790
131 A 131 -0.126953 -0.221857 -0.086113 -0.421377 -0.795479 -0.167006 -0.198929 -0.536477 -0.143326 -0.768920 -0.701809 -0.130205 -0.451579 -0.719829 -0.171343  0.026312 -0.183578 -1.034790 -0.450579 -0.610326
132 M 132 -0.195015 -0.446179 -0.525050 -0.769428 -0.546151 -0.276837 -0.478584 -0.899396 -0.542026  0.001849  0.205070 -0.369780  0.246704 -0.298719 -0.648654 -0.179150 -0.166425 -0.789127 -0.383909 -0.038789
133 L 133 -0.191355 -0.641476 -0.746123 -0.911921 -0.419519 -0.411890 -0.642782 -0.956625 -0.753302  0.390370  0.430691 -0.552067  0.284552 -0.215207 -0.696606 -0.460245 -0.139662 -0.717102 -0.265811  0.398909
134 D 134 -0.251291 -0.063136  0.029095 -0.080253 -0.723160 -0.016372  0.012152 -0.192409 -0.265958 -0.715346 -0.670283  0.122101 -0.435821 -0.721591 -0.377799 -0.049204 -0.222782 -0.796305 -0.512767 -0.553889
135 V 135 -0.013645 -0.478777 -0.511290 -0.575786 -0.430773 -0.331555 -0.338805 -0.578894 -0.471963  0.037043 -0.058129 -0.345535 -0.035680 -0.128141 -0.553979 -0.198808 -0.154425 -0.608644 -0.177181  0.120914
136 K 136 -0.073580  0.119636 -0.000378 -0.136060 -0.635741  0.343676  0.211590 -0.411452 -0.198499 -0.606706 -0.492795  0.330263 -0.220378 -0.700016 -0.313125  0.125995 -0.085010 -0.753328 -0.462415 -0.414542
137 P 137 -0.058626 -0.287457 -0.292264 -0.198022 -0.535274 -0.151663 -0.154491 -0.333776 -0.376697 -0.584893 -0.570067 -0.109611 -0.373667 -0.754305  0.935999 -0.017375 -0.129392 -0.808858 -0.588714 -0.406406
138 D 138 -0.240800 -0.266002 -0.029155  0.356944 -0.603356  0.042989  0.242371 -0.292159 -0.213860 -0.572874 -0.616406 -0.104329 -0.421191 -0.631018  0.251322 -0.048063 -0.158833 -0.664991 -0.499773 -0.453153
139 A 139 -0.013609 -0.090663 -0.009980 -0.092258 -0.324239  0.071024 -0.008463 -0.200641 -0.113943 -0.357315 -0.318821 -0.037423 -0.170560 -0.406495  0.076898  0.116265  0.004233 -0.464654 -0.288047 -0.266540
140 D 140 -0.124904 -0.066498  0.060329  0.295490 -0.280891  0.111694  0.253567 -0.120689 -0.034395 -0.249298 -0.277696  0.003195 -0.184895 -0.249298 -0.086804  0.003705 -0.079394 -0.281401 -0.194597 -0.208003
