  100         A         R         N         D         C         Q         E         G         H         I         L         K         M         F         P         S         T         W         Y         V    
  1 G   1  0.000000 -0.332392  0.000000 -0.166196 -0.498588 -0.332392 -0.332392  0.997176 -0.332392 -0.664784 -0.664784 -0.332392 -0.498588 -0.498588 -0.332392  0.000000 -0.332392 -0.332392 -0.498588 -0.498588
  2 D   2 -0.332392 -0.332392  0.166196  0.997176 -0.498588  0.000000  0.332392 -0.166196 -0.166196 -0.498588 -0.664784 -0.166196 -0.498588 -0.498588 -0.166196  0.000000 -0.166196 -0.664784 -0.498588 -0.498588
  3 R   3 -0.166196  0.830980  0.000000 -0.332392 -0.498588  0.166196  0.000000 -0.332392  0.000000 -0.498588 -0.332392  0.332392 -0.166196 -0.498588 -0.332392 -0.166196 -0.166196 -0.498588 -0.332392 -0.498588
  4 G   4 -0.185979 -0.517642  0.092990  0.392106 -0.776463 -0.331663 -0.145683  0.901998 -0.424652 -0.942294 -1.035283 -0.424652 -0.776463 -0.776463 -0.424652  0.000000 -0.424652 -0.703621 -0.776463 -0.776463
  5 P   5 -0.073571 -0.425017 -0.239767 -0.166196 -0.591213 -0.166196 -0.166196 -0.332392 -0.425017 -0.683838 -0.683838 -0.166196 -0.425017 -0.850034  1.070747  0.204303 -0.073571 -0.942659 -0.683838 -0.517642
  6 E   6 -0.258821  0.000000  0.000000  0.517642 -1.035283  0.517642  1.294104 -0.517642  0.000000 -0.776463 -0.776463  0.258821 -0.517642 -0.776463 -0.258821  0.000000 -0.258821 -0.776463 -0.517642 -0.517642
  7 F   7 -0.424652 -0.590848 -0.590848 -0.590483 -0.610631 -0.405234 -0.497859 -0.683473 -0.073936 -0.371594 -0.371594 -0.497859 -0.278604  0.345155  0.080227 -0.424652 -0.424652 -0.113502  0.589024 -0.351810
  8 E   8 -0.258821 -0.185250 -0.185250  0.239767 -0.942659  0.239767  0.738355 -0.517642 -0.185250 -0.776463 -0.776463  0.073571 -0.517642 -0.869087  0.482178 -0.092625 -0.258821 -0.869087 -0.610267 -0.517642
  9 L   9 -0.400683 -0.615387 -0.923080 -1.044794 -0.679652 -0.429408 -0.458132 -1.416752 -0.923080  0.336418  0.951805 -0.522397  0.429408 -0.278969 -1.016070 -0.615387 -0.400683 -0.894355 -0.493672  0.121714
 10 G  10 -0.376349  0.130732  0.851172 -0.209584 -1.202049 -0.239767 -0.332392  0.811926 -0.190530 -1.368245 -1.275620 -0.147142 -0.874937 -1.202049 -0.801366  0.049237 -0.425017 -1.177715 -0.967562 -1.202049
 11 T  11  0.122340 -0.799705 -0.319224 -0.596068 -0.451131 -0.503078 -0.503078 -0.750572 -0.872912  0.123677 -0.224897 -0.503078 -0.102557 -0.646678 -0.706716  0.539183  0.488372 -1.280187 -0.727975  0.208576
 12 L  12 -0.642348 -1.099447 -1.278671 -1.272646 -0.734973 -0.914197 -1.186047 -1.921020 -1.463921  0.636323  1.457896 -1.006822  0.636323 -0.277874 -1.463921 -0.914197 -0.549724 -1.284697 -0.734973  0.179224
 13 P  13 -0.713237 -1.333850 -1.333850 -0.805862 -1.769213 -0.805862 -0.805862 -1.333850 -1.148600 -1.583963 -1.583963 -0.805862 -1.055975 -1.556202  3.325415 -0.713237 -0.713237 -2.019326 -1.306089 -1.148600
 14 R  14 -0.228780  2.234998 -0.359369 -1.393553 -1.704371  0.461953 -0.144015 -1.325945 -0.419934 -1.627964 -0.964992  1.041627 -0.499422 -1.836103 -1.272557 -0.477852 -0.606063 -2.014008 -1.313624 -1.499753
 15 D  15 -1.023208 -0.639799  0.415449  2.359103 -1.966351  0.150134  1.132376 -0.985319 -0.742561 -1.915902 -2.189489  0.251685 -1.581730 -2.008527 -0.700384  0.092625 -0.144635 -2.423976 -1.816217 -1.630967
 16 P  16 -0.717329 -0.988104 -1.098933 -0.568478 -2.304076  0.365889 -0.194731 -1.510702 -1.174978 -2.342098 -2.155225 -0.381604 -1.174978 -2.910576  3.754448 -0.416388 -0.717329 -2.761725 -1.968351 -1.586747
 17 E  17 -0.887257 -0.187768  0.093884  1.962283 -3.079611  1.398979  3.685216 -1.492863 -0.093884 -2.380121 -2.474005  0.605606 -1.680631 -2.380121 -0.793374  0.000000 -0.793374 -2.474005 -1.680631 -1.680631
 18 D  18 -1.391000 -1.435707  0.442153  3.655931 -2.403564  0.005522  1.385182 -0.946630 -0.699048 -2.365572 -2.976591 -0.673743 -2.183217 -2.433722 -0.012599 -0.057069 -0.779981 -3.074995 -2.234506 -2.213471
 19 L  19 -0.716607 -0.635902 -1.027318 -0.822200 -2.166681 -0.167590  0.275589 -2.103538 -1.308445 -1.319033 -0.803342 -0.200798 -0.669710 -2.046586  0.316908 -0.477041 -0.253483 -2.502733 -1.728271 -0.958542
 20 E  20 -0.010350 -0.073921 -0.395990  0.248881 -2.422953  0.718376  1.902492 -1.303023 -0.707233 -2.243823 -2.080006  0.978936 -1.354782 -2.478674 -0.123170  0.343725 -0.577799 -2.694250 -1.827163 -1.450449
 21 D  21 -0.717031 -1.157754  0.006299  1.541616 -2.248216 -0.299814  0.462783 -0.473302 -1.192616 -2.399529 -2.643110 -0.339370 -1.893102 -2.577102  0.267800  0.205852 -0.315382 -2.904722 -2.304912 -1.917271
 22 G  22  0.207383 -0.208258 -0.179184 -0.723133 -1.875548  0.168181 -0.366684  0.771116 -0.989507 -2.373699 -2.122557 -0.289987 -1.244621 -2.307636 -0.538996  0.569290 -0.642222 -2.186278 -1.834861 -1.820252
 23 P  23 -0.780929 -0.901449 -1.452473 -1.442474 -1.971430 -0.693351 -1.007610 -1.843100 -0.924733 -1.618236 -1.366068 -0.742588 -0.996251 -1.694901  2.159162 -0.924792 -0.793586 -2.024288 -0.677865 -1.213436
 24 C  24 -0.267787 -0.883254 -0.773594 -1.235719  2.892633 -1.002521 -1.248059 -1.695909 -1.316220 -1.412961 -1.305818 -0.944813 -0.952201 -1.844843 -1.815599 -0.131707 -0.552242 -1.998327 -1.570997 -1.305453
 25 G  25 -0.211549 -0.351972  0.399651  0.681923 -1.710395  0.005021  0.475089 -0.024218 -0.739609 -1.978798 -2.028036 -0.137205 -1.339166 -1.941569 -0.951473  1.004907  0.054980 -2.237617 -1.755955 -1.715830
 26 H  26 -1.152478 -0.312875 -0.077589 -0.486634 -2.216861 -0.345085 -0.044992 -0.860904  2.002828 -1.932772 -1.903449 -0.706300 -1.290067 -0.393878 -1.650775 -0.661044 -1.287280 -1.358560  0.245942 -1.889020
 27 S  27 -0.050755 -1.333674 -0.404929 -0.609678 -1.258389 -0.904594 -0.760143 -0.340062 -1.447643 -0.534812 -1.024000 -0.848622 -0.699910 -1.412478 -1.307150  0.597073  0.100269 -2.199178 -1.520915 -0.354243
 28 S  28  0.261770 -0.899555  0.393461 -0.467847 -1.316502 -0.269116 -0.410810  0.447680 -0.432719 -1.774588 -1.681964 -0.446191 -0.661784 -1.578272 -1.146564  1.872555 -0.036382 -2.100532 -1.446581 -1.610994
 29 H  29 -0.362388 -0.337080 -0.086748 -1.029851 -1.412590 -0.411401 -0.584709 -1.163189  0.990185 -1.888222 -1.795597 -0.588381 -1.209158 -1.434464 -0.824128  0.336095  0.061030 -1.963264 -0.448858 -1.607599
 30 S  30 -0.312936 -0.650195  1.306717 -0.399179 -2.000680 -0.386542 -0.386542  0.163393  1.308226 -2.428426 -2.428426 -0.619055 -1.619397 -1.985287 -1.043811  0.854158 -0.545373 -2.593754 -1.045990 -2.163436
 31 H  31 -0.864221 -0.334125  0.436528 -0.356774 -2.130874 -0.256062 -0.100317 -1.284206  3.437013 -2.260350 -2.323105 -0.826273 -1.651419 -1.447787 -1.467692 -0.255265 -0.471768 -2.121746  0.104818 -2.002036
 32 G  32 -0.340367 -1.078722 -0.452822 -0.705025 -1.836056 -0.479072 -0.778382  0.953809 -0.434671 -2.501633 -2.414702 -0.828260 -1.690201 -1.629347 -1.648827 -0.279570 -1.338295 -1.566474 -0.650862 -1.907716
 33 G  33 -0.446435 -1.284396  0.118775 -0.616755 -2.804020 -0.795657 -0.865452  2.928848 -0.707131 -3.339637 -3.265924 -1.217577 -2.274353 -2.693323 -0.874648 -0.131586 -1.542519 -2.148187 -2.134579 -2.536421
 34 H  34 -1.196770 -0.626599  0.827591 -0.855548 -1.719798 -0.384779 -0.498183 -1.275477  3.278830 -2.477536 -2.399065 -0.955601 -1.566588 -1.278850 -1.915421 -0.120249 -1.056782 -1.138889  0.345942 -2.427088
 35 S  35 -0.288840 -0.851752  0.533969  0.359744 -1.777236  0.222903  0.209760 -0.906034  0.505555 -2.102483 -2.057096 -0.370202 -1.190955 -1.910084 -0.855573  1.591677 -0.159618 -2.712113 -1.261248 -2.034453
 36 H  36 -0.540551 -0.837805 -0.348274 -1.057734 -2.088527 -0.642066 -0.613029 -1.227287  2.288578 -2.174258 -2.188777 -1.062266 -1.557108 -1.416629 -0.184775 -0.438794 -0.719888 -2.186166 -0.184226 -1.778751
 37 G  37 -0.692980 -0.287796  0.648187 -0.558200 -2.509748 -0.561881 -0.634592  0.604290 -1.042997 -2.587965 -2.247329 -0.177121 -1.563900 -2.578033 -1.103835  0.176914 -0.873214 -2.800105 -2.223038 -2.242166
 38 V  38 -0.617966 -1.821812 -0.929831 -1.855641 -1.189521 -1.476324 -1.586244 -2.329016 -1.713875  1.365676  0.430160 -1.524090  0.365495 -0.953400 -1.907452 -0.972548  0.146672 -2.524864 -1.054492  1.510105
 39 S  39  0.156839 -1.154775 -0.520557 -1.005962 -1.144160 -0.553921 -0.518245 -1.235517 -1.240583 -0.776957 -0.369682 -0.633693 -0.255875 -0.741213 -1.519481  1.222606 -0.022225 -2.041051 -1.108971 -0.937354
 40 L  40 -1.023700 -1.343304 -1.692235 -2.057321 -1.356346 -1.104089 -1.579696 -2.766739 -1.267463  0.502640  1.397207 -1.109636  0.949590 -0.287211 -2.149026 -1.286395 -0.942403 -1.789201 -0.673096  0.104157
 41 Q  41 -1.046670  0.717719  0.792825  0.059815 -2.504044  2.373978  1.007214 -1.405715  1.132307 -2.554493 -2.060646  0.431756 -0.733491 -2.270769 -1.182572  0.072784 -0.816654 -2.141628 -0.755103 -2.095651
 42 L  42 -0.825139 -1.686963 -1.882010 -2.806264 -0.967215 -1.686963 -2.271339 -3.090202 -2.314513  1.495223  2.380251 -1.686963  1.119088 -0.333602 -2.370240 -1.310401 -0.263114 -1.977391 -1.010389  0.861610
 43 A  43  0.482698 -0.694701 -0.538661 -0.404353 -1.412041 -0.257269  0.173471 -0.219771 -0.190329 -1.440325 -1.530902 -0.434479 -1.129120 -1.391759 -1.029713  0.109431 -0.606574 -1.810529 -0.812363 -0.912027
 44 P  44 -0.559717 -1.396709 -1.285971 -1.055139 -2.045684 -0.788902 -0.788902 -1.630611 -0.499869 -1.725633 -1.910883 -0.912066 -1.272537 -2.453457  3.086225 -0.735125 -0.571397 -2.812319 -1.568784 -1.029356
 45 S  45  0.779420 -0.279010 -0.224013 -0.747943 -1.674092  0.142140  0.143399 -0.856700  0.144376 -2.169023 -2.039025 -0.193698 -1.248902 -2.224397 -0.584237  1.206437 -0.257890 -2.888459 -1.462873 -1.703754
 46 E  46 -0.283070 -0.654606  0.801564  1.658363 -2.544379  0.718833  2.026500 -0.931568 -0.511364 -2.518501 -2.671712  0.070622 -1.775990 -2.638496 -1.095507  1.021840 -0.359552 -3.219681 -2.124174 -2.024446
 47 L  47 -0.128880 -1.552809 -1.889601 -2.661487 -1.019740 -1.429498 -1.903235 -2.694615 -2.380485  0.656995  1.467939 -1.231695  0.649688 -0.756097 -2.109889 -0.608778  0.345256 -2.201855 -1.264328  0.559268
 48 R  48 -0.122542  0.874273 -0.533742 -1.536704 -2.258994 -0.057168 -0.506694 -0.279015 -0.456903 -2.482230 -2.086684 -0.035961 -1.350220 -1.815704 -1.839132 -0.189616 -1.001700 -1.821164 -0.773024 -2.092393
 49 Q  49 -0.713707 -0.197099 -0.373528 -0.543153 -2.534238  1.453863  0.341246 -1.696182 -0.258700 -2.671628 -2.267789  0.009039 -1.001631 -2.885722  1.238900  0.203286 -0.345142 -2.745443 -1.603516 -1.949707
 50 P  50 -1.040174 -0.687617 -0.932707  0.033651 -2.869275  0.128823 -0.051882 -1.741932 -1.303601 -2.912860 -2.813765 -0.330759 -1.716547 -3.471937  3.357913 -0.513960 -0.898312 -3.545649 -2.560167 -2.242048
 51 K  51 -0.428248  1.694697  0.077171 -0.982925 -2.488743  0.729248  0.609868 -1.548027 -0.910868 -2.700211 -1.926198  3.467162 -0.985482 -2.744977 -1.104861  0.592197 -0.607311 -2.956445 -1.970963 -2.000812
 52 P  52 -0.595923 -0.352926 -0.430991 -0.298006 -2.571572  1.636526  0.684696 -1.626171 -0.915763 -2.694517 -2.277342  0.321959 -0.969899 -3.040977  1.428068  0.432657 -0.372094 -2.846646 -1.905930 -1.881432
 53 P  53 -0.551004 -1.185961 -0.901087 -0.921992 -2.192153 -0.168223 -0.538396 -1.667688 -1.221936 -2.234918 -2.041033 -0.396094 -1.233080 -2.492097  2.268355  0.266642 -0.109695 -2.746841 -1.543559 -1.604676
 54 H  54 -1.525779 -0.014633  0.128126 -0.766055 -2.868292  0.909393  0.713848 -2.200979  3.726459 -2.403789 -2.007842 -0.219950 -1.183754 -1.418913 -1.755795 -0.770313 -1.525779 -1.983213  0.667927 -2.143855
 55 E  55 -0.944597 -0.534015 -0.412783  0.226353 -2.737325  0.500800  1.232742 -1.616531  0.068445 -2.636107 -2.513524 -0.004824 -1.587932 -2.040128 -0.731124 -0.051871 -0.922765 -1.582604 -0.928524 -2.132813
 56 G  56 -0.498328 -1.607627 -0.253422  0.060500 -2.577146 -0.811692 -0.623184  1.823861 -1.550693 -2.569614 -2.816976 -1.286642 -1.986906 -2.573368 -0.955914 -0.025736 -1.281426 -2.520188 -2.391934 -2.005020
 57 S  57  1.178398 -0.753301  0.392751 -0.494037 -0.925485 -0.240556 -0.279253 -0.361118 -1.226038 -1.730408 -1.691711 -0.201859 -0.985482 -2.009660 -1.024179  2.910685  1.338146 -2.814583 -1.970963 -1.451155
 58 R  58 -0.890644  2.730639 -0.055030 -0.832474 -2.634410  0.915041  0.226289 -1.642870 -0.315469 -2.684858 -2.075705  1.125767 -1.084251 -2.777483 -0.780009 -0.500071 -0.810872 -2.828017 -1.916248 -2.512548
 59 A  59  1.409729 -1.281262 -1.455016 -1.739672 -0.681287 -0.885853 -1.070599 -1.237192 -1.497766 -0.025511 -0.327122 -1.103613 -0.307081 -1.374426 -1.405646  0.337423 -0.012610 -2.567937 -1.349899  0.362014
 60 D  60 -1.730548 -1.734006  0.856629  4.595856 -2.735306 -0.092990  1.455037 -0.959992 -0.915227 -2.735306 -3.509319 -0.867003 -2.597551 -2.828296 -0.212618 -0.048224 -0.867003 -3.647075 -2.690540 -2.642316
 61 L  61 -0.724502 -0.757636 -0.958050 -2.249301 -1.342775 -1.034381 -1.691501 -1.986418 -1.734741  0.042495  1.112403 -0.991839  0.616895 -0.953629 -2.084841 -0.729775 -0.284179 -1.996046 -1.293025 -0.280403
 62 V  62 -0.045162 -1.936636 -1.985725 -1.707703 -1.098153 -1.297903 -1.237190 -2.254046 -2.231539  1.250352  0.439271 -1.148269  0.343386 -1.136211 -1.636194 -1.195872 -0.277727 -2.587303 -1.200184  1.781724
 63 A  63  1.022526 -1.152219 -1.138063 -0.918466 -0.276604 -0.767483 -0.572886 -1.076973 -1.555904 -0.463443 -0.643124 -0.885837 -0.587644 -1.467616 -1.089886  0.195532  0.371437 -2.190579 -1.460275  0.067705
 64 E  64 -0.178190 -0.627280 -0.080329  0.215401 -2.348072  0.189582  1.228414  0.383700 -0.713709 -2.104323 -2.099265 -0.231305 -1.329190 -2.086556 -1.104358  0.033234 -0.864154 -2.067104 -1.717178 -1.407029
 65 E  65 -1.000370  0.205506  0.153485  1.319861 -3.240969  1.193915  3.061704 -1.813798  0.310135 -2.640557 -2.627339  0.533008 -1.780453 -2.593030 -1.113487 -0.066804 -0.421105 -2.746514 -1.678489 -1.940246
 66 S  66  1.008163 -0.719022  0.161383  0.131740 -1.145505 -0.320746 -0.091897 -0.460615 -1.191486 -1.752922 -1.839695 -0.407519 -1.268958 -2.128971 -1.040110  1.700111  0.657792 -2.916486 -2.035645 -1.376873
 67 P  67 -0.249807 -1.749499 -1.069732 -1.037415 -2.463579 -1.180639 -1.180639  0.221938 -1.791676 -2.593252 -2.692154 -1.180639 -1.887444 -3.168238  2.873741 -0.475238 -0.989113 -3.175361 -2.598380 -1.696916
 68 E  68 -0.823525  0.125087  0.103948  1.112577 -3.296986  2.630408  3.108376 -1.435176 -0.193479 -2.927498 -2.608932  0.717002 -1.274649 -2.882732 -1.030248  0.294852 -0.882821 -2.593113 -1.697163 -2.045964
 69 L  69 -0.963767 -1.556067 -1.966161 -2.845558 -1.503267 -1.305692 -1.873609 -3.154725 -0.932848  0.746813  1.422153 -1.378323  0.732128 -0.368245 -2.421630 -1.521816 -0.739938 -2.052944 -0.422439  0.525482
 70 L  70 -0.256526 -0.853072 -1.551558 -2.356148 -1.385633 -1.081953 -1.582734 -2.250284 -2.100166  0.102091  0.708267 -0.757220  0.218437 -1.281131 -2.044866 -0.624883 -0.024246 -2.400059 -1.522069  0.039617
 71 N  71 -0.957456 -0.555068  1.438368 -0.435838 -2.683256 -0.047975 -0.325849  0.667045  2.236525 -3.075400 -2.982775 -0.758975 -1.904668 -2.138849 -1.741744  0.366090 -1.148130 -2.427982 -0.771885 -2.727226
 72 P  72 -0.587031 -1.653267 -1.876561 -1.783265 -1.905701 -0.984601 -1.445224 -1.895164 -2.010524 -0.982155 -0.612180 -1.198529 -0.196998 -2.123131  1.944194 -0.898988 -0.886306 -2.753633 -1.962949 -0.659674
 73 E  73  0.089422 -0.369319 -0.179385  0.899570 -2.541358  0.573512  2.032019 -0.517649 -0.696909 -2.439420 -2.482394  0.089503 -1.733145 -2.519556 -1.064086  0.418163 -0.694448 -2.765830 -2.029070 -1.732998
 74 P  74 -0.535937 -0.413171 -0.274675 -0.777284 -1.900990 -0.160069 -0.388192 -1.493926 -0.043491 -2.015472 -1.886250 -0.408747 -1.202545 -2.241271  1.007356  0.214799  0.600019 -2.436950 -1.410754 -1.478928
 75 R  75 -0.721164  0.675469 -0.401227 -0.465002 -2.114757  0.157899 -0.067464 -1.446875 -0.823790 -2.134611 -1.862130  0.388620 -1.136948 -2.474998  0.940304 -0.333713 -0.182503 -2.530542 -1.843384 -1.706752
 76 R  76 -0.667172  1.810153 -0.472014 -1.566764 -2.074386  0.481542 -0.121346 -1.769080 -0.478380 -1.824437 -1.106888  1.803345 -0.163652 -1.691879 -1.404470 -0.514306 -0.864975 -1.927886 -0.905164 -1.473768
 77 L  77 -0.728516 -1.246278 -1.901382 -2.747535 -1.399464 -1.478448 -2.036385 -2.225830 -2.175226  0.429662  1.366386 -1.214641  0.590966 -0.502787 -2.327859 -1.253821 -0.515638 -1.859079 -1.060958  0.180674
 78 S  78 -0.181879 -0.282544  0.221743 -0.248228 -1.726614  0.188505 -0.184261 -0.422359 -0.998143 -1.853161 -1.542599 -0.113229 -0.565974 -1.962598 -1.347070  1.211169 -0.243380 -2.484720 -1.814060 -1.733692
 79 P  79 -0.007547 -0.283756 -0.952309 -1.438879 -1.760471 -0.587837 -0.953914 -1.006791 -1.449352 -1.505435 -1.379774 -0.500728 -0.591326 -2.200758  0.298799 -0.030793 -0.310472 -2.654852 -1.972226 -1.112124
 80 E  80 -0.836233 -0.710116 -0.082904  1.134155 -2.866371  0.371727  1.737939 -0.617933 -0.858734 -2.219341 -2.441952  0.138944 -1.685337 -2.443390 -1.253710 -0.006187 -0.978929 -2.749931 -2.028196 -1.677551
 81 L  81 -0.622720 -1.965689 -2.156985 -2.644240 -1.055291 -1.730055 -2.167799 -2.952440 -2.403433  1.461938  1.791059 -1.730055  0.878021 -0.579998 -1.701319 -1.002671 -0.622720 -2.359564 -1.178515  0.902117
 82 R  82 -0.907865  2.685252 -0.345522 -1.320596 -2.723595  1.207088  0.149612 -1.815730 -0.345522 -2.723595 -1.988491  1.136260 -0.919440 -2.896356 -0.099694 -0.746679 -0.907865 -2.735169 -1.827305 -2.389647
 83 L  83 -0.722251 -0.763821 -1.528774 -1.894963 -1.462872 -0.400061 -0.789735 -2.534955 -1.654837  0.386089  0.920901 -0.265463  0.788247 -0.944780 -1.737246 -1.014995 -0.722251 -1.955393 -1.038606  0.372313
 84 L  84 -0.690703 -0.641720 -1.638413 -2.524196 -1.055229 -1.047985 -1.762950 -2.698184 -1.887487  0.682085  1.671981 -1.001703  1.068574 -0.609057 -2.002938 -1.063161 -0.068017 -1.726212 -1.059772  0.309627
 85 P  85 -0.933719 -1.270071 -0.973821 -0.248414 -2.445720 -0.619368 -0.510638 -1.467236 -1.345076 -2.445720 -2.480736 -0.654384 -1.665496 -3.103785  4.365813 -0.651995 -0.770474 -3.222264 -2.362258 -1.787656
 86 Y  86 -1.591783 -1.354847 -1.313772 -2.170087 -1.748948 -0.503288 -1.316150 -2.327252  2.031715 -1.052177 -1.013480 -1.434618 -0.856315  1.894453 -2.288555 -1.473315 -1.591783  1.156607  4.998249 -1.013480
 87 G  87  0.237788 -0.802877 -0.585129 -0.770745 -0.551285 -0.742313 -0.742313  0.017110 -0.956362 -0.094214 -0.377938 -0.742313 -0.347332 -0.703244 -0.742313 -0.130240  0.063461 -1.036133 -0.784541  0.150441
 88 H  88 -0.612073 -0.425586 -0.160198 -0.690974 -0.938025 -0.365022 -0.365022 -1.037659  1.697516 -0.289280 -0.573004 -0.630409 -0.388914 -0.325952 -0.895797 -0.549112 -0.612073 -0.956362  0.388914 -0.310013
 89 G  89  0.000000 -0.667074  0.000000 -0.333537 -1.000610 -0.667074 -0.667074  2.001221 -0.667074 -1.334147 -1.334147 -0.667074 -1.000610 -1.000610 -0.667074  0.000000 -0.667074 -0.667074 -1.000610 -1.000610
 90 L  90  0.222289 -0.826122 -1.079888 -1.191791 -0.345159 -0.826122 -0.938025 -0.981780 -0.920345  0.376797  0.453177 -0.826122  0.155658  0.194905 -1.017797 -0.388914 -0.345159 -0.790760 -0.230026  0.253271
 91 S  91  0.129239 -0.525718  0.368553  0.439932 -0.644186 -0.077394  0.082149  0.152410 -0.445947 -0.971665 -1.051436 -0.157165 -0.644186 -0.932968 -0.445947  1.155126  0.131616 -1.262824 -0.932968 -0.932968
 92 A  92 -0.439729 -0.576186 -0.161519 -0.746500 -0.860268 -0.434324 -0.576186 -0.198969  0.161945 -1.114033 -0.972171 -0.649899 -0.638128 -0.433669 -1.025017 -0.346321 -0.508544  0.796957  0.009104 -1.002130
 93 W  93 -0.731035 -0.958233 -1.025875 -1.099588 -0.663393 -0.669451 -0.884520 -0.669451 -0.583621 -0.792632 -0.577563 -0.884520 -0.288782  0.546271 -1.253073 -0.509896 -0.515967  2.224386  0.522025 -0.872403
 94 S  94  0.329856 -0.445947  0.291159 -0.038697 -0.484644 -0.038697 -0.038697 -0.077394 -0.445947 -0.853197 -0.853197 -0.038697 -0.445947 -0.891893 -0.097675  1.435515  0.329856 -1.260446 -0.853197 -0.814500
 95 H  95 -0.454056 -0.242366  0.102793 -0.429509 -0.799215 -0.081297 -0.162595 -0.615125  1.567754 -0.797689 -0.797689 -0.348211 -0.532302 -0.101267 -0.694897 -0.029126 -0.454056 -0.447952  0.780772 -0.797689
 96 P  96 -0.268440 -0.451004  0.196324 -0.104319 -0.880513 -0.185616 -0.185616 -0.371233 -0.369707 -0.960284 -0.960284 -0.185616 -0.613599 -1.145901  1.056948  0.214767 -0.105845 -1.306970 -0.878987 -0.774668
 97 Q  97 -0.462999 -0.009617  0.155011  0.414072 -0.923965  0.764890  0.468551 -0.534679  0.508407 -0.923965 -0.852285 -0.002033 -0.391319 -0.776539 -0.381701 -0.073713 -0.381701 -0.778572 -0.249444 -0.770987
 98 F  98 -0.456434 -0.603353 -0.603353 -0.684651 -0.456434 -0.522056 -0.603353 -0.684651  0.015675 -0.081297 -0.081297 -0.603353 -0.081297  1.125409 -0.831570 -0.456434 -0.456434  0.309514  1.009841 -0.228217
 99 E  99 -0.228217  0.081297  0.000000  0.293839 -0.831570  0.700326  0.897193 -0.456434  0.000000 -0.684651 -0.603353  0.228217 -0.293839 -0.684651 -0.228217  0.000000 -0.228217 -0.603353 -0.375136 -0.456434
100 K 100 -0.073206  0.146413  0.000000 -0.073206 -0.219619  0.073206  0.073206 -0.146413 -0.073206 -0.219619 -0.146413  0.366032 -0.073206 -0.219619 -0.073206  0.000000 -0.073206 -0.219619 -0.146413 -0.146413
