
Last position-specific scoring matrix computed, weighted observed percentages rounded down, information per position, and relative weight of gapless real matches to pseudocounts
           A  R  N  D  C  Q  E  G  H  I  L  K  M  F  P  S  T  W  Y  V   A   R   N   D   C   Q   E   G   H   I   L   K   M   F   P   S   T   W   Y   V
    1 G    3 -2 -1 -2 -1 -1 -1  3 -2 -2 -2 -1 -1 -3 -1  1 -1 -3 -2 -1   68   0   0   0   0   0   0  32   0   0   0   0   0   0   0   0   0   0   0   0  0.42 0.00
    2 K   -1  2 -1 -1 -4  1  0 -2 -1 -3 -3  6 -2 -4 -1 -1 -1 -4 -2 -3    0   0   0   0   0   0   0   0   0   0   0 100   0   0   0   0   0   0   0   0  0.73 0.07
    3 Q    0  1 -1 -1 -2  4  1 -2 -1  0 -2  0 -1 -3  1  0  1 -3 -2 -1    7   9   0   0   0  51   0   0   0  11   0   0   0   0   7   7   8   0   0   0  0.33 0.04
    4 Q    1  0  1 -1 -2  5  1 -2  0 -2 -1  0 -1 -3 -2  0 -1 -3 -2 -2   23   0   7   0   0  62   0   0   0   0   8   0   0   0   0   0   0   0   0   0  0.42 0.05
    5 E   -1 -1  0  4 -4  1  5 -2 -1 -4 -4  0 -3 -4 -2  0 -1 -4 -3 -3    0   0   0  25   0   0  75   0   0   0   0   0   0   0   0   0   0   0   0   0  0.80 0.05
    6 S    2 -1  0 -1 -1 -1 -1 -1 -2 -2 -2 -1 -1 -3 -1  4  3 -3 -2 -1   16   0   0   0   0   0   0   0   0   0   0   0   0   0   0  59  25   0   0   0  0.43 0.05
    7 S    1 -1  1 -1 -1  0 -1 -1 -1 -3 -3 -1 -2 -3 -1  5  1 -3 -2 -2    7   0   7   0   0   0   0   0   0   0   0   0   0   0   0  85   0   0   0   0  0.54 0.06
    8 Q   -1  2 -1 -1 -3  4  2 -3 -1  0 -1  1 -1 -3 -2 -1 -1 -3 -2  0    0  18   0   0   0  41  10   0   0  11   0   7   0   0   0   0   0   0   0  13  0.31 0.04
    9 Y   -2 -2 -3 -4 -3 -2 -3 -4  1 -1 -1 -2 -1  2 -3 -2 -2  2  7  0    0   0   0   0   0   0   0   0   0   0   0   0   0   0   0   0   0   0  90  10  1.03 0.08
   10 I   -2 -3 -4 -4 -3 -4 -4 -4 -2  1  1 -3  0  6 -4 -3 -2  0  2  0    0   0   0   0   0   0   0   0   0  12   8   0   0  80   0   0   0   0   0   0  0.76 0.06
   11 H   -1  1  2 -1 -3  2  1 -2  5 -3 -2  0 -2  0 -2  1  0 -2  1 -2    0  11  14   0   0  11   7   0  27   0   0   0   0   6   0  11   7   0   4   0  0.29 0.03
   12 C   -1 -4 -3 -4 10 -4 -4 -3 -4 -2 -2 -4 -2 -3 -4 -1 -1 -3 -3 -1    0   0   0   0 100   0   0   0   0   0   0   0   0   0   0   0   0   0   0   0  1.74 0.10
   13 E   -1 -1  2  2 -3  0  3 -2 -1 -1  0  0  1 -2  1  0 -1 -3 -2 -1    0   0  17   9   0   0  31   0   0   0  11   5  10   0   6   6   0   0   0   4  0.21 0.02
   14 N   -2 -1  7  1 -3 -1 -1 -1  0 -3 -3 -1 -2 -3 -3  0  0 -4 -3 -1    0   0  93   0   0   0   0   0   0   0   0   0   0   0   0   0   0   0   0   7  0.85 0.07
   15 C   -1 -4 -3 -4 10 -4 -4 -3 -4 -2 -2 -4 -2 -3 -4 -1 -1 -3 -3 -1    0   0   0   0 100   0   0   0   0   0   0   0   0   0   0   0   0   0   0   0  1.74 0.10
   16 G    0 -2  2  2 -3 -1 -1  5 -2 -4 -4 -1 -3 -3 -2  1 -1 -3 -3 -3    0   0  10  14   0   0   0  65   0   0   0   0   0   0   0  11   0   0   0   0  0.70 0.04
   17 R   -2  7 -1 -2 -4  1 -1 -3 -1 -4 -3  2 -2 -3 -3 -1 -2 -3 -2 -3    0 100   0   0   0   0   0   0   0   0   0   0   0   0   0   0   0   0   0   0  1.02 0.08
   18 D   -1  0  1  4 -3  2  3 -2 -1 -3 -3  1 -2 -4 -2  0 -1 -4 -3 -3    0   0   7  39   0  10  26   0   0   0   0  11   0   0   0   7   0   0   0   0  0.53 0.03
   19 V   -1 -3 -4 -4 -1 -3 -3 -4 -4  4  1 -3  1 -1 -3 -2 -1 -3 -2  3    0   0   0   0   0   0   0   0   0  54   6   0   0   0   0   0   0   0   0  40  0.45 0.04
   20 S    2 -1  0 -1 -1 -1 -1 -1 -2 -1 -2 -1 -1 -3 -1  4  1 -3 -2  0   18   0   0   0   0   0   0   0   0   0   0   0   0   0   0  72   0   0   0  10  0.40 0.05
   21 A    3 -2 -1 -2 -1 -1 -2  4 -2 -2 -2 -1 -2 -3 -2  1 -1 -3 -2 -1   52   0   0   0   0   0   0  37   0   0   0   0   0   0   0   6   0   0   0   5  0.45 0.04
   22 N   -1 -1  5  0 -3 -1 -1  4  0 -4 -4 -1 -3 -4 -2  0 -1 -4 -3 -3    0   0  64   0   0   0   0  36   0   0   0   0   0   0   0   0   0   0   0   0  0.73 0.06
   23 R   -2  7 -1 -2 -4  1 -1 -3 -1 -4 -3  2 -2 -3 -3 -1 -2 -3 -2 -3    0 100   0   0   0   0   0   0   0   0   0   0   0   0   0   0   0   0   0   0  1.02 0.08
   24 L   -3 -3 -4 -4 -3 -4 -4 -4 -1  0  0 -4  0  7 -4 -3 -3  1  3 -1    0   0   0   0   0   0   0   0   0   0   5   0   0  90   0   0   0   0   5   0  0.94 0.07
   25 A    5 -2 -2 -2 -1 -1 -1  0 -2 -2 -2 -1 -1 -3 -1  1  0 -3 -2 -1  100   0   0   0   0   0   0   0   0   0   0   0   0   0   0   0   0   0   0   0  0.59 0.07
   26 A    4 -1 -1 -2 -1  1 -1 -1 -2 -2 -2 -1 -1 -3  2  2  0 -3 -2 -1   64   0   0   0   0  13   0   0   0   0   0   0   0   0  10  12   0   0   0   0  0.39 0.04
   27 H   -2 -1  0 -2 -4  0 -1 -3  9 -4 -3 -1 -2 -2 -3 -1 -2 -3  1 -4    0   0   0   0   0   0   0   0 100   0   0   0   0   0   0   0   0   0   0   0  1.36 0.10
   28 L   -1 -3 -4 -4 -1 -3 -3 -4 -3  2  4 -3  2  0 -3 -3 -1 -2 -1  2    0   0   0   0   0   0   0   0   0  14  70   0   0   0   0   0   0   0   0  17  0.45 0.04
   29 Q   -1  0  2  0 -3  4  3 -2  0 -2 -3  0 -1 -3 -2  0 -1 -3 -2 -1    0   0  19   0   0  41  27   0   0   0   0   0   0   0   0   7   0   0   0   7  0.44 0.04
   30 R   -2  5 -1 -2 -4  1  0 -2 -1 -3 -3  4 -2 -3 -2 -1 -1 -3 -2 -3    0  64   0   0   0   0   0   0   0   0   0  36   0   0   0   0   0   0   0   0  0.74 0.06
   31 C   -1 -4 -3 -4 10 -4 -4 -3 -4 -2 -2 -4 -2 -3 -4 -1 -1 -3 -3 -1    0   0   0   0 100   0   0   0   0   0   0   0   0   0   0   0   0   0   0   0  1.74 0.10
   32 L   -2 -2 -3 -4 -2 -2 -3 -4 -2  1  4 -2  4  0 -3 -1 -1 -2  0  0    0   0   0   0   0   0   0   0   0   0  70   0  21   0   0   4   0   0   4   0  0.42 0.04
   33 S    0 -1  3  0 -2  0  2  2 -1 -3 -3  0 -2 -3 -2  2  1 -3 -2 -2    0   0  20   0   0   0  25  14   0   0   0   0   0   0   0  32   9   0   0   0  0.35 0.03
   34 R   -1  6 -1 -2 -4  1  0 -2 -1 -3 -3  2 -2 -3 -2  0 -1 -3 -2 -3    0  81   0   0   0   0   0   0   0   0   0  10   0   0   0   9   0   0   0   0  0.77 0.06
   35 G    0  2 -1 -2 -3 -1 -1  5 -2 -4 -4  2 -3 -3 -2 -1 -2 -3 -3 -3    0  15   0   0   0   0   0  66   0   0   0  20   0   0   0   0   0   0   0   0  0.68 0.04
   36 A    1  4  1  0 -2  1  0 -1 -1 -3 -3  1 -2 -3 -2  2  0 -3 -2 -2   15  48   5   6   0   5   0   0   0   0   0   0   0   0   0  21   0   0   0   0  0.38 0.04
   37 R   -1  5 -1 -2 -4  1  0  0 -1 -3 -3  3 -2 -3 -2 -1 -1 -3 -2 -3    0  65   0   0   0   0   0   6   0   0   0  28   0   0   0   0   0   0   0   0  0.67 0.05
   38 R   -2  6 -1 -2 -4  1  0 -2  0 -3 -2  3 -2 -3 -2 -1 -1 -3 -2 -3    0  88   0   0   0   0   0   0   0   0   0  12   0   0   0   0   0   0   0   0  0.76 0.02

                      K         Lambda
Standard Ungapped    0.1293     0.3212
Standard Gapped      0.0410     0.2670
PSI Ungapped         0.1402     0.3169
PSI Gapped           0.0429     0.2670
