
Last position-specific scoring matrix computed, weighted observed percentages rounded down, information per position, and relative weight of gapless real matches to pseudocounts
           A  R  N  D  C  Q  E  G  H  I  L  K  M  F  P  S  T  W  Y  V   A   R   N   D   C   Q   E   G   H   I   L   K   M   F   P   S   T   W   Y   V
    1 M   -4 -5 -6 -6 -4 -5 -5 -6 -5  3  5 -5  4  0 -5 -5 -3 -4 -3  2    0   0   0   0   0   0   0   0   0  13  58   0  11   4   0   0   0   0   0  15  1.09 0.43
    2 S    1 -5  1 -2 -5 -1 -3 -2 -5 -6 -4 -3 -5 -7 -4  6  2 -7 -6 -3   11   0   7   2   0   3   1   3   0   0   1   1   0   0   1  57  11   0   0   2  1.13 0.65
    3 S    1 -2  1 -1 -2 -2 -1 -2 -2 -3 -2 -1 -4 -4 -1  4  3 -4 -5 -3    9   2   7   3   1   2   3   2   1   1   3   3   0   0   3  38  18   0   0   1  0.60 0.44
    4 P   -1 -3 -3 -3 -7 -6 -1 -2 -3 -5 -5 -1 -5 -8  7 -1  1 -8 -3 -6    5   2   1   1   0   0   4   4   1   1   1   4   0   0  60   5   9   0   1   0  1.59 0.80
    5 E    1  1 -1  0 -2  2  1 -1  0 -3 -3 -1 -2 -3  2  3 -1 -5  0 -2    9   7   3   5   1   9  11   4   2   1   2   2   1   1   9  23   4   0   4   3  0.27 0.27
    6 K    0  1  0 -1 -2  1  1 -2 -1 -2 -2  2 -2 -4 -2  2  2 -2 -2 -1    7   7   4   2   1   7  10   2   1   1   5  12   1   1   2  19  11   1   1   5  0.23 0.23
    7 P   -1 -2 -2 -1  0 -2 -2 -3 -2 -3 -3 -1  0 -3  6  2  1 -2 -3 -1    5   2   2   4   2   2   3   2   1   1   3   3   2   1  40  16   7   1   1   4  0.84 0.51
    8 T    0 -1 -2 -1 -2  1 -1  0  1 -1  1 -2 -1  0  2  2  1 -3 -2 -1    8   3   1   3   1   6   3   6   4   3  16   2   1   3  11  18   7   0   1   3  0.15 0.19
    9 P   -1 -1 -1 -2 -3 -2 -1 -3 -1 -2 -2 -3 -1 -1  6  1  0 -6 -2 -2    5   3   4   2   1   2   3   2   1   2   4   1   2   3  45   9   6   0   2   3  0.90 0.52
   10 N    0  0  3  2 -2  0  1  0 -1 -3 -3  0 -4 -2  0  2  1 -2 -3 -2    7   5  16  10   1   3  10   6   1   1   3   5   0   1   5  15   7   1   1   4  0.24 0.22
   11 G    0 -1  0  0 -1 -1  1  4  0 -4 -3 -1 -2 -3  1  1 -1 -3 -1 -2    6   3   5   4   1   3   8  32   2   1   3   3   1   1   7  11   4   0   3   3  0.37 0.27
   12 G    1  0 -1  0 -2  1  1  1 -2 -2 -3 -1 -2 -3  2  2 -1 -1 -1 -1    9   4   2   6   1   8  10  13   1   2   3   2   1   1   9  18   4   1   2   4  0.20 0.20
   13 I   -1  0 -1  0 -3  0 -1 -2 -1  2  0 -2  1 -2  3 -1  1 -3 -2  1    5   4   2   5   0   4   4   3   1  15   9   2   3   2  15   5   8   0   1  10  0.17 0.16
   14 P   -1 -2 -1 -1 -1  0 -2  0 -2  0 -1 -1 -1 -2  5  1  1 -3  0 -1    3   2   3   3   1   4   2   7   1   5   5   3   2   2  30  10   7   0   4   5  0.42 0.30
   15 H    0  0  0  1 -4  1  3  0  4 -4 -3 -1 -3 -3  1  1  0 -2 -1 -3    7   5   4   7   0   7  17   9  10   0   2   3   0   1   6  11   6   1   2   2  0.28 0.25
   16 D   -1 -1 -1  3 -2  1  3  1 -2 -4 -3 -1 -2 -1  1  1  0 -2 -2 -3    6   3   3  14   1   5  19  13   1   0   2   3   1   2   6  10   7   0   1   2  0.28 0.25
   17 N   -1  1  1  2  0  0  1  1  2 -3 -3  2 -2 -4 -1  0  0 -5 -3 -1    4   9   8  12   2   3  11  13   5   1   2  11   1   0   3   6   6   0   1   4  0.23 0.19
   18 L   -2  0 -3 -1 -3 -2 -1 -4  0  2  1 -1  0  0  2 -2  1 -3  0  2    2   6   0   4   0   1   4   1   3  15  14   4   2   4  11   2   8   0   2  14  0.20 0.19
   19 V   -3  5 -3 -4 -5 -1 -3 -5  0  2  0 -1 -1  0 -4 -2  1 -5 -1  3    1  29   1   1   0   2   1   1   3  13   7   4   2   4   1   3   9   0   2  18  0.55 0.38
   20 L   -2 -1 -2 -2  3 -1 -1 -4 -2  1  2 -1  1 -1 -3 -1  3 -4 -1  2    3   3   2   2   6   2   4   1   1   7  17   3   3   2   1   4  23   0   2  15  0.29 0.25
   21 I   -3 -4 -6 -6  1 -3 -6 -7 -3  4  0 -5 -1 -4 -7 -5 -1 -7 -5  6    2   1   0   0   3   1   0   0   1  24   6   1   1   0   0   0   3   0   0  55  1.40 0.68
   22 R   -2  3  0 -1 -1  0  2 -4  0 -1 -1  2 -3 -2 -3 -1  2 -5 -2  0    2  16   4   2   2   4  17   1   2   3   6  10   0   2   1   5  14   0   1   8  0.30 0.27
   23 M   -4 -1 -4 -5 -4 -2 -4 -4 -3  3  4 -2  2 -1 -5 -4 -3 -5 -3  2    1   3   1   0   0   2   1   2   1  18  44   3   4   2   0   1   1   0   1  16  0.84 0.46
   24 K   -1  2  0 -1 -1  1  2 -2  1 -1 -1  2  0 -1 -2 -1  1 -3  0  0    3  13   4   2   2   5  14   2   4   3   4  13   2   2   2   4   9   0   3   7  0.15 0.16
   25 P   -3  5 -3 -3 -7 -3 -3 -4 -2 -5 -3  5 -2 -7  3 -3 -3 -7 -5 -3    2  30   1   1   0   1   1   1   1   1   3  37   1   0  15   2   1   0   0   2  1.19 0.64
   26 D   -2 -1  1  4 -3  2  0  3  0 -5 -4  0 -4 -2 -1  1  0 -3 -4 -4    3   3   5  20   0   8   6  23   2   0   1   4   0   2   3  11   5   0   0   1  0.45 0.31
   27 E    0  0 -1  1 -3  0  3  0  0 -3 -4  0 -3 -4  3  1 -1 -2 -1 -2    6   5   3   8   0   4  19   7   2   1   1   6   1   1  17  11   4   1   2   2  0.35 0.27
   28 N   -1 -1  3  2 -4  0  1  2  1 -3 -3  1 -3 -3 -2  1  0 -5 -3 -2    4   4  14  10   0   4   8  18   3   1   2   9   0   1   2  12   5   0   0   4  0.30 0.24
   29 G    0 -2 -1 -1 -2 -1  0  6 -2 -4 -3  0 -3 -4 -4  0 -1 -5 -2 -3    8   2   2   3   1   3   5  52   1   1   3   6   1   1   1   6   4   0   2   2  0.83 0.45
   30 R   -1  1 -1 -1 -2 -1 -2  4 -2 -3 -3 -1 -2 -3  3  2  0 -2 -2 -2    3   9   2   4   1   2   3  29   1   2   3   3   1   1  13  14   5   1   1   2  0.40 0.23
   31 F   -6 -7 -7 -8 -6 -7 -7 -7 -4 -1  5 -7 -1  6 -5 -7 -6  6  2 -3    0   0   0   0   0   0   0   0   0   2  46   0   1  32   1   0   0  10   6   1  1.62 0.71
   32 G   -4 -7 -2 -5 -8 -5 -7  8 -3 -9 -9 -7 -8 -5 -5 -6 -7 -8 -5 -8    1   0   2   1   0   1   0  93   1   0   0   0   0   1   1   0   0   0   1   0  2.68 1.08
   33 F   -5 -8 -8 -8 -3 -8 -8 -8 -7  2  1 -8  0  9 -8 -7 -7 -5 -3 -3    1   0   0   0   1   0   0   0   0  10  14   0   2  70   0   0   0   0   0   1  2.34 0.96
   34 N   -2  2  3 -3 -1 -1 -2 -3  0 -4 -4 -1 -3 -4 -5  4  3 -6 -1 -2    3  11  13   1   1   3   2   2   3   1   1   3   1   1   0  33  16   0   3   3  0.64 0.48
   35 V   -4 -7 -7 -7 -6 -7 -7 -8 -7  6  3 -7 -1 -1 -7 -6 -5 -7 -5  4    1   0   0   0   0   0   0   0   0  45  27   0   1   2   0   0   0   0   0  22  1.53 0.70
   36 K    1  3 -2 -4 -3  2 -2 -3  1 -1 -2  2  0 -3 -4  1  0 -3 -3  2   11  18   1   0   0   8   2   2   3   3   3  11   2   1   0  12   5   0   1  18  0.35 0.32
   37 G   -3 -2 -3 -4 -6 -4 -4  7 -6 -5 -7 -2 -6 -7 -6 -3 -2 -7 -7 -7    1   2   1   1   0   1   1  83   0   1   0   2   0   0   0   2   3   0   0   0  2.10 0.93
   38 G   -3 -4 -2 -2 -5 -2 -1  7 -5 -6 -5 -5 -4 -4 -4 -2 -2 -3 -1 -5    2   1   1   2   0   2   4  74   0   0   2   1   1   1   1   2   2   0   2   1  1.67 0.76
   39 Y    0  3 -1 -1 -2  0  0 -2 -1  0 -1  2 -2 -2 -2  0  0 -2 -1  0   10  16   2   3   1   4   6   3   1   6   5  16   1   1   2   7   6   0   2   8  0.16 0.17
   40 D   -3 -2 -1  5 -5 -1  4  1 -4 -3 -3 -1 -3 -5 -3 -1 -2 -5 -4 -3    2   2   2  33   0   2  27  13   0   1   2   3   1   0   1   4   3   0   1   2  0.81 0.47
   41 Q   -2 -1  2 -1 -2  2  0  0  4 -3 -2  0 -1  2 -1  2  0 -2  2 -3    2   3   9   2   1   8   7   8  11   1   4   5   1   8   2  15   5   0   6   1  0.24 0.22
   42 K   -2  0  3  2 -2  2  0  2  1 -3 -3  2 -3 -4 -2  1 -2 -5 -3 -3    2   5  16  12   1   9   6  16   3   2   2  11   1   1   2   9   2   0   1   2  0.35 0.28
   43 M    0 -1 -2 -2  1  1  0 -1  0  0  1  0  4  0 -1  0  0 -3 -1  1    7   2   1   1   3   6   5   5   2   5  14   4  13   3   2   7   5   0   2  10  0.10 0.14
   44 P   -2 -4 -3 -3 -2 -1 -3  4 -3 -4 -3 -2 -5 -3  6 -2 -3 -6 -4 -2    3   1   1   2   1   3   2  26   1   1   3   3   0   1  46   3   2   0   1   3  1.23 0.64
   45 V   -2 -3 -5 -6  2  0 -5 -6  0  5  2 -5 -1  0 -1 -4 -2 -5 -3  3    2   2   0   0   4   4   0   0   2  36  20   0   1   3   3   1   2   0   1  18  0.76 0.43
   46 I   -3 -1 -4 -4 -2 -1 -5 -5 -2  1  0 -2  0  5 -5 -3  1  0  5  2    2   4   1   1   1   3   0   0   1   6   8   3   2  27   0   2   8   1  18  13  0.69 0.41
   47 V   -3 -6 -6 -6 -5 -6 -6 -7 -6  6 -1 -6  0 -4 -6 -5 -4 -6 -5  6    2   0   0   0   0   0   0   0   0  43   5   0   2   0   0   0   0   0   0  45  1.66 0.73
   48 S   -1  0 -2 -2  0  0 -1 -1  0 -3 -2  2 -3 -3 -4  4  1 -2 -2 -1    5   5   1   2   2   3   4   5   3   1   5  12   0   1   0  38   8   1   1   4  0.44 0.36
   49 R   -1  3  0  0  1  0  0 -2  3 -4 -3  3 -1 -1 -3  1  0  1 -2 -3    5  19   4   6   3   2   4   3   8   0   2  21   2   3   1  10   4   2   1   1  0.37 0.28
   50 V   -3 -4 -6 -6  0 -5 -5 -6 -1  5  1 -5  0 -1 -5 -5 -2 -5 -4  5    2   1   0   0   2   0   0   0   2  35  12   0   1   2   0   0   2   0   0  39  1.16 0.55
   51 A    0  1 -1  0 -1  0  0 -2  0  0  0  0  0  2 -2  0  0 -3  0  1    9   8   2   6   1   5   7   1   2   5  11   4   2  10   1   8   7   0   2  10  0.05 0.08
   52 P    0  1 -1  0 -1  0  2 -2  0 -3 -3  2 -1 -5  5 -1 -2 -5 -2 -2    7   9   3   5   1   3  11   2   2   2   2  12   1   0  29   4   2   0   1   2  0.52 0.38
   53 G   -1 -1  2  1  0 -1  0  4  1 -2 -3 -1 -4 -2 -1 -1 -2 -5 -1 -1    3   3   9   9   2   3   7  37   3   2   2   3   0   2   4   3   2   0   2   4  0.44 0.34
   54 T   -1 -2 -3 -4  0  0 -2  4  0 -5 -3 -2  0 -1 -4  3  1  2 -1 -4    3   2   0   0   2   5   3  38   2   0   3   2   2   2   0  22   8   3   2   0  0.63 0.47
   55 P    2 -1 -2  0  2  0 -1 -2 -3  0 -2  0 -1  0  4 -1 -1 -4 -1 -1   22   3   2   5   5   3   2   2   0   5   4   7   2   4  22   3   3   0   2   5  0.32 0.28
   56 A    7 -4 -4 -4 -3 -5 -5 -4 -6 -5 -4 -4 -5 -6 -5 -2 -4 -7 -6 -3   89   1   1   1   0   0   0   1   0   1   1   1   0   0   0   2   0   0   0   1  2.01 0.91
   57 D    2 -2 -2  5 -4  0  3 -1  2 -3 -4 -1 -3 -2 -3  0 -2 -3  0 -3   18   2   1  30   0   3  18   4   5   1   1   3   1   2   0   6   1   0   3   1  0.56 0.34
   58 L   -1  4 -1 -2 -3  3 -1 -3 -2 -1  0  2 -1 -1 -3 -1 -1 -2 -2 -1    4  24   3   1   0  15   4   1   1   4  12  12   1   3   1   4   3   1   1   4  0.33 0.22
   59 C    1 -1 -1  3  5 -1 -1 -1 -1 -1 -2 -1 -2 -1 -2  2  0 -2 -2  0   10   3   3  17  12   1   3   3   2   2   4   3   1   3   2  19   4   0   1   6  0.27 0.16
   60 V    0  0  1  1 -1  0  1  0  1 -1 -1  0  0 -1 -1  0  1  0  0  0    7   5   7  10   1   4   8   6   4   4   6   5   2   2   3   6  10   1   3   6  0.05 0.02
   61 P    2 -3 -2 -2 -4 -2 -1  5 -4 -3 -3 -2 -4 -4  0 -1 -2 -4 -3 -3   19   1   1   1   0   2   3  49   0   1   3   2   0   1   6   4   2   0   1   2  0.83 0.40
   62 R   -1  4 -1 -2 -3  2 -1  3 -1 -3 -1  1 -1 -4 -2 -1 -2 -3 -4 -3    3  24   2   2   1  10   3  27   1   1   6   9   1   1   1   3   2   0   0   2  0.50 0.31
   63 L   -5 -6 -7 -8 -2 -6 -7 -8 -7  3  6 -6  1 -2 -7 -6 -5 -6 -5  0    0   0   0   0   1   0   0   0   0  14  74   0   3   1   0   0   0   0   0   6  1.63 0.71
   64 N   -2  4  0 -3  1  3 -1 -2  0 -3 -1  3 -1  1 -4 -2 -2 -2  0 -3    2  25   5   1   4  17   3   3   2   1   5  18   1   7   0   2   2   0   3   1  0.52 0.36
   65 E    1  0 -3 -2  0 -1  2 -4 -3  1 -2 -1  0 -3  2 -2  0 -5 -3  4   10   6   0   1   2   2  13   0   0   8   2   4   2   0  12   2   6   0   0  28  0.36 0.30
   66 G   -4 -5 -1 -4 -7 -5 -5  7 -2 -8 -7 -4 -4 -8 -7 -4 -6 -7 -5 -8    1   1   3   1   0   0   1  90   1   0   0   1   1   0   0   1   0   0   0   0  2.38 0.95
   67 D   -6 -7 -3  8 -4 -4 -3 -5 -3 -6 -7 -6 -3 -6 -7 -4 -5 -9 -8 -8    0   0   0  93   0   0   1   1   1   0   0   0   1   0   0   1   0   0   0   0  2.85 1.11
   68 Q    0  4 -4 -3 -3  4  3 -4  0 -1 -2  1 -1 -3 -5 -3 -3  0  0  0    8  21   0   0   1  20  20   0   2   4   3   6   2   1   0   0   1   1   4   6  0.57 0.41
   69 V   -5 -7 -7 -8 -5 -7 -7 -8 -7  7  2 -7  0 -4 -7 -6 -5 -7 -5  3    0   0   0   0   0   0   0   0   0  58  21   0   2   0   0   0   0   0   0  19  1.73 0.73
   70 V   -3 -4 -6 -7 -3 -4 -6 -7 -3  3  5 -4  1 -2 -6 -5 -3 -1 -4  3    1   1   0   0   0   1   0   0   1  13  54   1   3   1   0   1   1   1   0  22  1.11 0.54
   71 L    2  0 -1 -2 -2  1  3 -3 -1 -4 -3  1  0 -2 -4  3 -2 -5 -3 -4   18   4   3   1   1   7  23   1   1   0   2   6   3   1   0  25   2   0   1   0  0.51 0.39
   72 I   -3 -7 -7 -7 -5 -7 -5 -8 -7  6 -1 -7 -2 -3 -7 -6 -5 -1 -3  6    2   0   0   0   0   0   1   0   0  37   3   0   1   1   0   0   0   1   1  54  1.73 0.75
   73 N   -5 -4  9  2 -3 -4 -2 -4 -3 -8 -8 -3 -7 -6 -7 -3 -5 -9 -7 -8    0   0  83   9   1   0   2   1   0   0   0   1   0   0   0   1   0   0   0   0  2.55 1.04
   74 G   -3 -4 -1  1 -7 -3 -1  7 -2 -8 -7 -4 -7 -7 -6 -1 -4 -7 -5 -7    2   1   3   7   0   1   4  76   1   0   0   0   0   0   0   4   1   0   0   0  1.77 0.77
   75 R   -1  0 -1 -2 -2  1  1 -4 -1  3 -1  0  0 -2 -4 -2  1 -2 -1  3    4   6   2   1   1   7  12   0   2  17   3   6   2   1   0   1   9   0   2  24  0.30 0.27
   76 D   -2 -2  4  4 -3 -2 -1 -3 -1 -3 -4 -3 -3 -5  1  4 -1 -7 -4 -4    3   2  16  25   1   1   3   2   1   1   2   1   0   0   8  29   3   0   1   1  0.75 0.48
   77 I   -2 -6 -6 -7  1 -5 -6 -7 -6  1  4 -6  3  1 -6 -5  2 -5 -3  4    3   0   0   0   3   0   0   0   0   7  33   0   7   6   0   0  13   0   0  27  0.88 0.48
   78 A    0  2 -1  1 -1  1  3 -3  0 -2 -3  1 -2 -3 -3  1  2 -3 -3 -1    6  12   3   6   1   6  20   1   2   2   2   6   1   1   0  13  12   0   1   4  0.29 0.25
   79 E   -2 -1  3  2 -4 -1  0  4  2 -5 -5  0 -2 -6 -4  1 -1 -1 -3 -5    3   3  16  10   0   3   6  31   5   0   1   5   1   0   0   8   4   1   1   0  0.57 0.36
   80 H    2 -2 -4 -4  1 -2 -2 -4  0  1  2  0  5  0 -4 -1 -2 -1 -1  1   18   2   0   1   3   1   3   1   2   6  18   6  17   3   0   3   1   1   2  11  0.39 0.29
   81 T   -3  0 -1 -2 -3 -3 -2 -5 -2 -4 -3 -2 -2 -5 -1  3  6 -7 -4 -3    1   6   3   2   1   1   2   1   1   1   2   3   1   0   3  22  51   0   0   1  1.11 0.66
   82 H   -5  0 -2 -7 -4  0 -5 -7 10 -8 -4 -5 -2 -1 -6 -4 -5 -7  1 -7    1   5   2   0   1   4   0   0  74   0   2   0   1   2   0   2   1   0   4   0  2.88 1.12
   83 D    1 -1  0  3 -3  2  3 -2  0 -3 -2  0 -1 -4 -3  1 -1 -3 -3 -3   11   3   4  17   1  10  21   3   2   2   5   5   1   0   1   9   3   0   1   1  0.37 0.30
   84 Q   -2  0 -2  2 -2  4  5 -5 -1 -5 -5  0 -3 -2 -6 -2 -2 -7 -4 -4    4   5   2  11   1  19  43   1   1   1   1   5   1   2   0   3   2   0   1   1  1.00 0.59
   85 V    6 -6 -7 -7  0 -6 -6 -5 -7 -1 -2 -6 -5 -3 -5 -3 -3 -3 -6  4   58   0   0   0   2   0   0   0   0   3   3   0   0   1   0   1   1   1   0  30  1.48 0.76
   86 V    0 -4 -5 -5 -3  1 -5 -7 -3  3  0 -5  0 -5 -6 -5 -2 -1 -2  6    6   1   1   1   0   8   0   0   1  17   8   0   2   0   0   0   2   1   2  51  1.07 0.57
   87 L    0  1  3  2 -1  3  2 -3  0 -4 -4  1 -1 -5 -2  1 -1 -6 -4 -4    9   6  12  11   1  16  14   1   2   1   2   9   2   0   1   9   4   0   0   1  0.41 0.31
   88 F    1 -1 -4 -5 -1 -2 -2 -5 -3  2  4  0  3  0 -5 -3 -1 -3 -2  1   11   3   0   0   2   2   2   0   0  13  35   7   7   4   0   1   3   0   1   8  0.48 0.32
   89 I   -4 -5 -7 -7 -4 -6 -6 -7 -7  5  5 -6  2  2 -7 -6 -4 -6 -5  0    1   1   0   0   0   0   1   0   0  34  45   0   5   7   0   0   0   0   0   5  1.37 0.62
   90 K   -2  4 -3 -3 -5  2 -3 -3 -1 -4 -3  6 -3 -6 -5 -3 -1 -6 -5 -4    3  24   1   1   0   7   1   2   2   1   3  47   1   0   0   2   4   0   0   1  1.18 0.61
   91 A    2  0  3 -1 -3  2  0  1 -2 -4 -3  1 -3 -4 -3  2  0 -2 -3 -3   18   5  13   3   0   8   7   9   1   1   2   9   0   0   0  16   5   1   0   1  0.33 0.27
   92 S    3 -3 -2 -3  4 -1 -3  0 -3 -1 -2 -3 -3 -4 -2  3  1 -4 -3 -1   28   1   1   1   8   2   1   8   0   3   4   1   0   1   2  25   8   0   1   5  0.51 0.35
   93 C    0  1 -1 -2  0  0 -1  4 -1 -2 -2  1 -2 -3  1  0  0 -3  0 -1    6   9   2   2   2   4   3  29   1   2   3  10   1   1   7   6   5   0   3   4  0.29 0.19
   94 E   -1  0  1  2 -2  1  2 -1  1 -2 -2  1 -2 -2  0  0 -1 -3  0 -2    5   5   8  13   1   7  16   5   3   2   4   9   1   2   4   6   4   0   3   3  0.19 0.13
   95 R   -1  2  0  0 -1  0  1 -1  0 -1 -1  1  0 -2  0  1  0 -2 -1 -1    5  16   5   4   1   4   8   5   2   3   6   9   2   2   4  11   7   0   2   5  0.11 0.07
   96 H    0  0  0 -1  0 -1 -1 -1  1  1  1 -1  0 -1  0  0  0 -2 -1  1    7   5   5   3   2   3   4   4   5   6  15   4   2   3   5   5   5   1   2  16  0.03 0.04
   97 S    0  0  0  0 -1  1  1  0  1 -1 -1  0 -1 -2 -1  1  2 -2 -1  0    6   4   5   5   1   7   8   6   3   3   4   6   1   2   3  11  16   1   2   6  0.10 0.09
   98 G   -1  0  0 -1 -2 -1 -1  3 -1 -1  2 -1  0 -1 -1 -1 -1 -2 -2  0    4   6   4   3   1   2   3  22   1   3  24   4   2   2   3   3   4   0   1   5  0.16 0.12
   99 E   -2  0 -1  0 -2  2  3 -3  1 -1 -1  0 -1 -3 -2  0  3 -3 -3  0    2   5   3   5   1   9  20   2   3   4   5   4   1   1   2   6  18   0   1   9  0.26 0.21
  100 L   -4 -5 -6 -6 -4 -5 -5 -6 -6  3  4 -5  1 -3 -5 -5 -3 -4 -5  5    1   1   0   0   0   1   1   0   0  12  35   0   2   1   1   1   1   0   0  42  1.24 0.60
  101 M   -1  2 -1 -1 -1  1  0 -3  0  0 -1  1  1 -3 -4  0  2 -4 -3  2    4  10   3   2   1   8   7   1   2   5   6   9   3   1   0   7  12   0   0  18  0.18 0.19
  102 L   -4 -2 -5 -6 -3 -3 -4 -6 -4  1  6 -3  3  0 -4 -3 -2 -5 -2 -1    1   3   1   0   0   1   1   0   0   7  64   2   6   4   1   2   2   0   1   4  1.13 0.57
  103 L   -2 -1 -3 -2 -1  0 -1 -3 -2  1  2  0  0 -2 -2 -1  3 -4 -1  2    2   4   1   2   1   4   5   2   1   7  17   6   2   1   2   5  19   0   2  19  0.24 0.23
  104 V   -3 -2 -6 -5 -2 -4 -5 -5 -5  3  1 -1 -1 -3 -3 -3 -3 -4 -2  6    2   3   0   1   1   1   1   1   0  17  10   4   1   1   1   2   1   0   1  53  1.10 0.57
  105 R   -1  6 -3 -1 -3  2  0 -4 -1 -4 -2  3 -3 -4 -2 -1 -2 -3 -1 -3    6  42   1   3   1   7   5   1   1   1   5  14   0   1   2   5   3   0   2   2  0.81 0.49
  106 P   -3  6 -4 -2 -5 -1 -1 -3  1 -6 -4 -1 -4 -2  5 -2 -2 -4 -1 -5    2  39   1   2   0   2   4   2   4   0   1   4   0   2  26   2   3   0   3   0  1.08 0.60
  107 N   -1  2  3  2 -4  0  1  0 -1 -2 -3  1 -2 -3  1  0  0 -2 -2 -2    4  12  13  13   0   5   7   8   1   2   2   9   1   1   6   8   5   0   1   3  0.24 0.20
  108 A    1  0 -1 -1 -2  0  1  1 -1 -1 -1  0 -2 -2  2  0  0 -2 -1  0   13   4   2   4   1   4  10   9   1   3   5   7   1   1  12   8   5   0   3   9  0.12 0.13
  109 V    0  0 -1  0  0  0  0 -1 -1  1  1 -1  0  0  0  0  0 -1  0  1    9   5   2   5   3   4   7   3   1   8  15   3   1   3   5   6   5   1   4  12  0.02 0.04
  110 Y    0  1 -1 -1 -1  0  0 -2  1 -1 -1  1 -1  0  1  0 -1  0  3  0    8   7   3   2   2   3   6   3   4   4   7   8   1   4   6   9   3   1  13   7  0.09 0.11
  111 D   -1  0  1  3 -4  1  1 -2  0 -3 -3  0 -3 -3  3  2  0 -5 -3 -3    4   5   6  17   0   5   8   3   2   1   3   5   0   1  16  13   6   0   1   2  0.36 0.27
  112 V    0  0 -1  0 -1  0  1 -1  0  0  0  0  0  0  1  0  0  2  0  0    6   6   2   4   1   3   9   5   2   5   9   4   2   5   7  10   4   3   3   8  0.03 0.04
  113 V    0 -1 -1  0 -1  0  0  0 -1  0  0  0  0  1  0  1  0 -2  0  0    8   3   2   4   1   3   4   6   2   5  13   5   3   7   5  12   7   0   3   7  0.02 0.04
  114 E   -1  0 -1  1 -2  1  3 -1 -2 -2 -2  1 -2 -2  3  0  0 -3 -2 -1    4   5   2   8   1   6  22   5   1   2   3   9   1   2  12   5   4   0   2   4  0.28 0.23
  115 E    0  1  0  0 -3  1  4 -3  0 -1 -2  0 -2 -4  0  2  0 -4 -3 -2    7   6   4   5   0   7  25   2   2   4   3   5   1   1   5  15   4   0   1   2  0.31 0.27
  116 K   -1  2  0  0 -3  1  1  0  0 -1 -2  2 -1 -2 -1  1  0 -3  0 -1    4  12   3   5   0   5   8   6   2   5   3  15   2   2   3  10   6   0   4   5  0.13 0.13
  117 L    0 -2 -1 -1  0 -1 -1 -2 -1  1  1 -1  0  0  1  1  0  0 -1  1    6   1   3   3   2   3   3   3   2   7  18   3   2   4   6  15   6   2   2  11  0.09 0.12
  118 E   -1  0 -1  1 -3  1  4 -1  2 -2 -2  0 -2 -4  0  1  0 -5 -4 -1    5   6   3   9   1   6  25   5   5   2   5   5   1   0   4   9   5   0   0   4  0.28 0.24
  119 N   -2  0  1  4 -1  0  3 -1 -2 -3 -2  0 -2 -4  1  1 -1 -1 -3 -2    3   4   7  20   1   4  17   4   1   1   3   6   1   1   7   9   4   1   1   3  0.34 0.26
  120 E    1 -1 -2  1 -3  1  4 -1 -1 -1 -3  0 -2 -2 -1  1  0 -5 -3 -2   12   2   1   6   0   6  32   4   1   4   3   5   1   2   3   9   5   0   1   2  0.39 0.31
  121 P   -1 -3 -2 -1 -4 -2 -3 -3 -1 -4 -2 -1 -2 -2  7  0 -1 -7 -3 -3    5   1   2   3   0   2   2   2   1   1   5   4   1   2  54   7   4   0   1   2  1.26 0.65
  122 D    1 -1  0  3 -3  0 -1  0 -1 -3 -1 -1 -2 -3  1  2  1  1 -1 -2   11   3   4  15   0   4   3   6   1   1   8   3   1   1   6  19   8   2   3   3  0.20 0.20
  123 F    0  1 -1 -1 -3  0 -2 -1  2 -1  0 -1  0  3 -1  1 -1  1  3  0    9   8   2   3   0   4   2   5   5   2   7   3   2  13   3  12   3   2  10   6  0.12 0.14
  124 Q    0  0 -1 -1  0  4  1 -1  0 -2  1 -1  0 -3  0  0  0 -2 -2 -2    7   5   2   3   2  24   7   5   3   2  13   3   3   1   4   7   7   1   1   2  0.24 0.24
  125 Y   -2  0  1  0 -3  0 -2 -2  3 -3 -1  1 -1  1 -2  0  1  0  4 -2    3   6   7   6   0   3   2   3   7   1   8   9   1   6   2   7   8   1  18   3  0.25 0.22
  126 I    0 -2 -2 -1 -3 -1 -1 -2 -2  2  1 -1 -1  0 -1  0  0 -3 -2  2    8   2   1   4   0   3   4   3   1  12  18   4   0   5   3   9   7   0   1  15  0.12 0.13
  127 P   -2 -3 -4 -3 -4 -1 -2 -1 -5 -5 -5 -3 -7 -5  8 -2 -4 -8 -5 -5    3   2   1   2   0   3   3   5   0   1   2   1   0   1  71   4   1   0   0   1  2.02 0.91
  128 E   -2 -1  0  1 -2  0  3 -3  1 -2  0 -1 -2 -3  2  1  0 -5 -3 -2    2   3   4   8   1   4  23   1   3   2  12   4   1   1  10  11   6   0   1   3  0.29 0.25
  129 K    0 -1  0  0 -2  0  1  2  0 -2 -1  0  0 -3  2  1 -1 -3 -3 -1    7   2   3   5   1   5  10  17   3   2   8   6   2   1   9  11   4   0   1   3  0.14 0.14
  130 A    0 -2 -2  1  1 -2 -1 -3 -2 -3 -2 -2 -3  1  3  4  1 -5 -1 -2    9   2   1   8   3   2   3   1   1   1   3   2   0   6  16  29   9   0   2   3  0.46 0.37
  131 P   -1  0 -2  1 -4 -3  1 -1 -2 -4 -3 -1 -4 -4  7 -1 -2 -7 -3 -2    4   6   2   7   0   1   8   4   1   1   2   3   0   1  47   6   2   0   1   4  1.02 0.56
  132 L   -1  1 -1 -1 -1  0 -1 -3  1  1  1 -1  1 -1  0  0  1 -4 -2  1    4  10   3   2   2   4   4   1   4  11  16   4   5   2   5   6   9   0   1   9  0.10 0.12
  133 D    0 -1  0  3  0  0  2  1 -2 -3 -3 -1 -4 -5  0  2  0 -3 -4 -1    9   3   4  16   2   3  14  10   1   1   2   2   0   0   4  18   6   0   0   5  0.30 0.25
  134 S    0  2 -1 -1 -1 -2  1  0 -1 -3 -5 -1 -3 -5  3  4  0 -6 -4 -3    6   9   2   3   2   1  11   8   1   1   0   3   1   0  16  30   4   0   0   1  0.51 0.38
  135 V   -1 -2 -2 -2 -1  0 -1 -2  3  1  2 -1  2 -2 -2  1  0 -1 -1  1    4   2   0   2   1   4   4   3   9   6  22   2   6   1   2  12   6   1   2  11  0.15 0.17
  136 H   -1 -1  1 -1 -5  0 -1  0  5  0 -2 -1 -3 -2  4  0 -1 -5 -2 -1    4   2   7   3   0   5   4   9  18   5   4   3   0   1  19   6   4   0   1   5  0.41 0.28
  137 Q   -1  1 -1  0 -1  2  3  0 -3 -4 -1  1 -1 -5 -1  2 -1 -5 -2 -2    3   7   2   6   1  10  19   8   0   0   5   8   1   0   2  19   4   0   1   2  0.30 0.26
  138 D   -1 -2  1  6 -6 -1  1 -1 -4 -6 -4 -1 -5 -3 -3  2  0 -2 -4 -5    5   1   7  42   0   2   9   4   0   0   1   4   0   1   1  16   7   1   1   0  0.82 0.45
  139 D   -3  0  2  6 -6  3  1 -2  0 -6 -6  0 -5 -6 -4  0 -2 -6 -1 -6    1   4   8  45   0  15   6   2   2   0   0   5   0   0   0   7   2   0   3   0  0.98 0.47
  140 H   -4  1  4 -3 -6  3  0 -5  8 -6 -6  0 -4 -4 -5 -3 -4 -5  2 -6    0   6  18   0   0  16   5   0  43   0   0   5   0   0   0   0   0   0   6   0  1.47 0.56

                      K         Lambda
Standard Ungapped    0.1386     0.3166
Standard Gapped      0.0410     0.2670
PSI Ungapped         0.1573     0.3178
PSI Gapped           0.0481     0.2670
