
Last position-specific scoring matrix computed, weighted observed percentages rounded down, information per position, and relative weight of gapless real matches to pseudocounts
           A  R  N  D  C  Q  E  G  H  I  L  K  M  F  P  S  T  W  Y  V   A   R   N   D   C   Q   E   G   H   I   L   K   M   F   P   S   T   W   Y   V
    1 E   -2 -1  0  5 -5  1  5 -3 -2 -4 -4  1 -3 -5 -3 -1 -2 -5 -4 -4    0   0   3  35   0   5  49   0   0   0   0   8   0   0   0   0   0   0   0   0  0.95 0.21
    2 S    1  0 -1  1 -3  1  1 -2 -2  0 -3  4 -2 -3 -2  1 -1  2 -3 -2   15   0   0   9   0   6   9   0   0   7   0  36   0   0   0  15   0   3   0   0  0.34 0.15
    3 Q   -1 -1 -1 -2 -3  5  1 -1 -2 -2 -3  0 -2 -3 -3 -1  2  6 -2  1    5   0   1   0   0  35   7   3   0   1   0   5   0   0   0   1  15  13   0  12  0.53 0.22
    4 P   -2 -3 -2 -3 -4 -2 -1 -4 -1  0 -1  0 -3 -4  7 -1 -3 -5 -4 -1    1   0   2   0   0   1   4   0   1   6   7   5   0   0  65   4   0   0   0   3  1.41 0.34
    5 A    2  0  1  2 -3  0  3 -1 -1 -2 -2 -1 -2 -4 -2  0 -1 -4 -3  0   23   4   7  10   0   2  29   3   1   1   2   2   0   0   1   5   0   0   0  10  0.30 0.17
    6 K   -1  0  0  0 -3  3  2  0 -1 -2 -2  1  0 -2  1  0  1 -4 -3 -1    3   3   4   5   0  20  18   8   1   3   1   6   3   2   5   5  11   0   0   4  0.23 0.14
    7 K    0 -1  2  0 -4  2  3 -3 -2 -2 -2  1 -3 -4  3  1  0 -4 -3 -3    9   1  11   4   0   8  23   0   0   2   2  10   0   0  15   8   6   0   0   1  0.39 0.19
    8 T   -1 -2 -1  2 -4  1  4 -2  0 -3 -3  0 -3 -4  3  0  0 -4 -3 -1    3   0   2  11   0   6  33   3   2   1   1   3   0   0  18   4   7   0   0   5  0.51 0.22
    9 Y   -1  0 -1 -3 -3 -2 -3  0 -1 -1  0 -1  1  0  5 -2  0 -3  2 -1    2   5   3   0   0   1   0   7   1   2  12   2   5   5  34   2   5   0   9   5  0.50 0.21
   10 T   -2 -1  0  0 -3  2  3 -1 -1 -1 -2  1 -1 -4  0  0  2 -4 -3  1    0   1   4   5   0   8  25   3   1   2   1   7   1   0   5   6  14   0   0  17  0.26 0.19
   11 W   -4 -4 -4 -3 -5 -2 -1 -1 -1 -2 -2 -2 -1  6  1 -2 -4  4  6 -3    0   0   0   1   0   2   5   4   1   1   3   2   1  34   7   2   0   6  30   0  0.98 0.37
   12 N    2 -1  1  0 -3  0  1  0 -2 -2 -1  2 -1  0 -2  1  0 -3 -2 -1   23   0   6   4   0   3   8   7   0   0   7  16   1   5   1  13   3   0   0   2  0.17 0.14
   13 T   -2 -3  2  2 -4 -3 -2 -3 -3 -4 -4 -2 -4 -5 -2  4  5 -5 -4 -3    1   0  11   9   0   0   1   0   0   0   1   2   0   0   2  33  39   0   0   0  0.89 0.42
   14 K   -2  0 -1 -1 -5  0  2 -4  0 -3 -2  5 -2  0  2 -1 -2 -4  0 -2    2   4   1   3   0   2  13   0   2   1   5  42   1   4   9   5   1   0   3   2  0.51 0.29
   15 E    0 -1  0  1 -6  1  6 -3 -3 -5 -3  1 -3 -6 -4 -1 -3 -6 -5 -5    8   2   3   7   0   5  59   1   0   0   2   7   0   0   0   4   1   0   0   0  1.01 0.43
   16 E   -1 -1  0  4 -6  0  6 -4 -3 -3 -6 -2 -5 -6 -4 -2 -3 -6 -5 -5    5   2   4  19   0   2  63   1   0   2   0   1   0   0   0   1   1   0   0   0  1.31 0.51
   17 A    5  1 -3 -1  1 -1 -2 -1 -4 -2 -3 -1 -1 -5 -1 -1 -3 -5 -4 -3   63   9   1   3   4   2   1   3   0   2   2   3   1   0   3   3   0   0   0   0  0.81 0.40
   18 K    0  2 -2 -2 -4  0  3 -3 -1  1 -2  4  0 -4 -3 -1 -1 -5 -4  0    6  10   1   1   0   2  25   0   1  10   2  28   3   0   0   2   3   0   0   6  0.45 0.27
   19 Q    3  1  1  1 -4  1  3 -2 -2 -2 -3  1 -2 -2 -3  0 -1 -4 -2 -2   29   8   5   6   0   7  21   1   0   2   1   7   1   1   0   3   3   0   1   2  0.34 0.23
   20 A    4 -2 -2 -2 -1  1 -2 -2  1 -2  1 -2 -1 -3 -3  0 -1  1 -3 -2   48   2   1   2   1   9   1   1   4   2  15   2   1   0   0   5   3   2   0   1  0.47 0.30
   21 F   -6 -7 -7 -7 -6 -7 -7 -7 -5 -2 -1 -7 -3  9 -7 -6 -6 -3  1 -4    0   0   0   0   0   0   0   0   0   2   6   0   0  89   0   0   0   0   3   0  2.65 0.74
   22 K   -3  3 -1 -3 -5  0 -1 -4 -2 -1 -1  5  2  0 -4 -1 -1 -1 -3  0    1  13   2   0   0   2   1   0   0   4   5  45   7   4   0   3   4   1   0   8  0.59 0.32
   23 E   -1  1 -1  2 -4  2  3 -1  0 -3 -4  3 -2 -3 -3  0 -1 -4 -2 -3    6   6   1  12   0  12  24   3   2   2   0  20   1   1   0   6   3   0   1   1  0.43 0.23
   24 L   -3 -5 -6 -7 -4 -5 -6 -6 -5 -1  5 -5  6  1 -6 -5 -4  1 -3 -1    1   0   0   0   0   0   0   0   0   0  62   0  25   6   0   0   0   2   0   3  1.41 0.51
   25 L   -5 -5 -7 -7 -5 -5 -6 -7 -6 -2  6 -6  1  2 -6 -6 -4 -5 -4 -2    0   0   0   0   0   0   0   0   0   0  89   0   3   7   0   0   0   0   0   0  1.74 0.58
   26 K    0  4  0  1 -2  0  2 -4 -1 -2 -2  3 -3 -4 -3 -1 -2 -5 -2 -3    8  27   3   8   1   3  15   0   1   2   5  21   0   0   0   3   2   0   1   1  0.47 0.25
   27 E   -2  1 -2  4 -6  0  5 -4 -3 -5 -3  0 -4 -6 -4  1 -3 -6 -5 -4    2   9   0  29   0   3  40   0   0   0   3   4   0   0   0   9   0   0   0   1  0.93 0.40
   28 K    0  2  2 -3  0 -1 -2 -3  3 -2 -2  4 -1  0 -3  0 -1 -3  2 -1    7   9   9   0   2   0   1   0   7   1   3  33   2   5   0   6   4   0   7   4  0.37 0.24
   29 R   -2  0  4  1 -5  1  1  3  1 -5 -4  2 -4 -5 -4  0 -3 -5 -4 -3    1   3  24   8   0   5   8  25   4   0   1  15   0   0   0   5   0   0   0   2  0.58 0.28
   30 V   -3 -6 -6 -6  0 -5 -6 -6 -6  5 -1 -5 -2  0 -5 -5 -2 -5 -4  6    1   0   0   0   2   0   0   0   0  33   2   0   0   4   0   0   2   0   0  57  1.35 0.48
   31 P   -1 -1  4  2 -1  2 -1 -1  1 -4 -4 -2 -2 -5  2  2  1 -5 -4 -4    3   3  20  14   1  11   1   4   3   0   0   1   1   0  11  18   8   0   0   0  0.47 0.26
   32 S    1 -2 -1 -4 -1 -3 -3 -1 -4 -5 -4 -3 -5 -6  6  3 -1 -6 -5 -3   13   2   2   0   1   0   1   5   0   0   1   0   0   0  45  27   2   0   0   1  1.18 0.45
   33 N   -2  0  1  3 -4 -1 -1 -2 -2 -2 -2  0 -1  3 -3  1  2 -3  2 -3    1   6   7  18   0   1   2   2   0   2   3   5   1  15   0  13  16   0   8   0  0.32 0.22
   34 A    1 -4 -3 -5  1 -4 -4 -4  0 -2 -1 -4  2 -2 -5  3  1  9 -2 -3   12   0   1   0   2   0   0   0   3   3   6   0   6   1   0  23   9  34   1   1  1.23 0.47
   35 S   -3  0  1 -3 -4 -2 -3 -4 -4 -4 -5  2 -4 -5  2  2  5 -6 -5 -4    0   4   6   0   0   1   0   0   0   0   0  14   0   0  12  18  45   0   0   0  0.93 0.44
   36 W   -7 -7 -8 -9 -7 -7 -7 -7 -7 -7 -6 -8 -6  3 -8 -7 -7 13 -2 -3    0   0   0   0   0   0   0   0   0   0   0   0   0   9   0   0   0  88   0   2  4.35 1.04
   37 E   -4 -3 -1  5 -6  3  6 -3 -1 -6 -6 -1 -5 -6 -3 -1 -4 -6 -5 -6    0   0   1  29   0  12  49   1   1   0   0   2   0   0   1   3   0   0   0   0  1.29 0.49
   38 Q   -2  1  1  0 -5  5  1 -3 -2 -2 -3  4  0 -5 -4 -1  0 -5 -4 -3    2   6   6   6   0  32   9   1   0   2   1  25   2   0   0   3   5   0   0   1  0.66 0.33
   39 A    3 -3 -3 -3  1 -3  2 -3 -4  0  0 -3 -2 -2 -3 -1  2 -1 -3  2   34   0   0   0   3   0  14   1   0   4   7   0   0   1   0   2  15   1   0  18  0.43 0.28
   40 M   -2 -3 -5 -4 -4  0 -3 -5 -2  2  3 -4  6 -2 -5 -3 -3 -4 -2  3    2   0   0   1   0   4   1   0   1  10  31   0  27   0   0   1   0   0   1  19  0.83 0.36
   41 K   -2  5 -1 -2 -5 -1  2 -4  2 -5 -5  4 -4 -5  2 -1 -3 -5 -4 -4    2  34   1   2   0   1  11   0   6   0   0  25   0   0  12   4   0   0   0   1  0.86 0.37
   42 M    0  1 -1 -1 -3  1  1 -3  0  1  0  3  1 -1 -3 -1 -1 -1 -1  0   11   6   1   2   0   5   9   0   2  10  11  22   3   2   0   3   3   1   2   7  0.14 0.13
   43 I   -2 -5 -5 -5  3 -5 -5 -3 -5  6  2 -5  0  1 -5 -3 -1 -4 -3  1    2   0   0   0   6   0   0   3   0  48  23   0   2   7   0   1   4   0   0   5  0.87 0.35
   44 I    0 -3 -3 -3  0  1  0 -3 -4  4 -1 -1 -1 -1 -4  0  0 -4 -1  3    5   0   0   0   2   6   7   2   0  28   3   3   0   2   0   7   4   0   2  27  0.36 0.23
   45 N    0  0  3  2 -4  0  1  0  1 -3 -3  2 -2  1 -3  1  1 -4 -2 -2    5   3  16  10   0   2   8   7   4   0   1  13   0  10   0   9   8   0   0   2  0.23 0.16
   46 D   -4 -5  1  8 -7 -3  1 -5 -4 -7 -7 -1 -6 -7 -5 -3 -4 -8 -6 -7    1   0   4  84   0   0   6   0   0   0   0   4   0   0   0   1   0   0   0   0  2.14 0.66
   47 P   -1 -2 -1 -2 -5 -2  0 -3 -4 -3 -5  1 -2 -4  7 -1 -2  0 -2 -5    5   2   2   2   0   1   7   2   0   2   0   8   1   1  59   4   2   1   1   0  1.36 0.47
   48 R   -4  7 -1 -3 -6  2 -1 -4 -2 -5  0 -1 -2 -5 -4 -4 -3 -6 -2 -3    0  69   3   1   0   8   3   1   0   0   9   1   1   0   1   0   1   0   1   2  1.39 0.52
   49 Y   -6 -6 -6 -7 -6 -5 -6 -7 -1 -5 -3 -6 -4  4 -7 -6 -6  7  9 -5    0   0   0   0   0   0   0   0   1   0   1   0   0  16   0   0   0  17  65   0  2.53 0.73
   50 S   -1  3  0 -2 -3  1  0  0  1 -2  0  1 -1 -2 -1  0  1  5 -1 -2    2  17   3   1   0   6   5   6   3   1   8  11   2   1   3   7  11   9   2   2  0.22 0.15
   51 A    5 -3 -3 -3 -1 -1 -2 -2 -4 -1  1 -2 -2 -4 -3  1 -1 -5 -4  1   50   0   0   1   1   3   2   2   0   3  15   1   0   0   0  11   3   0   0  10  0.56 0.32
   52 L   -4 -5 -6 -6  0 -5 -5 -6 -5  3  5 -5  1  1 -5 -5 -3 -4 -3  2    0   0   0   0   2   0   0   0   0  20  59   0   2   6   0   0   0   0   0  12  1.05 0.39
   53 A   -1  2  2  0 -4 -1 -1 -2 -1 -4 -3  4 -3 -4  4  0 -1 -5 -4 -2    3  10  10   4   0   1   3   2   1   0   3  29   0   0  22   8   2   0   0   3  0.55 0.26
   54 K   -2 -2  2  3 -4  0 -1 -3 -3 -4 -4  1 -3 -5 -3  2  5 -5 -4 -2    1   1   9  19   0   3   2   1   0   0   1  11   0   0   0  14  38   0   0   1  0.69 0.34
   55 L    0 -1 -2 -2 -3 -1 -2 -2  1  1  1  0  3 -1  3 -1  0 -3 -2  0    9   2   2   2   0   1   0   1   5   6  17   5  12   1  17   4   7   0   1   7  0.24 0.16
   56 S    0  1  1 -1 -3 -1  0  3 -2 -2 -1  3 -2 -4 -3  1 -1  1 -3 -2    9   8   6   2   0   1   3  21   0   2   6  20   0   0   0  14   2   2   0   2  0.27 0.18
   57 E    1 -1 -3  3 -6  0  6 -4  1 -5 -5  0 -3 -6 -4 -1 -1 -6 -5 -4   11   2   0  14   0   1  58   0   3   0   0   4   0   0   0   2   3   0   0   1  1.07 0.44
   58 K   -5  7 -4 -5 -7 -2 -3 -6 -4 -6 -6  4 -5 -6 -5 -4 -4 -6 -5 -6    0  74   0   0   0   0   0   0   0   0   0  26   0   0   0   0   0   0   0   0  2.09 0.67
   59 K   -4  4 -2 -4 -6 -1  0 -5 -4 -6 -6  7 -5 -6 -4 -2 -4 -6 -5 -6    0  22   1   0   0   1   4   0   0   0   0  71   0   0   0   2   0   0   0   0  1.69 0.59
   60 Q    2  0 -2  0 -1  6  3 -3 -1 -4 -3 -1 -1 -5 -4  0 -2 -5 -4 -4   16   5   1   5   1  40  16   0   1   0   2   2   1   0   0   6   2   0   0   0  0.74 0.37
   61 A    3 -4 -4 -4  4 -2 -2 -3 -4  1  2 -3  0 -1 -4 -1  0 -4 -1  2   34   0   0   0   9   1   2   0   0   6  19   0   2   2   0   2   5   0   2  17  0.45 0.26
   62 F   -6 -6 -6 -7 -6 -6 -6 -7 -4 -4 -1 -6 -3  8 -7 -6 -5  6  4 -4    0   0   0   0   0   0   0   0   0   0   5   0   0  72   0   0   0  12  11   0  2.28 0.65
   63 N   -1 -1  4  3 -2  1  4 -3  0 -4 -4 -2 -4 -5 -3  1 -2 -5 -4 -4    5   3  23  17   1   5  29   1   2   1   1   0   0   0   0  13   1   0   0   0  0.69 0.32
   64 A    1 -1 -1  0 -5  1  5 -4  1 -4 -5  3 -3 -5 -3 -2 -2 -5 -4 -3   12   1   2   5   0   5  43   0   4   1   0  24   0   0   0   1   1   0   0   2  0.80 0.37
   65 Y   -4 -5 -6 -7 -6 -5 -6 -6  0 -5 -4 -6 -4  4 -7 -5 -5  7  8 -5    1   0   0   0   0   0   0   0   1   0   0   0   0  18   0   0   0  17  63   0  2.41 0.69
   66 K    0 -1 -2 -3  3  1 -2 -3 -3  0  1  2  1 -3 -3  1  1 -4 -3  2    5   1   0   0   9   9   0   0   0   5  17  16   3   0   0  10   9   0   0  15  0.22 0.17
   67 V    0  3 -1 -1 -3  0 -1 -1 -2 -1 -1  1  0 -3 -3  1  2 -4 -3  1    6  19   2   2   0   4   2   3   0   1   5  11   2   0   0  11  17   0   0  16  0.22 0.16
   68 Q   -2  0 -1  3 -5  5  3 -3  2 -4 -4  1 -1 -5 -3 -1  0 -5 -3 -3    2   4   2  15   0  31  21   0   5   0   0   9   1   0   0   3   7   0   0   1  0.65 0.29
   69 T    0  6 -3 -3 -5  0 -1 -4 -3 -1 -2  3 -3 -4 -4 -2 -2 -5 -4  0    6  47   0   0   0   2   3   0   0   4   4  22   0   0   0   1   2   0   0   8  0.80 0.33
   70 E    2  2 -2 -2 -3  2  0 -1 -2  0  0  2 -1 -2 -3 -1 -1 -4 -3 -1   28  14   0   1   0  11   5   4   0   6   8  16   0   1   0   1   2   0   0   4  0.23 0.16
   71 K   -3  3 -2 -2 -5  2  2 -4 -2 -5 -4  6 -3 -5 -3 -2 -3 -5 -4 -4    0  13   0   0   0   8  12   0   0   0   0  67   0   0   0   0   0   0   0   0  1.18 0.37

                      K         Lambda
Standard Ungapped    0.1172     0.3051
Standard Gapped      0.0410     0.2670
PSI Ungapped         0.1767     0.3179
PSI Gapped           0.0541     0.2670
