
Last position-specific scoring matrix computed, weighted observed percentages rounded down, information per position, and relative weight of gapless real matches to pseudocounts
           A  R  N  D  C  Q  E  G  H  I  L  K  M  F  P  S  T  W  Y  V   A   R   N   D   C   Q   E   G   H   I   L   K   M   F   P   S   T   W   Y   V
    1 M   -2 -3 -4 -4 -2 -3 -4 -4 -4  3  2 -3  5 -1 -4 -3 -1 -3 -2  4    0   0   0   0   0   0   0   0   0  19  16   0  25   0   0   0   0   0   0  40  0.63 0.21
    2 E   -4  4 -3  0 -7  4  5 -4 -3 -6 -6  2 -5 -7 -2 -4 -4 -6 -5 -6    1  26   0   5   0  20  36   1   0   0   0   9   0   0   2   0   0   0   0   0  1.18 0.59
    3 T   -3 -4 -3 -2 -5 -4 -2 -5 -6 -3 -3 -5 -5 -6 -6  0  7 -7 -6  2    2   1   1   2   0   0   3   0   0   1   2   0   0   0   0   5  71   0   0  12  1.63 0.82
    4 Y   -3 -2 -3 -4 -5 -2 -3 -6  6  3 -3  0 -3  0 -5 -4 -1 -1  2  4    2   3   1   0   0   2   1   0  20  18   1   7   0   3   0   1   4   1   7  29  0.80 0.47
    5 T   -3 -1 -1  1 -6  1  4 -5 -5 -2 -5 -1  2 -6 -4 -1  5 -6 -6  0    1   3   2   7   0   5  24   0   0   2   0   4   5   0   1   4  34   0   0   7  0.76 0.52
    6 V   -5 -8 -8 -8 -6 -7 -8 -8 -8  4  0 -5 -4 -6 -8 -4 -4 -8 -6  7    0   0   0   0   0   0   0   0   0  20   7   1   0   0   0   1   0   0   0  71  2.01 0.88
    7 K    0  2  1  0 -4  1  1 -1 -1 -2 -1  3  0 -3 -3  0  1 -3 -3 -1    7  10   6   5   0   6   7   5   1   2   8  19   2   1   0   5  11   0   0   3  0.20 0.20
    8 L   -2 -5 -5 -7 -5 -3 -6 -6 -6  2  2 -3  8 -3 -3 -5 -3 -1 -4  3    4   1   1   0   0   1   0   0   0  11  15   2  39   1   1   1   1   1   0  21  1.37 0.66
    9 G   -1  0 -1 -3 -4 -2  0  5 -2 -3 -2 -1 -4 -5 -4  0  1 -5 -4  0    5   6   2   1   0   1   6  43   1   1   4   4   0   0   0   7  10   0   1   6  0.61 0.37
   10 S    2 -3  1  2  1 -2 -1  1 -2 -1 -3 -1 -1 -4  2  1  2 -4 -3 -2   17   1   6  10   3   1   3  10   1   4   2   3   1   0   9  11  16   0   1   3  0.27 0.22
   11 D   -1 -3  3  5 -4 -2  2 -1 -1 -3 -3  0 -4 -4 -2  0 -1 -5 -3 -1    5   1  13  35   0   1  13   4   1   2   2   6   0   1   2   5   4   0   1   4  0.64 0.36
   12 K    0  0  0  3 -3  0  0  2 -1 -2 -2  0  0 -3 -1  0  0 -3 -2 -2    8   4   5  17   0   3   7  19   1   3   3   6   2   1   3   7   6   0   1   3  0.22 0.14
   13 G   -1 -2  0 -2 -4  1 -1  6 -2 -3 -4  0 -3 -3 -3 -1 -1 -2 -2 -3    4   2   4   2   0   5   5  52   1   2   2   5   1   1   1   5   4   1   1   2  0.83 0.37
   14 L    1 -1  3  2 -3  1  2  1 -1 -3 -2  0  0 -4 -2  1 -1 -4 -2 -2   14   3  13  10   0   5  12   9   1   1   4   5   3   1   2   9   4   0   2   2  0.21 0.18
   15 L   -5 -3 -2 -5 -6 -5 -5 -6 -4 -1  3 -4  8  4 -4 -3 -4 -1  2 -2    1   1   3   1   0   0   1   1   0   2  26   1  34  14   1   2   1   1   8   2  1.31 0.66
   16 V    3  2 -3 -4  0 -1 -2 -2 -1 -1 -2  1  0 -1 -4 -1  0  0  0  3   22  11   0   1   2   3   2   3   1   3   3  11   2   3   0   5   5   1   4  19  0.29 0.26
   17 F   -8 -8 -9 -9 -8 -9 -9 -9 -7 -3 -6 -9 -3  9 -9 -8 -8 -1  5 -5    0   0   0   0   0   0   0   0   0   1   0   0   1  80   0   0   0   1  15   1  3.15 1.24
   18 E   -2 -3  0  3 -4  0  3 -2 -2 -1 -3  0 -3 -2 -5  2  1 -6 -2  0    3   1   4  17   0   4  22   3   1   4   2   5   0   2   0  13   9   0   1   8  0.40 0.33
   19 P   -6 -4 -8 -5 -9 -2 -5 -7 -9 -5 -4 -3 -5 -10  9 -6 -3 -10 -7 -4    1   1   0   1   0   2   1   0   0   1   2   2   0   0  85   1   2   0   0   2  2.85 1.31
   20 A    3 -2  1  2 -5 -1  1 -1 -2 -2 -4  0  0 -3  1  2  0 -6 -4 -3   25   2   6  12   0   2   8   4   1   2   2   6   2   1   6  15   4   0   0   1  0.36 0.31
   21 K    0  0  0  0 -4  0  2 -2  1 -1 -2  0 -2  1 -3  1  2 -3  0  0    7   4   4   6   0   3  15   3   3   3   3   4   1   5   1  11  16   0   3   8  0.19 0.21
   22 L   -3 -7 -7 -5 -6 -5 -7 -8 -5  5  4 -7  0  2 -6 -5 -3 -6 -2  4    2   0   0   1   0   1   0   0   0  28  32   0   1   8   0   1   1   0   1  22  1.16 0.58
   23 T   -2  2  0 -2 -6  1  2 -5  2 -2 -5  1 -3 -3 -4  0  5 -1 -3 -2    3  10   4   2   0   6  15   0   4   2   0   9   1   1   1   6  32   1   1   3  0.64 0.47
   24 I    2 -7 -8 -8 -3 -7 -7 -8 -8  5 -1 -7 -3 -1 -7 -6 -4 -7 -6  6   14   0   0   0   0   0   0   0   0  29   5   0   1   3   0   0   1   0   0  47  1.55 0.75
   25 K    1  1  0  0 -4  1  1 -4  1 -5 -4  4 -3 -4  1  1 -1 -6 -4 -2   13   7   5   6   0   5  10   1   3   0   1  26   0   1   6   9   4   0   1   2  0.45 0.35
   26 P    3 -1 -4 -5 -5  0  0 -5 -3 -3 -3  1 -4 -6  5  0 -1 -7 -4  2   24   3   0   0   0   4   5   0   1   1   2   9   0   0  24   5   4   0   1  15  0.67 0.47
   27 G   -6 -8 -2 -3 -8 -8 -5  8 -4 -9 -9 -6 -8 -9 -8 -4 -8 -8 -9 -5    0   0   2   2   0   0   1  91   1   0   0   1   0   0   0   1   0   0   0   1  2.69 1.18
   28 D   -3 -3 -3  6 -7  1  4 -1 -6 -7 -7 -2 -3 -8 -3 -2  2 -8 -7 -5    2   1   1  40   0   6  21   5   0   0   0   3   1   0   1   3  13   0   0   1  1.18 0.68
   29 T   -4 -1 -4 -6 -4 -1 -2 -6 -3 -2 -3  1 -4 -7 -3  0  7 -4 -5 -1    1   4   1   0   0   2   3   0   1   3   3   8   0   0   2   7  59   0   0   4  1.36 0.81
   30 V   -7 -9 -9 -9 -7 -8 -9 -9 -9  4 -2 -6 -6 -4 -9 -8 -5 -9 -3  7    0   0   0   0   0   0   0   0   0  21   3   1   0   1   0   0   1   0   1  71  2.30 1.05
   31 E   -2  4 -4 -4 -4 -1  2 -7  1 -2 -4  2 -3 -5 -6 -3  5 -7 -3  1    3  22   1   1   0   2  11   0   4   3   2  11   1   0   0   2  29   0   1   8  0.80 0.55
   32 F   -9 -9 -5 -10 -9 -9 -9 -9 -8 -3  0 -6 -3  7 -10 -6 -6 10 -2 -4    0   0   1   0   0   0   0   0   0   2  10   1   1  46   0   1   0  35   1   2  2.79 1.21
   33 L   -3 -1 -3 -2 -5 -1  1 -5 -2  2 -1  2  0 -3 -5 -2  2 -6 -4  4    2   4   1   2   0   3  10   1   1   9   5  14   2   1   0   2  13   0   1  30  0.53 0.38
   34 N   -2 -5  8 -3 -7 -2 -4 -5  1 -5 -3 -5 -3 -1  1 -4 -4  5 -4 -2    4   1  59   1   0   2   1   1   3   1   4   1   1   3   7   1   1   8   1   3  1.71 0.87
   35 N    0 -1  4  2 -5 -1  1 -2  0 -3 -3  1 -2 -3 -1  0  2 -5 -2 -1    6   4  17  10   0   3  10   3   2   1   3   8   1   1   3   5  15   0   1   5  0.31 0.26
   36 K    0 -3  1  5 -4 -2 -1  3 -1 -5 -3  0 -3 -6 -2  1 -1 -3 -2 -4    7   1   5  28   0   2   4  22   1   1   2   6   1   0   2  10   4   0   1   1  0.61 0.41
   37 V    0  0  0  0 -1  0  0  2 -1 -1 -1  0  1 -1  0  1  0 -4 -2 -1    7   5   4   4   2   4   7  18   2   3   5   6   4   2   5  10   6   0   1   6  0.10 0.11
   38 P    1 -1 -1 -1 -1 -1 -1  1 -2  0  0  0  2  1  0  0  1 -2 -1  0   11   2   2   2   1   3   4  12   1   6   8   6   7   6   5   5   8   0   2   8  0.06 0.09
   39 P    1 -2  0  0 -5  0 -1  1 -1 -3 -2 -1 -2 -2  5  0 -1 -5 -3 -2   10   2   4   5   0   4   5  10   2   1   5   4   1   2  31   7   4   0   1   2  0.53 0.36
   40 H   -9 -8 -7 -5 -4 -7 -7 -9 11 -10 -7 -8 -1 -8 -9 -6 -4 -9 -6 -6    0   0   0   1   1   0   0   0  92   0   1   0   1   0   0   1   2   0   0   1  4.29 1.70
   41 N   -4 -4  7  1 -7 -4  2 -4 -3 -5 -7 -4 -4 -5 -5  0  3 -7 -1 -6    1   1  43   7   0   1  13   1   1   1   0   1   0   1   1   7  19   0   2   1  1.32 0.74
   42 V    1 -6 -3 -7 -3 -6 -6 -6 -6  2  0 -6  2  3 -6 -4 -2 -1 -3  5   13   0   2   0   0   0   0   0   0  11   8   0   4  13   0   1   3   1   1  42  1.03 0.56
   43 V    0 -3 -3 -2 -5 -2  0 -2  3  0 -2 -3 -1 -3 -5 -3  4  0 -2  4    9   1   1   2   0   2   7   3   6   5   4   1   1   1   0   2  22   1   1  30  0.58 0.41
   44 F    1 -3 -2 -3 -3 -1 -3 -3 -1  1  1 -3  0  4 -2  2  0 -2 -1  1   12   1   2   1   1   3   1   2   2   8  11   1   2  20   2  14   6   1   2  10  0.34 0.26
   45 D   -1 -2 -1  4 -5  0  1  1  2  1 -2  0 -2 -3 -2 -1 -1  0  1 -1    5   2   2  22   0   4  10  13   5   8   3   5   1   1   2   3   4   2   5   4  0.29 0.23
   46 A    0 -2  0  2 -5  0  2  1  0 -4 -4  1 -3 -3  0  2  1 -3 -4 -3    8   1   4  12   0   4  15  10   2   1   1   9   1   1   5  13  10   0   1   1  0.32 0.27
   47 A    0 -1  0  2 -2 -1  1  2 -1 -2 -2  0  0 -1  1  0  0 -1 -1 -1    8   3   5  14   1   3   8  17   2   2   3   5   3   3   7   5   5   1   2   4  0.16 0.14
   48 L    1 -1  0  0  0 -1  1  1  0 -1  0  0  2  0 -1  0  0 -1 -1 -1   12   3   3   5   2   2   9  12   3   4   7   5   7   4   3   7   5   1   2   4  0.05 0.07
   49 N    0 -1  1  1 -2  0  0 -1 -1  2  0 -1  0  0 -1 -1  0  1 -1  1    7   2   6   7   1   3   7   6   2  12   8   4   2   4   2   4   5   2   1  13  0.04 0.06
   50 P   -1  0  0  0 -6  0 -2  0  2 -1 -1 -2  0 -1  5 -2 -2  1 -1 -2    6   5   4   5   0   4   3   6   4   4   7   3   2   3  28   4   3   2   2   4  0.44 0.33
   51 A    1 -1 -1  2  1  0  1  0  0 -2 -1 -1  1  1  0  1 -1  1 -2 -1   13   3   2  10   3   4   9   6   2   2   6   4   3   5   6  10   3   2   1   5  0.10 0.11
   52 K   -1  0  1  2 -6  1  2  2  0 -1 -3  0  0 -1 -2  0  0  0 -1 -2    6   5   5  10   0   5  13  15   3   3   3   5   2   3   2   7   5   1   2   4  0.17 0.16
   53 S    1 -2 -1  0  0  0 -1  1  5 -1 -2 -2  0 -1 -1  1 -1  1  0  0   11   3   3   5   2   4   4  11  12   4   3   3   2   2   4  11   3   2   3   8  0.22 0.18
   54 A    2 -1 -1  1 -3 -1  1  1 -1 -2 -1  1  1 -2  1  0  0 -3 -1 -1   19   3   3   7   0   3   8  11   1   2   4   8   4   1   8   6   6   0   2   5  0.13 0.13
   55 D    1 -1  0  3 -3  0  1  0 -1 -1 -2  0 -1  0  0  0 -1 -1  1 -1   15   3   5  16   0   3  10   8   1   3   4   5   1   4   5   5   3   1   4   4  0.13 0.13
   56 L    0 -1 -1 -1 -3  0  0  1 -1 -1  0 -1  2  3  0 -1 -1  4  0  0    8   3   3   4   0   3   5   9   1   3   7   4   7  14   4   5   3   6   2   7  0.12 0.13
   57 A    3 -1  0  0 -3 -1  0 -1  2 -2 -2  1  4 -2 -2  1 -1 -4 -2 -1   23   2   5   5   0   2   6   5   4   2   2  10  11   1   2  10   4   0   1   4  0.25 0.24
   58 K    0 -1  0  1 -3 -1  1  2 -3 -1 -2  1 -2 -2  2  1  0 -4 -3 -2    9   4   3   7   0   3   9  18   0   4   3   8   1   2   9  12   5   0   1   3  0.18 0.17
   59 S    1 -1  0  0 -1  0  2  0 -1 -2 -3  2 -2 -1  0  1  0  2 -2 -2   12   3   3   5   1   3  13   8   1   3   2  12   1   3   5  13   6   3   1   2  0.15 0.16
   60 L   -2 -2 -1 -2 -2 -1 -1  0 -1  2  1 -1  6  1  0 -2 -1  3 -1 -1    3   2   3   2   1   2   3   7   2  10  13   4  21   5   5   3   3   4   2   4  0.31 0.25
   61 S    0 -2  2  1 -3 -2  1  1 -1 -2 -2 -1 -2 -2  0  3  0  1 -2 -2    8   2   9   9   0   1   9  10   1   3   4   4   1   2   5  23   4   2   1   3  0.21 0.21
   62 H   -1 -1  0  0 -3 -1  2  0  6 -2 -2 -1 -1  2 -1  0 -1  1  0 -2    4   3   5   6   0   3  12   7  18   2   3   4   2  10   3   6   4   2   3   4  0.31 0.23
   63 K   -1 -1  1  3 -3  0  2  0  0 -2 -2  1 -1 -3  0  1  0 -1 -2 -2    5   2   6  17   0   3  15   8   2   2   3   8   1   1   4  10   6   1   2   3  0.22 0.18
   64 Q   -1 -1  0  3 -3  1  2  0  0 -1 -3  0  0 -2 -1  2  0 -3 -1 -2    4   3   3  18   0   5  13   6   2   3   2   5   3   2   3  17   6   0   2   3  0.24 0.20
   65 L   -1 -1 -2 -1 -2 -1 -1  1 -1  1  2 -1  1  0  1 -1 -1 -2  1  1    4   2   2   3   0   2   3  14   1   9  20   5   3   4   8   3   4   0   5   8  0.10 0.10
   66 L    0  0 -2 -2 -2 -2 -1 -2 -1  0  2 -2  2 -1 -1 -1  1 -1 -1  1   10   6   2   2   0   1   4   3   2   5  23   2   6   3   4   5   8   1   2  11  0.13 0.13
   67 M   -1 -1  1 -1 -2 -1 -2 -2 -1  1  2 -1  2  1 -1  0 -1 -2  0  1    4   3   7   2   0   3   2   3   1  11  21   4   8   6   2   7   4   0   3   9  0.10 0.12
   68 S    2  0  1  1 -3  1  1  1  0 -2 -2  0  0 -2 -1  0  0 -3 -2 -2   18   3   7   8   0   5  11  10   2   2   3   6   2   2   3   7   7   0   1   2  0.15 0.14
   69 P    0 -1 -1 -1 -4  0  0 -1  0 -2 -3  0 -2 -2  6 -1  0 -4 -4 -3    9   3   2   3   0   3   6   5   3   2   2   5   1   2  39   5   6   0   0   2  0.71 0.42
   70 G   -2 -3  2 -1 -5 -2 -1  6 -4 -5 -5 -1 -5 -3 -2 -1 -2 -5 -5 -3    2   2   8   3   0   2   3  61   0   1   1   3   0   1   2   4   2   0   0   2  1.15 0.59
   71 Q    0 -1 -1  1 -5  3  4 -1  0 -3 -4  1 -2  0 -3  0 -1  0 -1 -2    7   3   2   7   0  14  29   4   2   1   1   9   1   4   1   6   4   1   2   2  0.43 0.35
   72 S   -2 -1  1 -1 -4 -1  1 -3 -1 -3 -4  0 -2 -3 -3  3  5 -5 -4 -2    3   4   6   3   0   3   8   1   2   1   1   5   1   1   1  25  33   0   0   3  0.62 0.48
   73 T   -1 -2 -2 -2 -4 -2 -2  0 -1  0 -1 -2 -1  5 -4 -3 -1  5  5  0    6   2   2   3   0   2   3   9   1   5   6   2   1  21   0   2   3   7  18   5  0.49 0.33
   74 S   -1 -1 -1  0 -2  0  4 -2 -2 -3 -3  0 -4 -4 -1  3  3 -5 -4 -1    4   3   3   5   1   3  25   2   1   1   2   4   0   1   2  20  17   0   0   5  0.45 0.39
   75 T   -2  0 -3 -3 -2  0 -2 -3  4  2  0 -2  0  1 -4 -2 -1  2  2  3    2   6   1   1   1   4   2   1  10  15  10   3   2   6   0   3   3   3   8  21  0.33 0.27
   76 T   -2  0 -2 -3 -5 -2 -1 -4 -2  0 -3  0 -4 -3 -4 -1  6  1 -3  1    2   6   2   1   0   1   4   1   1   5   2   6   0   1   1   3  50   2   1  11  0.84 0.59
   77 F   -4 -6 -6 -6 -5 -6 -4 -6 -5  0  1 -6 -2  8 -6 -3 -2  6  0  0    1   0   0   0   0   0   1   0   0   4  11   0   1  57   0   2   3  10   2   6  1.68 0.78
   78 P   -2  0  1  3 -3  0  2 -2  0 -2 -2  1  0 -3  0 -1  2 -1 -2 -1    2   4   7  15   0   4  15   3   2   2   3   8   3   1   5   3  15   1   1   4  0.25 0.21
   79 A    2 -1 -1  0 -2  0  0 -2  0  0 -1  0 -1  2 -1  0  1 -2 -1  1   20   3   3   5   0   5   5   2   2   4   3   5   1  10   3   5  12   0   1  11  0.10 0.13
   80 D   -1 -1  0  1 -2  0  2 -1 -1 -1 -1  0 -1  0  3  0  0 -2 -1 -1    5   3   5  10   1   2  13   4   2   5   6   4   2   5  15   6   6   1   1   3  0.16 0.09
   81 A    1  0  0  0 -2  0  0  0 -1 -1 -1  0 -1 -1 -1  1  3 -2 -1 -1   11   5   4   6   1   3   5   5   2   4   6   6   2   2   2  10  20   0   2   5  0.10 0.09
   82 P   -1  0  0  1 -3  1  3 -2 -1 -2 -2  2 -1 -2  2 -1  0  0 -2 -2    4   3   5   8   1   7  18   3   1   2   3  15   1   2  12   3   6   1   1   2  0.27 0.18
   83 A    3 -2 -2 -2 -3 -1 -1 -2 -3 -1 -2 -1  0 -4  5  0  0 -4 -3 -1   24   2   2   2   0   2   3   2   0   4   3   4   2   1  30   7   5   0   1   4  0.57 0.34
   84 G   -3 -5 -3 -4 -6 -5 -3  7 -2 -6 -6 -3 -6 -6 -3 -3 -3 -6 -6 -6    2   0   1   1   0   0   2  83   1   0   1   1   0   0   2   2   2   0   0   1  2.04 0.88
   85 E   -1  0 -1  1 -4 -2  1 -4 -2  0 -1 -2 -1 -2 -3  0  4 -4 -3  2    5   4   2   9   0   1  12   1   1   6   4   2   1   2   1   5  30   0   1  14  0.37 0.32
   86 Y   -4 -5 -4 -6 -5 -3 -4 -6  1 -1 -3 -5 -3  4 -4 -4 -3  2  8  0    1   0   1   0   0   1   1   1   2   4   2   0   1  16   1   1   1   2  56   7  1.76 0.79
   87 T   -1 -1  1  2 -4  0  2  0 -1 -2 -1  0 -1 -1  2 -1  0  3 -1 -1    4   3   5  13   0   2  16   9   1   1   5   4   1   2   9   4   6   4   3   5  0.17 0.17
   88 F   -4 -6 -7 -7 -6 -6 -7 -7 -4  0 -2 -7 -2  6 -7 -6 -6 -3  8 -1    2   0   0   0   0   0   0   0   0   4   3   0   1  31   0   0   0   0  52   5  2.16 0.96
   89 Y    1 -1 -3 -4 -3 -2 -3 -3  3  0 -1  0 -2  3 -5 -2 -2  2  6  1   13   4   1   1   0   2   2   1   8   5   5   7   0  12   0   2   1   2  25   8  0.55 0.38
   90 C   -6 -9 -8 -9 12 -8 -9 -8 -8 -7 -7 -8 -7 -8 -8 -3 -7 -8 -8 -7    0   0   0   0  96   0   0   0   0   0   0   0   0   0   0   2   0   0   0   0  4.53 1.57
   91 E    1 -1 -2  0 -4  0  1 -1 -3 -1 -2 -1  0 -4  3  2  3 -5 -4 -1   12   3   1   5   0   4   7   4   0   4   3   2   3   0  13  13  20   0   0   4  0.31 0.29
   92 P   -3 -5 -5 -4 -6 -3 -4  3 -4  1 -1 -4 -4  0  6 -4 -5 -4 -2  0    1   0   0   1   0   1   1  23   0   7   5   1   0   4  45   1   0   0   2   7  1.20 0.64
   93 H   -8 -5 -4 -7 -9 -3 -6 -4 11 -9 -9 -7 -8 -4 -8 -7 -8 -8 -2 -9    0   1   1   0   0   1   0   1  94   0   0   0   0   1   0   0   0   0   1   0  4.12 1.51
   94 R   -1  2 -3 -3  3  0  0 -4  1 -2 -2  0 -1  0  3 -1 -2  3  4 -3    5  12   0   1   7   5   7   1   3   2   4   5   2   3  17   4   2   4  15   2  0.43 0.32
   95 G    1 -1 -2 -1 -4  3  2  2  1 -3 -3 -1  0 -2 -1  1  0  3 -1 -3   11   2   1   3   0  12  12  17   3   2   2   2   2   2   2  11   5   5   2   1  0.26 0.24
   96 A    3 -2 -1 -3 -3 -1 -3 -1 -2 -1  1 -1  5 -1 -2  0 -1 -3 -2  0   31   2   4   1   0   3   1   5   1   3  11   3  15   3   1   6   3   0   1   5  0.37 0.27
   97 G   -2 -2  2 -3 -4 -2 -2  6 -2 -3 -4 -3 -4 -3 -3 -2 -2 -4 -4 -3    2   2   9   1   0   1   2  64   1   2   2   2   0   1   1   3   2   0   1   3  1.25 0.51
   98 M   -6 -7 -4 -8 -7 -3 -7 -6 -4 -3 -2 -7 11 -6 -8 -7 -6 -3 -7 -5    1   0   1   0   0   1   0   1   1   1   3   0  91   0   0   0   0   0   0   0  3.71 1.43
   99 V   -1  1 -1 -4 -4  0 -2 -4  1  0 -2  3 -1  0 -4 -2  1 -2  1  4    4   7   2   0   0   3   2   1   4   5   2  17   1   4   0   2  10   0   4  30  0.38 0.33
  100 G    0 -4 -4 -6 -7 -5 -5  7 -7 -7 -4 -6  1 -5 -7 -4 -6 -7 -7 -4    9   1   1   0   0   0   1  81   0   0   2   0   3   0   0   1   0   0   0   1  2.07 0.91
  101 K    1  1 -3 -1 -4 -1 -1 -3 -1 -1  0  2  0 -3 -2  0  3 -3 -2  1   11   6   0   4   0   3   3   1   2   3  10  13   2   0   1   5  23   0   1  12  0.24 0.26
  102 I   -3 -7 -8 -8 -5 -7 -7 -8 -7  6  2 -7  2 -1 -7 -6 -5 -7 -5  5    1   0   0   0   0   0   0   0   0  45  15   0   4   2   0   0   0   0   0  32  1.54 0.69
  103 T   -1 -1 -3 -2 -4  1 -1 -5 -1  3 -2  0 -2 -3 -5 -2  3 -5 -2  3    3   3   1   2   0   8   3   0   1  20   2   6   1   0   0   2  22   0   1  23  0.51 0.38
  104 V   -3 -8 -8 -8 -2 -7 -8 -8 -8  1 -4 -8 -4 -6 -8 -7 -5 -8 -6  8    1   0   0   0   1   0   0   0   0   5   0   0   0   0   0   0   0   0   0  92  2.56 1.03
  105 A    1 -2  2 -3 -6  2  4  4 -4 -6 -6 -3 -5 -6 -5  1 -2 -6 -4 -2    9   1   8   0   0   9  28  29   0   0   0   1   0   0   0   9   2   0   1   3  0.79 0.51
  106 G    4 -5 -3 -4 -4 -4 -4  6 -5 -6 -6 -4 -5 -6 -4 -2 -4 -5 -5 -5   32   0   0   0   0   0   0  68   0   0   0   0   0   0   0   0   0   0   0   0  1.61 0.57

                      K         Lambda
Standard Ungapped    0.1316     0.3139
Standard Gapped      0.0410     0.2670
PSI Ungapped         0.1610     0.3184
PSI Gapped           0.0493     0.2670
