
Last position-specific scoring matrix computed, weighted observed percentages rounded down, information per position, and relative weight of gapless real matches to pseudocounts
           A  R  N  D  C  Q  E  G  H  I  L  K  M  F  P  S  T  W  Y  V   A   R   N   D   C   Q   E   G   H   I   L   K   M   F   P   S   T   W   Y   V
    1 M   -5 -6 -7 -7 -5 -5 -6 -7 -6  0  0 -6 10 -4 -7 -6 -5 -6 -5  1    0   0   0   0   0   0   0   0   0   4   7   0  80   0   0   0   0   0   0   8  2.65 0.80
    2 A    2 -1  2 -2 -1 -1  2  0 -1 -3 -4  1 -3 -4  0  2  1 -5 -4 -1   21   1  10   1   1   1  15   6   1   0   0  11   0   0   3  13   8   0   0   6  0.30 0.23
    3 E    0 -1  0  3 -5  1  5 -3 -2 -4 -4  0 -2 -5  0  0  1 -5 -4 -1    8   3   3  14   0   5  36   2   1   1   0   5   1   0   5   6   8   0   0   4  0.54 0.30
    4 Q   -1  2  1  0 -2  3  1 -3  2 -3 -2  1  0 -3  2  0  0 -1 -2 -3    3  10   6   4   1  17   9   1   5   1   4   9   3   1  12   6   5   1   1   2  0.29 0.20
    5 Y    1  0 -1 -1 -2  0  1 -2  1  0  0  1  0  1  0 -1 -1  0  1  0   12   6   2   2   0   2   9   2   4   4  13  10   3   7   5   2   4   1   4   8  0.04 0.07
    6 S    2 -1  1 -1 -2  0  1 -2 -2 -2 -2  0 -3 -3  2  2  2 -5 -4 -2   19   2   7   3   1   3   8   2   1   2   3   5   0   1  11  19  11   0   0   2  0.28 0.22
    7 E    0  1  1  2 -4  1  2 -4 -1 -2 -1  1  3 -4  3  0 -1 -5 -4 -3    6   9   6  10   0   5  16   0   2   1   6   7   9   0  13   5   4   0   0   1  0.31 0.22
    8 I   -3 -4 -5 -6 -5 -4 -3 -5 -6  3  4 -4  5 -2  2 -4 -3 -3 -3  2    1   0   0   0   0   0   2   1   0  17  35   0  14   1  12   1   1   0   1  12  0.82 0.41
    9 N   -2 -3  2  4 -5  0  1 -3 -1 -5 -4 -1 -1 -5  2  2  0 -6 -4 -5    3   1  10  26   0   3  10   2   1   0   1   4   2   0  12  19   5   0   0   0  0.61 0.36
   10 T    0 -1  0  3 -4  0  4 -2 -2 -2 -3  0 -2 -4  1  0  1 -3 -4 -2    9   3   4  15   0   4  27   3   1   3   1   4   1   0   8   5   9   0   0   3  0.38 0.26
   11 D    0 -2  1  4 -5  0  5 -2 -2 -4 -5 -1 -3 -6  0 -2 -1 -6 -5 -2    8   2   5  24   0   4  36   2   1   1   1   3   1   0   4   3   3   0   0   3  0.75 0.42
   12 T    0  0  0  2 -2  1  2 -2  0  0  0  1 -1 -3 -3  0  1 -3 -2 -1    7   4   5  12   1   8  12   2   2   5   8   8   1   1   1   6  12   0   1   4  0.15 0.14
   13 L    2 -4 -5 -5 -2 -4 -5 -5 -4  3  3 -5  3  1 -5 -3 -2 -3  2  1   17   0   0   0   1   1   0   0   0  15  32   0   8   6   0   1   2   0   7   9  0.62 0.35
   14 E    0  0  0  2 -4  3  4 -2 -2 -3 -3  0 -2 -2 -3  0  0 -5  0 -2    9   4   4   9   0  13  28   3   1   2   3   4   1   2   1   6   5   0   4   3  0.37 0.28
   15 R    0  2  0  2 -5  2  3 -1  0 -2 -1  1 -1 -3  0 -1  0 -5 -3 -2    6  12   4  12   0   8  18   4   2   2   5   9   1   1   4   4   4   0   1   2  0.26 0.20
   16 V    3 -2 -3 -4 -3 -1 -3 -4 -3  1  3 -2  3 -2 -4 -2 -1 -3 -2  2   25   2   1   1   0   2   1   0   1   7  27   2   8   1   0   2   3   0   2  15  0.46 0.30
   17 T    6 -4 -2 -5 -2 -3 -2 -2 -4 -3 -3 -4 -4 -6 -5  3  0 -7 -5  1   55   1   2   0   1   1   3   2   0   1   2   0   0   0   0  18   4   0   0   9  1.04 0.56
   18 E    0  2  0  3 -5  2  4 -2 -1 -3 -3  2 -3 -5 -3 -1 -1 -5 -4 -3    9   9   4  16   0   9  24   2   1   1   2  12   0   0   1   4   3   0   0   2  0.48 0.31
   19 I   -2 -2 -5 -6 -2 -4 -5 -5 -4  3  3 -4  2  3 -6 -3  0 -2 -2  2    3   2   0   0   1   0   0   1   0  19  32   1   4  14   0   1   7   1   1  13  0.68 0.35
   20 F   -5 -8 -8 -9 -1 -8 -8 -7 -4 -3  3 -8  0  8 -8 -7 -6 -5  0 -5    1   0   0   0   1   0   0   0   0   1  28   0   2  64   0   0   0   0   3   0  2.20 0.81
   21 K   -4  3 -4 -4 -8  0 -3 -3  2 -8 -7  7 -6 -8 -6 -2 -5 -5 -5 -7    1  14   0   1   0   4   1   3   4   0   0  68   0   0   0   3   0   0   0   0  1.81 0.77
   22 A    5 -6 -5 -6 -3 -2 -5 -2 -4  0  1 -5  2 -5 -5 -1 -1 -6 -5  2   52   0   0   0   0   2   0   2   0   4  12   0   4   0   0   3   4   0   0  15  0.93 0.50
   23 L   -6 -7 -8 -9 -4 -6 -8 -8 -7  0  6 -7  3  3 -7 -7 -5 -6 -4 -2    0   0   0   0   0   0   0   0   0   4  76   0   6  10   0   0   0   0   0   2  1.80 0.72
   24 G    4 -5 -4 -5  0 -4 -5  5 -6 -7 -7 -5 -4 -7 -6  4 -4 -7 -7 -5   33   0   0   0   2   0   0  34   0   0   0   0   0   0   0  28   0   0   0   0  1.32 0.64
   25 D   -3 -6  3  7 -8 -4  0 -5  5 -8 -8 -6 -8 -8 -7 -2 -3 -9 -7 -5    2   0  11  64   0   1   4   0  13   0   0   0   0   0   0   2   2   0   0   1  1.98 0.80
   26 Y   -1 -3 -4 -2 -7 -2  2 -3 -3 -6 -6 -1 -4 -5  7  0 -2 -8 -4 -4    5   2   1   2   0   2  14   2   1   0   1   3   0   1  56   6   3   0   1   2  1.49 0.68
   27 N   -1 -2  3 -2 -4 -4 -3 -2 -1 -1 -2 -2 -2 -5 -5  0  6 -7 -4  0    5   2  13   2   0   0   1   3   2   3   4   3   1   0   0   7  49   0   0   6  0.90 0.51
   28 R   -7  9 -6 -7 -9 -5 -6 -8 -6 -8 -8 -3 -7 -8 -8 -6 -7 -8 -7 -8    0  98   0   0   0   0   0   0   0   0   0   1   0   0   0   0   0   0   0   0  3.27 1.15
   29 I   -3 -1 -7 -7 -5 -5 -7 -7 -7  3  6 -6  1 -3 -7 -5 -3 -3 -4  1    2   4   0   0   0   0   0   0   0  16  64   0   2   1   0   1   1   0   1   8  1.32 0.56
   30 R   -1  5 -2 -4 -3  2 -1 -3  0 -4 -2  4  2 -4 -5 -2 -2 -3 -4 -4    6  35   1   1   1   7   3   2   2   1   5  25   5   1   0   3   2   0   0   1  0.85 0.45
   31 I   -5 -7 -8 -8 -3 -7 -7 -8 -8  8  2 -7  2 -4 -7 -7 -4 -7 -6  0    0   0   0   0   0   0   0   0   0  73  15   0   4   0   0   0   1   0   0   6  2.05 0.76
   32 M   -2 -6 -7 -7 -4 -6 -7 -7 -7  3  5 -6  1  0 -7 -5 -4 -6 -4  3    3   0   0   0   0   0   0   0   0  12  60   0   3   3   0   0   1   0   0  16  1.29 0.55
   33 E   -1 -1  0  0  4 -1  1 -3  1 -3  0  0 -1  0 -4  1 -2  5  3 -3    4   3   4   6  11   3  11   2   3   1  10   5   2   3   0  12   2   7  11   1  0.31 0.23
   34 L    3 -1 -4 -4 -1  0 -2 -4  0  0  4 -4  3 -1 -5 -2 -2 -5 -1 -1   22   4   0   0   1   4   3   0   3   4  35   0   8   3   0   2   2   0   2   4  0.49 0.33
   35 L   -6 -7 -8 -9  0 -7 -8 -9 -8  1  7 -7  0 -5 -8 -7 -5 -7 -6 -2    0   0   0   0   2   0   0   0   0   6  87   0   1   0   0   0   1   0   0   2  2.08 0.82
   36 S    1  2 -2 -2  2  0 -1 -1 -1 -1  0  0  0  0 -4  2  0 -3 -2 -1   15  15   1   1   4   5   4   4   1   3  10   5   3   4   0  17   4   0   1   4  0.17 0.18
   37 V   -1  0  0  2  1  3  4 -1  3 -4 -4  0 -3 -5 -3  0 -1 -6 -3 -3    5   4   5  11   4  13  25   4   8   1   1   6   0   0   1   8   3   0   1   2  0.48 0.32
   38 S   -2  2 -1 -2 -1  1  1  5  1 -6 -6  0 -2 -7 -5  0 -2 -6 -5 -6    3   9   3   2   1   6   8  48   3   0   0   7   1   0   0   6   2   0   0   0  0.88 0.45
   39 E   -4 -3 -4  1 -9 -2  7 -6 -4 -8 -8 -3 -7 -8  0 -2 -5 -3 -7 -6    1   1   0   6   0   1  78   0   0   0   0   1   0   0   6   3   1   0   0   1  2.04 0.88
   40 A    0  1 -4 -5  2 -1 -2 -5  1 -2  3  1  5 -3 -5 -2 -3 -3 -1  0    9   9   0   0   5   3   2   0   4   1  32  10  15   1   0   2   1   0   2   5  0.54 0.34
   41 S   -2 -2  0 -2 10 -6 -7 -4 -4 -7 -7 -5 -5 -6 -3  3  1 -8 -6 -6    3   2   5   3  56   0   0   2   1   0   0   0   0   0   2  18   7   0   0   0  2.18 0.83
   42 V    1 -8 -5 -8 -6 -7 -7 -4 -8 -2 -4 -7 -2 -6 -6 -5 -4 -8 -7  8   11   0   1   0   0   0   0   2   0   1   0   0   1   0   0   1   1   0   0  83  2.15 0.86
   43 G   -2 -4  1 -5  9 -2 -5  3  1 -4 -5 -4 -4 -6 -7  1  1 -7 -5 -4    3   1   6   0  46   2   0  18   3   1   1   1   0   0   0   9   7   0   0   1  1.65 0.67
   44 H   -2 -4 -1  6 -4  0  5 -5  2 -7 -7 -1 -5 -6 -6 -4 -2 -8 -5 -4    3   0   2  37   1   4  39   1   4   0   0   4   0   0   0   1   2   0   0   1  1.36 0.63
   45 I   -5 -7 -8 -8 -2 -7 -8 -8 -8  5  5 -7  1 -1 -8 -7 -5 -6 -5 -1    0   0   0   0   1   0   0   0   0  35  55   0   3   3   0   0   0   0   0   3  1.63 0.65
   46 S    4 -4 -2 -4  2  0  1 -3 -4 -1  0 -3  0 -4 -4  1  1 -3 -4  2   34   0   1   0   4   4   8   1   0   2   9   0   2   0   0   9   9   0   0  14  0.45 0.32
   47 H    2 -2  0  3 -4  1  4 -2 -1 -4 -4 -1 -4 -5 -2  0  0 -4 -4 -2   18   2   4  14   0   6  30   3   2   1   1   3   0   0   2   5   5   0   0   2  0.53 0.35
   48 Q    1  0 -1 -1 -1  0  0 -2  2  1  1 -1  0 -2 -1 -1 -1 -3 -1  1   17   5   2   3   1   4   8   2   6  10  14   4   2   1   3   4   4   0   2  10  0.07 0.10
   49 L   -3 -6 -7 -6 -1 -5 -6 -6 -5  1  5 -6  0  3 -7 -3  0 -5 -3  2    1   0   0   0   1   0   0   0   0   6  52   0   2  13   0   2   7   0   0  15  1.03 0.48
   50 N   -2 -3  2  3 -4  1  1  5  1 -7 -6  0 -5 -6 -3 -1 -3 -7 -5 -6    2   1  11  16   0   6  10  39   3   0   0   5   0   0   1   4   1   0   0   0  0.83 0.43
   51 L   -1 -3 -5 -4 -2 -1 -3 -5 -3  3  3 -2  6 -1 -6 -2 -1 -2 -3  1    5   1   0   1   1   3   1   1   0  14  29   3  20   2   0   3   4   1   1  10  0.65 0.36
   52 S    0  0 -2 -2 -5 -2  0 -2 -2 -5 -5 -2 -4 -6  2  5  3 -7 -5 -5    6   5   2   2   0   1   7   3   1   0   0   2   0   0   9  41  19   0   0   0  0.80 0.49
   53 Q   -2 -2 -4 -4 -8  8 -1 -4 -3 -4 -5  0 -3 -7  0 -3 -3 -4 -7 -2    3   1   1   1   0  69   4   1   0   1   1   5   1   0   4   2   1   0   0   4  1.86 0.84
   54 S    1 -6 -4 -6 -6 -4 -6 -4 -6 -7 -8 -6 -7 -8  6  5 -1 -8 -5 -7   11   0   1   0   0   0   0   1   0   0   0   0   0   0  37  47   3   0   0   0  1.70 0.79
   55 N    4 -1  2 -5 -4 -3 -4 -3 -1 -4 -1 -1 -3 -6 -5  1  4 -6 -3 -3   33   3   8   0   0   1   0   2   2   0   6   4   0   0   0   9  28   0   1   2  0.73 0.45
   56 V   -1 -7 -7 -7 -2 -6 -7 -7 -7  4  2 -7 -1 -3 -7 -6 -1 -7 -5  6    5   0   0   0   1   0   0   0   0  23  18   0   1   1   0   0   4   0   0  48  1.31 0.57
   57 S   -3 -7 -5 -6 -3 -6 -6 -6 -7 -8 -7 -6 -7 -8 -7  8 -3 -9 -8 -8    1   0   0   0   1   0   0   0   0   0   1   0   0   0   0  97   1   0   0   0  2.75 1.13
   58 H   -4  1 -2 -6 -8  6 -4 -6  9 -8 -8 -1 -6 -2 -7 -4 -5 -7 -1 -6    2   7   2   0   0  28   0   0  50   0   0   4   0   2   0   1   1   0   2   0  2.20 0.87
   59 Q   -5 -3 -4 -4 -9  6 -5 -7 10 -9 -9 -6 -4 -8 -8 -5 -6 -8 -5 -7    1   1   0   1   0  30   0   0  65   0   0   0   0   0   0   1   0   0   0   0  3.08 1.11
   60 L   -7 -7 -9 -9 -3 -7 -8 -9 -8 -2  7 -8  4 -3 -8 -8 -6 -7 -6 -2    0   0   0   0   0   0   0   0   0   2  85   0  10   1   0   0   0   0   0   3  2.13 0.83
   61 K    3  5 -1 -4 -5  0 -4 -1 -3 -5 -5  4 -4 -7 -5  0 -2 -7 -6 -6   23  31   3   1   0   3   0   5   0   0   0  23   0   0   0   7   2   0   0   0  0.94 0.50
   62 L   -3  0 -4 -5  2 -2 -3 -5 -2  4  2  1  0 -1 -5 -3 -1 -2 -1  3    1   4   1   0   5   1   2   0   1  20  19  10   2   2   0   2   4   1   3  24  0.48 0.29
   63 L   -7 -8 -9 -9 -7 -7 -8 -9 -8 -4  7 -8  3 -3 -8 -8 -7 -7 -6 -4    0   0   0   0   0   0   0   0   0   0  94   0   5   1   0   0   0   0   0   0  2.41 0.91
   64 K   -3  7 -4 -6  0 -3 -2 -6 -2 -4 -3  5 -3 -5 -6 -4 -3 -4 -2 -2    2  50   0   0   2   0   2   0   1   1   2  31   1   1   0   1   1   0   1   3  1.51 0.67
   65 S    0  1  2  3 -4  3  2 -2 -1 -4 -2  1 -1 -4 -4  0 -1 -1 -4 -4    9   7  12  19   0  12  13   2   1   1   4   8   2   0   0   5   3   1   0   1  0.41 0.28
   66 V    4 -2  0 -2  4  0 -1 -1  1 -3  0 -1  1 -4 -4  1 -1 -4 -1 -2   38   2   4   2   8   3   4   3   3   1   9   3   4   0   0   9   3   0   2   2  0.43 0.31
   67 H   -4  3  1  0 -5 -1 -1  6  0 -8 -6  1 -6 -7 -6 -3 -5 -5 -5 -7    0  15   6   4   0   3   3  56   3   0   0   7   0   0   0   1   0   0   0   0  1.29 0.58
   68 L   -5 -7 -8 -8 -4 -6 -7 -7 -7  4  6 -7  0 -2 -7 -7 -5  1 -2  1    1   0   0   0   0   0   0   0   0  18  66   0   1   1   0   0   0   2   1   9  1.51 0.63
   69 V   -2 -8 -8 -8 -3 -7 -8 -8 -8  3  0 -7 -3 -6 -7 -7 -4 -8 -6  7    3   0   0   0   0   0   0   0   0  13   9   0   0   0   0   0   1   0   0  74  1.95 0.77
   70 K    0  2  1  0 -2  1  1 -3  0 -2 -3  4 -3 -4 -4  1  2 -4 -3 -1    7  10   5   4   1   4   8   1   2   2   2  24   0   0   0  12  12   0   1   4  0.36 0.27
   71 A    1  1  0  1  0 -1 -1  1 -2 -3 -4 -2 -2  1 -2  2  1 -2  2 -1   11   8   3   7   2   1   4   9   1   1   0   1   1   6   1  20  10   0   7   6  0.20 0.20
   72 K   -5  8 -3 -3 -6 -1  2 -7 -1 -6 -7  0 -5 -7 -7 -3 -2 -4 -3 -4    1  67   1   1   0   2  14   0   2   0   0   4   0   0   0   2   3   0   1   1  1.81 0.76
   73 R   -5  7 -4 -6 -8  0 -4 -6 -4 -7 -7  5 -5 -8 -4 -4 -5 -8 -7 -6    0  55   0   0   0   4   0   0   0   0   0  36   0   0   1   1   0   0   0   0  2.03 0.82
   74 Q   -2  2 -2  3 -4  3  5 -5  0 -4 -6  0 -5 -7 -5 -1 -4 -7 -5 -2    3  11   1  17   0  10  40   0   2   1   0   5   0   0   0   4   0   0   0   3  0.96 0.50
   75 G   -1 -4 -5 -6 -8 -6 -6  8 -5 -9 -9 -5 -8 -9 -7 -2 -6 -4 -8 -8    5   1   0   0   0   0   0  89   0   0   0   1   0   0   0   3   0   0   0   0  2.44 0.91
   76 Q   -4  4  0 -5 -7  3 -4 -5 -3 -5 -3  5 -3 -6 -4 -2  1 -4 -5 -2    1  22   4   0   0  13   0   0   0   0   3  39   0   0   1   3  10   0   0   3  1.06 0.55
   77 S   -3  1  1 -5 -4  2  0 -6  1 -2 -2 -1  1  2 -6  0  1  9 -1 -2    1   7   8   0   0   8   5   0   4   2   3   3   4   7   0   7  10  26   2   2  0.88 0.45
   78 M    0 -4 -2 -7 -4 -3 -6 -7 -2  4 -2 -5  2 -4 -6 -2  0 -7 -3  5    7   1   2   0   0   1   0   0   1  25   1   0   5   0   0   3   6   0   1  45  1.07 0.51
   79 I   -5 -2 -4 -6 -2 -5 -6 -8  3  1 -1 -6 -2  5 -8 -6 -5  0  8 -1    0   2   1   0   1   0   0   0   7   8   5   0   1  22   0   0   0   1  46   4  1.67 0.68
   80 Y   -8 -8 -9 -10 -2 -8 -8 -10 -3 -8 -6 -8 -7 -2 -9 -8 -8 -4 10 -6    0   0   0   0   1   0   0   0   0   0   1   0   0   1   0   0   0   0  97   0  3.88 1.32
   81 S    0  4 -3 -5 -2  0 -2 -4 -1 -6 -6  0 -4 -4 -6  5  0 -3 -2 -4    6  24   1   0   1   3   2   0   2   0   0   5   0   1   0  46   5   0   2   1  1.03 0.57
   82 L   -3 -7 -7 -8 -4 -4 -5 -8 -4  3  6 -6 -1 -3 -5 -6 -5 -6 -4  1    3   0   0   0   0   1   1   0   0  17  65   0   1   0   1   0   0   0   1  10  1.42 0.61
   83 D    3  0  3  3 -1 -2 -1 -2 -1 -3 -4  0 -3 -4 -3  1  0 -6 -2 -1   22   4  17  18   1   1   3   2   2   1   1   5   0   0   1  10   5   0   2   5  0.41 0.29
   84 D   -4 -1  1  7 -3 -2  0 -3 -2 -5 -5 -2 -2 -6  0  0  0 -5 -3 -5    1   3   6  57   1   1   4   2   1   1   1   2   1   0   5   6   5   0   1   1  1.24 0.58
   85 I   -1 -1  0  3 -4  0  4 -1  1 -5 -5 -1 -4 -5  4  0  0 -7 -5 -5    4   3   3  16   0   4  23   4   3   0   1   3   0   0  22   7   5   0   0   1  0.66 0.40
   86 H   -1  2 -2 -1 -1 -1  1 -3  9 -5 -4  0 -3 -4 -4 -2 -2 -7 -2 -1    6  11   2   3   1   2  11   2  41   0   2   5   1   1   1   3   2   0   1   5  1.14 0.55
   87 V    0 -5 -6 -7 -2 -4 -6 -6 -4  4  1 -4  0  0 -4 -5 -2 -6 -3  6    7   0   0   0   1   1   0   0   0  19  13   1   2   4   1   0   2   0   1  47  1.05 0.50
   88 A    1  2 -1 -2 -3  1  1 -2 -1  0  1  1  1 -1 -2  0  0 -3  0  0   15  13   2   1   0   5   8   2   2   5  12   9   4   3   1   5   5   0   3   6  0.11 0.12
   89 T    0  1  1  2 -3  3  3 -1  1 -3 -4  0 -1 -5 -1  0  1 -3 -3 -3    8   7   5  11   1  12  18   3   4   1   1   6   2   0   3   7   9   0   0   1  0.31 0.24
   90 M   -3 -6 -6 -6 -5 -5 -6 -7 -7  5  5 -6  3 -1 -5 -5 -4 -2 -4  2    2   0   0   1   0   0   0   0   0  25  48   0   6   3   1   0   1   1   0  11  1.19 0.54
   91 L   -4 -6 -7 -7 -1 -6 -7 -7 -6  4  4 -6  3  2 -7 -6 -4 -4  0  2    1   0   0   0   1   0   0   0   0  21  44   0   6   8   0   0   0   0   3  14  1.12 0.51
   92 K    1  1  1  3 -4  2  2 -2  1 -3 -3  2 -1 -4 -4  0  0 -5 -2 -2   12   7   8  15   0   8  14   3   4   1   3  11   1   0   0   5   4   0   1   2  0.31 0.23
   93 Q    0 -2  0  2 -1  3  2 -3 -1 -1  0  0  1 -3 -3  0 -1  3 -3  0    8   1   4  12   1  17  12   1   1   3   9   4   4   1   1   5   4   4   1   6  0.23 0.21
   94 A    4 -5 -5 -5 -1 -4 -4  1 -5  0  1 -4  4  0 -5 -2  0 -3 -5  1   35   0   0   0   1   0   1  12   0   5  11   0  11   4   0   2   7   0   0  10  0.61 0.39
   95 I   -2  0 -5 -5 -3 -2 -4 -4 -3  3  4 -3  3  2 -6 -4 -3 -4  1  1    3   6   0   1   0   2   1   1   1  18  36   1   7   8   0   1   1   0   4  10  0.63 0.34
   96 H    0 -1  1  2 -2  1  4 -2  2 -3 -4 -1 -4 -1 -3  0 -1 -5  1 -3    9   3   5  11   1   7  32   2   5   2   1   4   0   3   1   5   4   0   5   1  0.46 0.31
   97 H   -3 -2  0 -4 -4  1 -2 -5 10 -3 -5 -3 -2 -1 -7 -3 -5 -4  0 -5    3   2   5   1   0   6   2   1  66   2   1   1   1   2   0   2   0   0   3   1  2.32 0.88
   98 A    3 -4 -4 -5 -3 -3 -5 -4 -3  4  1 -3  0  0 -5 -2 -1 -5 -1  3   24   0   1   0   0   1   0   1   1  22  14   1   2   4   0   3   3   0   2  21  0.58 0.34
   99 N    0  1  1  2  1  1  2 -1  0 -4 -3  1 -3  0 -1  0  1 -2  0 -3    6   7   6  11   4   6  16   4   2   0   2  10   0   4   3   6   8   0   3   1  0.20 0.17
  100 H   -4 -3 -4  0  5 -2  5 -6  8 -6 -5 -3 -6 -7 -5 -2 -5 -7 -2 -6    1   1   0   5  10   1  41   0  32   0   1   1   0   0   0   3   0   0   1   0  1.65 0.72
  101 P   -1 -2 -1  1 -4  1  2 -1 -2 -3 -2  0 -3 -3  4  0  0 -5 -1  0    5   2   3   8   0   6  15   6   0   1   4   4   0   1  25   6   4   0   2   8  0.40 0.25
  102 K   -1  2 -1  0 -2  2  2 -2  1 -3 -3  4 -2 -5  0  0  0 -5 -4 -1    6  10   2   5   1   9  13   2   4   1   2  25   1   0   5   4   7   0   0   4  0.35 0.24
  103 E   -1  0 -1  3 -2  2  6 -2 -3 -6 -5 -1 -5 -6 -3 -2 -3 -6 -5 -6    5   5   2  16   1  10  53   3   0   0   1   2   0   0   1   1   1   0   0   0  1.08 0.50
  104 S    0 -1  2  4 -2 -2 -1  2 -2 -3 -4 -1 -4 -5  0  2  0 -5 -4 -4    6   3  12  25   1   0   2  18   1   1   1   2   0   0   4  17   5   0   0   1  0.47 0.25
  105 G    2 -4 -1 -1  5 -4 -4  6 -4 -2 -5 -2 -4 -5 -4 -2 -3 -5 -5 -4   16   0   2   3  13   0   0  60   0   3   0   2   0   0   0   0   0   0   0   0  1.16 0.39
  106 L   -2 -4 -5 -5  5 -4 -5 -5 -5  5  3 -4  0  0 -4 -3 -2 -4 -3  2    0   0   0   0  17   0   0   0   0  40  25   0   0   3   0   0   0   0   0  16  0.75 0.22

                      K         Lambda
Standard Ungapped    0.1278     0.3156
Standard Gapped      0.0410     0.2670
PSI Ungapped         0.2092     0.3175
PSI Gapped           0.0640     0.2670
