  223         A         R         N         D         C         Q         E         G         H         I         L         K         M         F         P         S         T         W         Y         V    
  1 M   1 -0.051952 -0.051952 -0.103905 -0.155857 -0.051952  0.000000 -0.103905 -0.155857 -0.103905  0.051952  0.103905 -0.051952  0.259762  0.000000 -0.103905 -0.051952 -0.051952 -0.051952 -0.051952  0.051952
  2 G   2  0.031968 -0.054786  0.020167 -0.033884 -0.082658 -0.030048 -0.020292 -0.005244 -0.072067 -0.098836 -0.091917 -0.034453 -0.066787 -0.118489 -0.073279  0.081242  0.047770 -0.148882 -0.112230 -0.072354
  3 S   3  0.075037 -0.057522  0.013843 -0.036066 -0.081979 -0.029057 -0.013501  0.005615 -0.079904 -0.118942 -0.118942 -0.034242 -0.084459 -0.140846 -0.073432  0.105485  0.048883 -0.176674 -0.130298 -0.080171
  4 H   4 -0.042169  0.040249  0.032277 -0.000776 -0.186791  0.058427  0.070106 -0.061354  0.012571 -0.192266 -0.170919  0.054040 -0.100823 -0.179387 -0.093376  0.027132 -0.042827 -0.192065 -0.113962 -0.154971
  5 H   5 -0.030992 -0.068943 -0.023873 -0.064842 -0.143464 -0.001720 -0.023097 -0.135193 -0.049205 -0.117707 -0.118522 -0.053232 -0.077060 -0.146591 -0.016938  0.012811  0.061209 -0.175818 -0.080692 -0.072106
  6 H   6 -0.015238 -0.038601  0.013453  0.004938 -0.156855 -0.006711  0.002986 -0.097139  0.067148 -0.155163 -0.161001 -0.030276 -0.095591 -0.155309 -0.115278  0.010252 -0.063750 -0.227020 -0.091275 -0.132063
  7 H   7 -0.021708 -0.023093  0.012461 -0.018617 -0.162039  0.050546  0.033800 -0.111589  0.019337 -0.162777 -0.148975  0.007335 -0.080376 -0.169287 -0.103850  0.073261  0.002091 -0.213329 -0.102052 -0.130305
  8 H   8 -0.039709 -0.089927  0.083359 -0.052887 -0.154074 -0.075988 -0.075366 -0.089561 -0.063281 -0.119855 -0.117316 -0.083915 -0.096262 -0.157829 -0.125873  0.027012  0.055045 -0.241793 -0.140061 -0.099410
  9 H   9 -0.042356  0.022517  0.017077 -0.030817 -0.214819  0.054737  0.068035 -0.105228 -0.016553 -0.215659 -0.190684  0.040194 -0.116497 -0.219976 -0.088946  0.038761  0.032885 -0.226494 -0.145675 -0.154941
 10 S  10 -0.040480 -0.081379 -0.089955 -0.065340 -0.184744  0.071479  0.007908 -0.210908 -0.142910 -0.096617 -0.061250 -0.050871  0.110279 -0.167971 -0.151578  0.003619 -0.031162 -0.230335 -0.166603 -0.053630
 11 S  11  0.056172 -0.109235 -0.075441 -0.129253 -0.149578 -0.077289 -0.072161 -0.163153 -0.188145 -0.130517 -0.119306 -0.062632 -0.093290 -0.233557 -0.034353  0.081452  0.129448 -0.305997 -0.217613 -0.067059
 12 G  12  0.080840 -0.113003 -0.029312 -0.069314 -0.196985 -0.077848 -0.052373  0.071200 -0.172107 -0.236292 -0.225661 -0.068410 -0.156062 -0.262458 -0.153618  0.072451 -0.008707 -0.296374 -0.249304 -0.155225
 13 L  13 -0.075439 -0.115739 -0.069249 -0.149736 -0.239069 -0.007100 -0.087072 -0.191452 -0.135498 -0.156668 -0.104153 -0.073144  0.022673 -0.195121 -0.090051 -0.023069 -0.069462 -0.287010 -0.175462 -0.116173
 14 V  14  0.060012 -0.097166 -0.092250 -0.113402 -0.217168 -0.039268 -0.037748 -0.104223 -0.139128 -0.205780 -0.201157 -0.073625 -0.141905 -0.220223 -0.160307  0.019024 -0.011698 -0.302252 -0.167223 -0.126075
 15 P  15  0.018523 -0.167978 -0.192168 -0.164424 -0.245404 -0.051955 -0.058033 -0.234415 -0.220180 -0.167162 -0.165028 -0.084904 -0.078226 -0.302636  0.129875 -0.015598 -0.056889 -0.389161 -0.248254 -0.083966
 16 R  16 -0.008438 -0.022190 -0.099987 -0.171945 -0.265297  0.053370 -0.019606 -0.227353 -0.149940 -0.228128 -0.148585  0.007297 -0.073100 -0.273988 -0.126104  0.025491 -0.035155 -0.335452 -0.184662 -0.167428
 17 G  17 -0.010036 -0.115065 -0.022952 -0.072093 -0.349578 -0.012894  0.052451 -0.049770 -0.169458 -0.304761 -0.300850 -0.068011 -0.200549 -0.355119 -0.152603  0.040459 -0.055925 -0.412275 -0.294174 -0.204998
 18 S  18 -0.063926 -0.115813 -0.138806 -0.153110 -0.348385 -0.025519  0.021491 -0.328546 -0.217304 -0.185871 -0.166885 -0.015936 -0.089829 -0.334390 -0.093763 -0.030224 -0.079232 -0.461566 -0.274840 -0.120463
 19 H  19 -0.071466 -0.068379 -0.058880 -0.088977 -0.340647  0.016504  0.012788 -0.298875 -0.128221 -0.223610 -0.233085 -0.058670 -0.134366 -0.347313 -0.212403  0.027123  0.019581 -0.461614 -0.269763 -0.167849
 20 M  20 -0.225150 -0.373750 -0.601386 -0.837139 -0.400350 -0.076011 -0.512541 -0.919918 -0.656865  0.233550  0.413206 -0.332523  1.014720 -0.203046 -0.596481 -0.262030 -0.182729 -0.550441 -0.391349  0.277027
 21 T  21 -0.256530 -0.352944 -0.141923 -0.376889 -0.711760 -0.002061 -0.234217 -0.803022 -0.501014 -0.360359 -0.211584 -0.259721  0.138724 -0.665735 -0.601686 -0.003613  0.052473 -0.975048 -0.613202 -0.262035
 22 H  22 -0.297529 -0.264551  0.264174  0.365642 -1.052804  0.209916  0.449926 -0.590630 -0.180926 -0.924867 -0.915264 -0.041068 -0.586241 -1.046951 -0.504561  0.210757 -0.092118 -1.311763 -0.796605 -0.757446
 23 F  23 -0.339947 -0.360124 -0.229190 -0.125551 -1.087762  0.101528  0.293777 -0.858572 -0.449890 -0.634669 -0.596158 -0.111038 -0.372496 -0.826970 -0.540345 -0.108123 -0.198799 -1.184940 -0.677074 -0.449592
 24 S  24 -0.315252 -0.292122  0.216976  0.405848 -1.118809  0.234983  0.372250 -0.633423 -0.350029 -1.041540 -1.062135 -0.034117 -0.672226 -1.211273 -0.451872  0.192583 -0.048405 -1.454782 -0.925701 -0.817403
 25 Q  25 -0.308982  0.043609 -0.299737 -0.326230 -1.130716  0.396917  0.219313 -0.978434 -0.455520 -0.723108 -0.571122  0.035272 -0.226922 -1.017568 -0.737013 -0.136932 -0.238880 -1.254441 -0.733469 -0.538308
 26 Q  26 -0.503972 -0.416229 -0.720895 -1.248604 -0.901782 -0.311025 -0.758452 -1.539466 -0.854028  0.052222  0.452448 -0.547140  0.476614 -0.521225 -1.262272 -0.585893 -0.446860 -1.225473 -0.605512 -0.083954
 27 D  27 -0.452382 -0.126633  0.478852  0.385278 -1.499386  0.412977  0.666442 -0.789081 -0.217924 -1.309735 -1.252541  0.083092 -0.788470 -1.451544 -0.750075  0.130704 -0.173360 -1.705348 -1.039548 -1.035232
 28 N  28  0.234934 -0.494788 -0.292082 -0.319258 -1.100901 -0.033462  0.110721 -0.753519 -0.569472 -0.932238 -0.917371 -0.364891 -0.563950 -1.238863 -0.882031  0.112359 -0.173973 -1.615478 -0.986919 -0.599231
 29 F  29 -0.791504  1.157498 -0.806483 -1.677568 -1.665096 -0.292226 -0.773026 -1.768253 -0.447590 -0.907441 -0.632651  0.033521 -0.314141 -0.484025 -1.764105 -0.893058 -0.786007 -1.384078 -0.333643 -1.070068
 30 S  30  1.593593 -0.685392 -0.680407 -0.935748 -0.518539 -0.324674 -0.411427 -0.236648 -1.089613 -0.970698 -0.957853 -0.467768 -0.654539 -1.460590 -0.842899  1.039933  0.094453 -2.096762 -1.352567 -0.502167
 31 V  31 -0.387340 -1.062969 -0.856816 -0.543386 -1.302260 -0.585614 -0.425512 -1.416431 -1.121384 -0.514689 -0.515828 -0.861840 -0.392703 -0.844025 -1.451788 -0.460010 -0.535574 -1.834679 -0.944077 -0.438714
 32 A  32 -0.291914 -1.668874 -1.830667 -2.215628 -0.804287 -1.412825 -1.736896 -2.256503 -1.789723  1.121722  1.009470 -1.523339  0.583558 -0.221385 -1.898023 -0.933893 -0.263972 -1.671593 -0.516499  0.988524
 33 A  33 -0.843798 -1.625159 -1.600615 -2.178555 -0.902360 -1.066140 -1.648890 -1.822954  0.344464 -0.778895 -0.728817 -1.570870 -0.687743  1.336807 -2.099083 -1.047723 -1.234205  0.499032  3.097597 -0.748876
 34 R  34 -0.486381  0.924200  0.093381 -0.592332 -2.041805  0.361486  0.069242 -0.834614 -0.478282 -2.058112 -1.650315  0.419135 -0.968444 -2.041734 -1.362269 -0.110426 -0.549726 -2.027973 -1.472707 -1.784356
 35 V  35 -0.847301 -1.973029 -2.401147 -2.816824 -0.887721 -1.733610 -2.244421 -2.751197 -2.046716  1.060030  1.462917 -1.861080  0.892845  0.577770 -2.447420 -1.509688 -0.729573 -0.525828 -0.131825  0.675339
 36 L  36 -0.933186 -1.883591 -2.529788 -3.166238 -0.974230 -1.838268 -2.502131 -3.168639 -2.221080  1.401944  2.544198 -1.867919  1.354911  0.839249 -2.656002 -1.644230 -0.979842 -1.234105 -0.253289  0.632128
 37 G  37  1.302467 -0.925997 -0.382396 -0.999595 -1.163977 -0.746534 -0.809648  1.187738 -1.102603 -1.913926 -1.882344 -0.744847 -1.335803 -1.925573 -1.200632  1.101511 -0.363570 -2.264301 -1.749088 -1.344908
 38 A  38  0.276347 -0.167101 -0.094305 -0.825950 -1.466893 -0.146688 -0.310304 -0.832198 -0.748005 -1.472937 -1.278758 -0.215083 -0.805725 -1.788184 -1.252647  0.595357  0.051687 -2.393709 -1.451524 -1.153362
 39 L  39 -0.506369 -1.810951 -2.350411 -2.953243 -0.454301 -1.646490 -2.317860 -2.871583 -2.323650  1.226313  2.027238 -1.724671  1.205448 -0.075833 -2.342867 -1.351901 -0.694544 -1.680684 -0.803471  0.798092
 40 F  40 -1.346012 -2.175908 -2.482031 -2.871016 -1.347207 -2.068283 -2.469142 -2.856524 -1.286242  0.532687  1.093687 -2.168841  0.573088  2.756888 -2.990744 -1.679943 -1.359680 -0.072206  1.390003 -0.186159
 41 Y  41 -0.361864 -0.971660 -1.247098 -1.851986 -1.352548 -0.878503 -1.264158 -1.676302 -0.720692 -0.501279 -0.280793 -1.056022 -0.291200 -0.118198 -1.952108 -0.602958 -0.712028 -1.209486  0.445603 -0.492999
 42 Y  42 -0.610713 -0.117977 -0.600289 -1.146885 -1.774299 -0.132804 -0.443820 -1.431960 -0.073469 -1.611621 -1.397813 -0.244871 -0.898572 -0.707174 -1.715513 -0.436951 -0.742398 -1.377068  0.180903 -1.366223
 43 A  43 -0.252512 -0.787815 -0.734168 -0.371868 -2.022075  0.142097  0.516133 -1.323052 -0.593746 -1.749404 -1.725963 -0.314139 -1.116939 -1.792786  0.303289 -0.050200 -0.587901 -2.147210 -0.964536 -1.188691
 44 P  44 -0.776468 -1.698321 -1.786826 -1.270211 -2.250815 -0.964670 -1.068106 -2.005694 -1.794447 -1.740528 -1.614886 -1.024538 -1.115503 -2.680211  3.893388 -0.915373 -0.739365 -3.092594 -2.135415 -1.144145
 45 E  45 -0.671568 -0.963896  0.554525  1.623560 -2.064900  0.126649  0.818829 -0.871252 -0.845939 -2.081936 -2.316262 -0.407089 -1.591334 -2.264772 -0.976661  0.702698  0.242165 -2.786541 -1.979630 -1.743942
 46 S  46 -0.312970 -0.488490 -0.152671  0.739299 -2.193142  0.527848  1.077634 -1.111692 -0.699430 -2.086477 -2.092226  0.046299 -1.331018 -2.312775 -0.622166  0.277750 -0.516643 -2.669529 -1.788238 -1.582391
 47 A  47 -0.236122 -0.571547 -0.236582  0.713450 -2.395926  0.514145  1.492813 -0.992791 -0.731262 -2.201483 -2.189016  0.078590 -1.419351 -2.387656 -0.500193  0.173489 -0.631840 -2.674032 -1.842842 -1.556094
 48 E  48 -0.698104 -1.002541 -1.340454 -1.662867 -1.544139 -0.530682 -0.921950 -2.248584 -1.367150 -0.253589  0.235859 -0.956641  0.161878 -0.620299 -1.880971 -0.824649 -0.514950 -1.616379 -0.760477 -0.289435
 49 A  49 -0.533749 -1.675307 -2.064873 -2.624290 -0.980703 -1.487186 -1.972024 -2.705036 -1.958864  0.977318  1.445783 -1.579027  0.752308 -0.210289 -2.268062 -1.279022 -0.661838 -1.738340 -0.579754  0.693771
 50 A  50  0.175490 -0.318608 -0.187357  0.129562 -1.877373  0.366632  0.687931 -0.978857 -0.680425 -1.881464 -1.839259  0.066361 -1.179655 -2.178220 -1.022014  0.338575 -0.394577 -2.667423 -1.674557 -1.329407
 51 P  51 -0.170352 -0.315522 -0.340553 -0.254171 -2.100257  0.272348  0.418056 -0.943108 -0.714093 -1.996473 -1.878559 -0.129727 -1.138500 -2.124144 -0.654894  0.034946 -0.475884 -2.400104 -1.594294 -1.444835
 52 L  52 -0.659089 -1.938584 -2.464184 -3.051992 -0.882511 -1.763357 -2.371436 -3.099012 -2.354669  1.570913  2.179057 -1.848845  1.211622  0.013826 -2.485820 -1.523706 -0.707980 -1.707895 -0.674803  1.077200
 53 V  53 -0.194527 -0.676595 -1.400904 -1.803365 -1.383040 -0.719570 -1.040585 -1.940395 -1.338283 -0.336601 -0.261310 -0.700777 -0.138314 -0.793431 -1.641763 -0.682425 -0.571192 -1.934849 -0.822989 -0.207090
 54 A  54  0.045406 -0.677489  0.028250  0.394284 -1.896688  0.046380  0.616840 -0.506888 -0.907068 -2.009730 -2.075337 -0.248474 -1.421742 -2.272305 -0.852490  0.517649 -0.136334 -2.656799 -1.902701 -1.449182
 55 V  55 -0.280364 -1.474863 -1.783810 -2.167640 -1.091402 -1.142150 -1.527055 -1.842300 -1.618819 -0.141503  0.163951 -1.284356  0.148948 -0.209686 -2.042391 -0.821832 -0.752767 -0.943899 -0.459215 -0.137330
 56 L  56 -0.597396 -1.454784 -1.893630 -2.268129 -1.199458 -1.262627 -1.643139 -2.515730 -1.779917  0.655039  1.157221 -1.379587  0.605285 -0.154313 -2.086740 -1.076276 -0.702737 -1.630543 -0.663589  0.324396
 57 T  57  0.024234 -0.201815 -0.462248 -0.551519 -1.660656 -0.063305 -0.044906 -1.045673 -1.095086 -1.565232 -1.426172  0.001363 -0.926625 -2.010197 -0.715680  0.119979 -0.100737 -2.424341 -1.663668 -1.088298
 58 S  58 -0.348759 -0.525146 -0.162121  0.318393 -2.055912  0.635238  0.846686 -1.054978 -0.600083 -1.806885 -1.703850 -0.189835 -1.040820 -2.002004 -1.164120  0.158590 -0.460338 -2.361227 -1.447337 -1.348767
 59 D  59 -0.545702 -1.341770 -0.857748 -0.627247 -1.757878 -0.711769 -0.607601 -1.068350 -1.457494 -0.896380 -0.690922 -1.018055 -0.579514 -1.522746 -1.257978 -0.414282 -0.724975 -2.303763 -1.564670 -0.794558
 60 G  60 -0.157684 -0.798100 -0.112542  0.234697 -2.047323 -0.188237  0.296467 -0.291817 -1.053221 -2.021006 -2.005786 -0.237061 -1.412973 -2.212456 -0.892856  0.276285 -0.476015 -2.612981 -1.915864 -1.514897
 61 W  61 -0.533044 -1.527907 -1.615866 -1.678485 -1.401595 -1.058130 -1.102410 -1.953284 -1.660730 -0.208682  0.105773 -1.277512 -0.032511 -0.598025 -2.016528 -0.799500 -0.578887 -0.912832 -0.793405 -0.232864
 62 E  62 -0.221762 -0.687221 -0.519747 -0.634639 -1.668694 -0.172803 -0.083220 -1.353008 -1.038462 -1.209983 -1.031261 -0.434568 -0.711146 -1.730733 -0.983262 -0.101326 -0.385965 -2.351473 -1.448581 -0.897738
 63 T  63  0.031593 -0.617186 -0.553222 -0.165952 -1.806580  0.297657  0.428687 -1.107944 -0.895987 -1.674577 -1.539538 -0.265397 -0.980983 -1.948431 -0.676074  0.143924 -0.466323 -2.409963 -1.506920 -1.190517
 64 Q  64 -0.376387 -0.774214 -0.356798 -0.027035 -1.831643  0.123519  0.335709 -1.224796 -0.748111 -1.538357 -1.459090 -0.432858 -0.918847 -1.696780 -0.962979  0.039380 -0.450651 -2.319018 -1.350042 -1.188218
 65 W  65 -0.916990 -1.561251 -1.496701 -1.760268 -1.522535 -1.142250 -1.397640 -1.274224 -1.408122 -0.989274 -0.664568 -1.429856 -0.430456 -0.393608 -2.018570 -0.972184 -0.867184  0.659739 -0.365913 -0.953410
 66 P  66  0.002068 -0.990679 -0.829117 -0.406642 -1.860264 -0.402843 -0.218715 -1.072921 -1.304929 -1.904289 -1.885012 -0.466403 -1.287216 -2.469512  1.397481  0.052314 -0.310540 -2.847330 -2.027323 -1.294118
 67 L  67 -0.523124 -0.953513 -0.998628 -0.969600 -1.523168 -0.532957 -0.503126 -1.803457 -1.136005 -0.805286 -0.485707 -0.795704 -0.410971 -1.107382 -1.455897 -0.546909 -0.627629 -2.092559 -1.045699 -0.722737
 68 P  68 -0.215992 -1.319124 -0.968087 -1.053365 -1.720383 -0.875471 -0.802126 -0.626679 -1.558679 -1.079779 -0.974506 -1.047621 -0.662819 -1.601946 -1.060813 -0.332225 -0.620058 -2.267348 -1.628162 -0.757608
 69 E  69 -0.344222 -0.514689 -0.583902 -0.617647 -1.906019  0.153787  0.050892 -1.292915 -0.988072 -1.342843 -1.278084 -0.303770 -0.732196 -1.750977 -1.290429 -0.187409 -0.356714 -2.242650 -1.316819 -0.887167
 70 A  70  0.027927 -0.448652 -0.188985  0.538784 -1.998551  0.240466  0.833317 -0.959866 -0.919891 -1.959641 -1.982185 -0.087269 -1.347147 -2.296272 -0.995366  0.281433 -0.408242 -2.805659 -1.906424 -1.448027
 71 S  71  0.506636 -0.895535 -0.872857 -0.805477 -1.529898 -0.266981 -0.112086 -1.011506 -1.083407 -1.457364 -1.374494 -0.555876 -0.902000 -1.721719 -1.053304  0.235124 -0.346305 -2.200304 -1.394058 -0.940166
 72 L  72 -0.727812 -1.719015 -2.223533 -2.616945 -1.296453 -1.360949 -1.873069 -2.646653 -2.067838  0.623732  1.188562 -1.593046  0.670665 -0.280199 -2.394446 -1.331369 -0.840146 -1.106905 -0.677811  0.338985
 73 A  73  0.009707 -0.464014 -0.373835 -0.748145 -1.720379 -0.094981 -0.123321 -1.058482 -1.111717 -1.429260 -1.269550 -0.219096 -0.811330 -1.920140 -1.331291  0.133728 -0.267369 -2.480179 -1.603937 -1.009415
 74 P  74  0.006276 -0.249588 -0.510200 -0.522902 -1.961996  0.145734  0.216624 -1.225476 -0.912968 -1.707034 -1.498687 -0.109657 -0.935238 -2.068236 -0.944016  0.026598 -0.412625 -2.576600 -1.643726 -1.230671
 75 L  75 -0.698577 -1.670114 -2.168347 -2.657870 -1.226281 -1.476634 -1.940068 -2.770680 -1.859323  0.628616  1.111500 -1.571192  0.577928 -0.013559 -2.400859 -1.305259 -0.810951 -1.390733 -0.358481  0.327545
 76 V  76  0.031557 -1.176349 -1.523649 -1.789604 -0.935634 -0.827351 -1.062717 -2.073444 -1.817965 -0.225062  0.013861 -0.854462 -0.059252 -1.436225 -1.552977 -0.506765 -0.358927 -2.444119 -1.455636 -0.015168
 77 T  77 -0.025219 -0.133384 -0.124293 -0.187425 -2.053653  0.211884  0.356973 -0.965466 -0.779583 -2.016998 -1.826195  0.096463 -1.182257 -2.253223 -1.229944  0.269241 -0.443166 -2.721441 -1.761828 -1.547116
 78 A  78  0.149193 -0.620288 -1.125036 -1.534497 -1.489730 -0.402415 -0.619436 -1.719844 -1.181908 -0.885356 -0.488264 -0.516929 -0.330123 -1.404866 -1.569874 -0.232463 -0.393133 -2.208109 -1.214071 -0.607825
 79 F  79 -0.077760 -1.285081 -1.535098 -1.771868 -1.312276 -0.865541 -1.190649 -1.928332 -1.634959 -0.365988  0.008265 -1.143191 -0.077896 -0.780890 -1.725171 -0.594657 -0.561564 -1.789433 -0.944875 -0.298974
 80 Q  80 -0.310084  0.167788 -0.326461 -0.682809 -2.157605  0.455910  0.262144 -1.246251 -0.808668 -1.969325 -1.638647  0.384020 -0.854728 -2.191616 -1.084074  0.036099 -0.516558 -2.467621 -1.611938 -1.466867
 81 T  81 -0.260798 -0.698208 -0.156202 -0.108290 -1.999208 -0.016312  0.253060 -1.067778 -0.868644 -1.799695 -1.776018 -0.243255 -1.155250 -2.092108 -0.974800  0.256852 -0.327153 -2.697442 -1.647445 -1.341730
 82 Q  82 -0.303999 -0.871304 -0.307707 -0.018910 -1.857499 -0.143972  0.205653 -1.176265 -1.103388 -1.625453 -1.630695 -0.433728 -1.062932 -2.008804 -1.087384  0.246430 -0.007236 -2.567133 -1.683095 -1.179183
 83 C  83 -0.240599 -1.059666 -0.079269  0.646793 -1.852301 -0.256441  0.200427 -0.853939 -1.095181 -1.883225 -2.034805 -0.559291 -1.436214 -2.203968 -0.967397  0.333542 -0.249862 -2.854970 -1.920345 -1.480366
 84 E  84 -0.623579 -0.971446 -1.208652 -1.119212 -1.950940 -0.444335 -0.570933 -2.097470 -1.272957 -0.985495 -0.606844 -0.800651 -0.421912 -1.581475 -0.765950 -0.673854 -0.729774 -2.387905 -1.346838 -0.830578
 85 E  85 -0.542081 -0.550746 -0.376904  0.379792 -2.461388  0.606910  1.310303 -1.707673 -0.788821 -1.811512 -1.624641 -0.015253 -1.029988 -2.213069 -1.245632 -0.016516 -0.519780 -2.737661 -1.715465 -1.337002
 86 T  86  0.086628 -0.408127 -0.296896  0.279026 -2.210072  0.388570  1.054862 -1.140683 -0.930352 -2.062039 -2.023488 -0.009022 -1.372977 -2.391660 -1.059166  0.279848 -0.188785 -2.803042 -1.856453 -1.389476
 87 H  87 -0.648461 -1.965398 -2.709989 -3.421220 -1.025823 -1.816201 -2.530491 -3.410604 -2.524162  1.635000  2.592264 -1.900854  1.422438 -0.097876 -2.679832 -1.685383 -0.847217 -1.907562 -0.785429  1.085842
 88 A  88  0.273838  0.028018 -0.520575 -0.617924 -1.935558  0.585320  0.618512 -1.403443 -0.764966 -1.834804 -1.607761  0.191969 -0.941921 -2.282649 -1.244049  0.152341 -0.469399 -2.712936 -1.616555 -1.220261
 89 Q  89  0.114014 -0.484382 -0.977279 -0.939414 -1.758956 -0.119930 -0.046075 -1.569399 -1.161777 -1.247314 -1.196536 -0.401718 -0.750050 -1.791021 -1.565686 -0.181856 -0.456951 -2.295492 -1.348004 -0.792571
 90 A  90 -0.776523 -0.733918  0.120640  2.374095 -2.963535  0.794822  2.497865 -1.298508 -0.539352 -2.585888 -2.882969 -0.072001 -2.011679 -2.731447 -1.109283  0.062224 -0.813190 -3.189713 -2.172862 -2.013095
 91 W  91 -1.990870 -2.044329 -2.051459 -2.809284 -2.068181 -1.405402 -2.082738 -2.805732  1.271722 -1.010617 -0.932303 -2.136087 -0.768774  3.190976 -3.174936 -1.900240 -1.933742  1.748916  4.983194 -1.260035
 92 Q  92 -0.359572 -1.013053 -0.050668 -0.679504 -1.385865 -0.179372 -0.482991 -1.515845 -1.114651 -1.205357 -1.324763 -0.784007 -0.770067 -1.750001 -1.604387  0.137115  0.512598 -2.467635 -1.373300 -0.712470
 93 R  93 -0.215944  1.033181 -0.153690 -0.610320 -2.312785  0.329581  0.231558 -1.138581 -0.471576 -2.295783 -2.000045  0.434001 -1.240566 -2.411960 -1.506151 -0.074732 -0.596288 -2.776776 -1.718081 -1.901640
 94 L  94 -0.746961 -1.921718 -2.602894 -3.461391 -0.857994 -1.829794 -2.639601 -3.562698 -2.728307  1.636017  2.946175 -1.879780  1.554651 -0.287673 -2.669562 -1.593673 -0.455796 -2.039561 -1.069297  1.010022
 95 F  95 -1.873070 -2.853058 -2.888264 -2.954689 -1.790564 -2.815393 -2.895356 -2.956357 -1.007859  0.053868  0.112894 -2.845935  0.076196  5.397609 -3.805508 -1.922691 -1.883604  0.812498  2.760389 -0.866371
 96 V  96 -0.591980 -1.889407 -1.894239 -1.920772 -1.299065 -1.556265 -1.565704 -2.299986 -1.979688  1.124877  0.625825 -1.665819  0.268464 -0.549222 -2.134265 -1.200658 -0.664151 -2.192118 -0.897889  0.996875
 97 G  97 -0.105554 -1.333863 -0.072415 -0.842295 -2.212400 -1.280498 -1.310196  2.729423 -1.381077 -2.500098 -2.488644 -1.287668 -1.807136 -2.155473 -1.690684 -0.002896 -1.223204 -2.017245 -2.097092 -1.907095
 98 P  98 -0.610262 -1.646666 -1.098166 -0.625872 -2.062589 -0.808947 -0.668717 -1.567957 -1.638473 -1.329427 -1.515761 -1.028791 -1.041776 -2.270898  1.139554 -0.428928 -0.410387 -2.964666 -1.934249 -0.843031
 99 W  99 -0.477937 -1.175612 -0.302070 -0.702567 -2.370098 -0.830683 -0.797740  1.078641 -1.107165 -2.470130 -2.366890 -1.012587 -1.626695 -1.875028 -1.353009 -0.116908 -0.997777 -1.863252 -1.570109 -1.949569
100 A 100 -0.220034  0.390954 -0.227118 -0.809315 -2.109457  0.042042 -0.053511 -0.720568 -0.773087 -2.345682 -2.063221  0.407837 -1.284053 -2.408757 -1.032631  0.028456 -0.565407 -2.657578 -1.766329 -1.800493
101 L 101 -0.564187 -0.968424 -1.115899 -1.655515 -1.997973 -0.842445 -1.200816 -1.151522 -1.438704 -1.295805 -0.898275 -0.776915 -0.555898 -1.891859 -0.468761 -0.571849 -0.715042 -2.504555 -1.632359 -0.991872
102 P 102 -0.315362 -0.666897 -0.825354 -0.861372 -2.210090 -0.244369  0.006574 -1.616484 -1.114620 -1.753816 -1.625991 -0.158603 -1.062483 -2.199956  0.297726 -0.114897 -0.544912 -2.844216 -1.694764 -1.234556
103 S 103  1.219124 -1.789548 -2.234710 -2.436812 -0.071541 -1.554653 -1.769872 -1.881877 -2.289613  0.584328  0.285012 -1.551243  0.018195 -1.306430 -1.670119 -0.427567 -0.224020 -2.714792 -1.494494  0.958610
104 P 104 -0.440302 -1.655502 -1.507744 -1.596680 -1.844410 -0.995968 -1.249111 -1.989202 -1.508357 -1.250967 -1.157090 -1.140519 -0.730486 -2.006929  1.542831 -0.457295 -0.456545 -2.783287 -1.552704 -0.819289
105 P 105 -0.878051 -1.887439 -2.086621 -1.717515 -2.310296 -1.171484 -1.443959 -2.425013 -2.171544 -1.518889 -1.133809 -1.203027 -0.822924 -2.790613  3.768317 -1.100444 -0.850272 -3.353668 -2.364191 -1.050495
106 W 106 -1.882997 -2.119127 -2.151996 -2.864244 -1.751368 -1.423502 -2.129964 -2.585032  0.359102 -1.108470 -1.005533 -2.126351 -0.767985  1.991431 -3.062754 -1.821175 -1.546332  2.631020  3.809258 -1.197880
107 G 107  0.587601 -0.852708 -0.741214 -0.397235 -2.195239 -0.108909  0.823766  0.154279 -1.231525 -2.159105 -2.039951 -0.498888 -1.519989 -2.411762 -1.398215  0.188445 -0.848834 -2.653974 -2.080011 -1.376766
108 S 108  0.805651 -1.020659  0.701557 -0.227459 -1.094678 -0.246148 -0.247088  0.137806 -1.059722 -1.910933 -1.905127 -0.247029 -1.063734 -1.951346 -1.057507  3.122904  1.000395 -2.714952 -1.929119 -1.744194
109 V 109 -0.497002 -1.991888 -2.140930 -2.417529 -1.181504 -1.373153 -1.680247 -2.349312 -1.012742  0.233493 -0.208704 -1.661988 -0.099289  0.091786 -2.154643 -1.317159 -0.797142 -0.736542  0.761721  0.543110
110 W 110 -1.924032 -1.816441 -1.854985 -2.743669 -2.016761 -1.091017 -1.861258 -2.622267  1.662078 -1.297484 -1.185472 -1.930927 -0.947019  2.137110 -2.924433 -1.851069 -1.861834  2.060370  4.893220 -1.346327
111 L 111 -0.631806 -0.859380 -1.733457 -2.534865 -1.326765 -1.105001 -1.657134 -2.767064 -1.921353  0.448932  1.204552 -1.032712  0.638388 -0.879922 -2.087752 -1.087513 -0.212520 -2.138756 -1.136031  0.255767
112 D 112 -0.643909 -1.044289  0.407111  0.971153 -1.988518 -0.238981  0.300757 -0.647179 -0.542833 -2.161015 -2.349652 -0.638966 -1.664569 -2.093827 -1.042746  0.518746  0.186416 -2.612448 -1.726372 -1.783469
113 R 113 -0.432200 -0.217483 -0.126520  0.065062 -2.215478  0.063758  0.502289 -0.146148 -0.721626 -2.124965 -2.074815  0.148484 -1.378104 -2.164524 -0.688151 -0.063456 -0.716346 -2.258798 -1.681833 -1.569513
114 E 114 -0.719715 -0.311144  0.231673  1.411297 -2.492053  0.713100  1.961174 -1.008742 -0.412123 -2.211328 -2.279584  0.278929 -1.532822 -2.251301 -0.793926  0.143977 -0.490090 -2.454232 -1.729881 -1.686810
115 S 115 -0.327649 -0.520155  0.351850 -0.477136 -2.286788 -0.343694 -0.509466  1.145709 -0.995991 -2.693594 -2.533912 -0.459933 -1.676879 -2.506118 -1.225054  0.302653 -0.697986 -2.433726 -2.084248 -2.118782
116 V 116 -0.574164 -0.507891 -1.500681 -2.218262 -1.527840 -0.802225 -1.349844 -2.217093 -1.381242 -0.183378  0.172118 -0.789415  0.211941 -0.427719 -2.076435 -0.838358 -0.611097 -1.826039 -0.626176 -0.252431
117 L 117 -0.852761 -1.511843 -1.842996 -2.216767 -1.349600 -1.258729 -1.654583 -2.779016 -2.008776  0.810762  1.433783 -1.372786  0.851639 -0.481886 -2.180753 -1.282823 -0.674086 -2.008186 -0.932013  0.485344
118 F 118 -1.274307 -0.592943 -0.297023 -1.562347 -1.804376 -0.656101 -1.197379 -1.807409 -0.551540 -1.002371 -0.655590 -0.835896  0.223199  0.095691 -2.232114 -0.743610 -0.967255 -1.172412 -0.142710 -1.151431
119 G 119 -0.364317 -1.098442  0.142934  0.098172 -2.716846 -0.257102 -0.036606  2.135910 -1.185979 -3.053020 -3.018621 -0.861116 -2.043916 -2.649888 -1.440872  0.180315 -1.090886 -2.276824 -2.285110 -2.284635
120 D 120 -0.568851 -0.077947 -0.203262  0.399764 -2.511014  0.477211  1.003108 -1.277626 -0.862036 -2.300597 -2.175220  0.620125 -1.323226 -2.523292 -0.771953 -0.015988 -0.675009 -2.754437 -1.933194 -1.713430
121 S 121  0.399313 -1.042222 -0.748197 -0.908129 -1.596177 -0.398294 -0.382978 -1.104223 -1.313759 -1.687738 -1.689395 -0.482808 -1.056326 -2.240535  0.517618  0.705730  0.024897 -2.847684 -1.825727 -1.118733
122 T 122 -0.211929 -1.043964 -1.260257 -2.034629 -1.169238 -0.973998 -1.324862 -2.371241 -1.683558 -0.131480  0.423688 -1.086156  0.244180 -1.105308 -1.832398 -0.358844  0.892940 -1.955113 -1.239330  0.035342
123 L 123  0.186059 -1.276442 -1.670318 -2.082258 -1.266054 -0.862326 -1.268871 -2.121377 -1.641271  0.133630  0.471196 -1.194969  0.239711 -1.112524 -1.938634 -0.687968 -0.592284 -2.405621 -1.167965  0.229595
124 A 124 -0.183724 -0.071902 -0.211586  0.516314 -2.415135  0.735921  1.246908 -1.341812 -0.631223 -2.272054 -2.142981  0.266093 -1.351196 -2.503809 -1.128290  0.089789 -0.683305 -2.935066 -1.850514 -1.689809
125 L 125 -0.572830 -2.268955 -2.768381 -3.271456 -1.005593 -1.830204 -2.437048 -3.264048 -2.539185  1.917494  1.994302 -1.970267  1.520511  0.041552 -2.528500 -1.722307 -0.683395 -1.917656 -0.552417  1.773475
126 R 126 -0.539645  1.892079 -0.511041 -1.547843 -2.293917  0.457201 -0.099225 -1.935570 -0.748314 -1.872717 -1.255788  0.983477 -0.558104 -2.281931 -1.749381 -0.521006 -0.699164 -2.711440 -1.690428 -1.648118
127 Q 127 -0.219411  0.328527  0.001835 -0.046375 -2.469159  1.034576  0.999405 -1.103574 -0.279660 -2.443542 -2.179168  0.364887 -1.244735 -2.528467 -1.303389  0.148262 -0.603187 -2.714735 -1.648821 -1.814031
128 W 128 -1.103660 -1.920969 -1.952422 -1.614884 -1.479189 -1.574463 -1.608408 -2.427757 -1.413662 -0.493282 -0.371245 -1.829578 -0.336412  0.762009 -2.646020 -1.211009 -1.039123 -0.527697  0.067671 -0.786618
129 M 129 -1.429439 -1.803576 -2.331668 -3.278100 -1.405040 -1.255716 -2.328903 -3.287460 -0.461227  0.353480  1.095903 -1.834784  0.852069  1.413794 -2.826937 -1.807742 -1.441638  0.000569  2.727763  0.012497
130 R 130 -0.058390  0.908787 -0.436435 -1.046559 -2.142454  0.522888  0.177026 -1.440203 -0.738426 -1.974211 -1.492687  0.626773 -0.784698 -2.304641 -1.501284 -0.037677 -0.555481 -2.692143 -1.688800 -1.535782
131 E 131 -0.052654  0.343257 -0.259442 -0.284760 -2.249596  0.939852  0.916787 -1.393912 -0.497400 -2.223696 -1.899372  0.601302 -1.044320 -2.400144 -1.268861  0.272327 -0.502394 -2.693031 -1.600635 -1.611913
132 K 132 -0.530081 -0.718740 -0.912146 -1.916454 -1.523575 -0.707329 -1.158529 -1.990668 -0.122042 -1.083952 -0.657217 -0.917370 -0.478380 -0.450857 -2.196255 -0.520444 -0.816680 -1.560336  0.002526 -1.109500
133 G 133 -0.284063 -1.434188  0.213462 -0.495412 -2.911196 -1.154033 -1.140914  3.953080 -1.399393 -3.607939 -3.553635 -1.294517 -2.553812 -2.849443 -1.750344  0.026909 -1.645118 -2.232523 -2.588768 -2.758968
134 I 134 -1.081940 -2.355446 -2.823319 -3.308602 -1.186041 -2.122837 -2.698090 -3.483235 -2.281798  1.777554  1.979804 -2.251292  1.329555  1.037353 -2.946742 -1.860227 -1.095142 -1.359160  0.074369  1.161826
135 Q 135 -0.159744 -0.247544 -0.441062 -0.199258 -2.281169  0.449408  0.905829 -1.450838 -0.851923 -1.869421 -1.789574  0.072415 -1.118765 -2.385069 -0.994704  0.068768 -0.289768 -2.806955 -1.780066 -1.225779
136 F 136 -0.638122 -0.710726 -1.796325 -2.353475 -1.671333 -1.107327 -1.521719 -2.578424 -1.730375 -0.123464  0.016816 -0.868702  0.049073 -1.007326 -1.200660 -1.158143 -0.681162 -2.384716 -1.104455 -0.077333
137 E 137 -0.181773 -0.693517  0.153427  0.486401 -2.110986  0.092690  0.450477 -0.910468 -0.920039 -2.088843 -2.181416 -0.230208 -1.432677 -2.496577 -0.696068  0.406468 -0.270368 -3.051630 -2.023994 -1.568545
138 M 138 -0.511805 -0.535321 -0.188237  0.171411 -2.343679  0.263915  0.800397 -1.317203 -0.893659 -2.034254 -1.907552  0.036563 -1.194290 -2.334895 -0.788802  0.137983 -0.380805 -2.765091 -1.823213 -1.506221
139 K 139 -0.568319 -0.782775  0.199757  0.361310 -2.290918  0.006351  0.351963 -0.341934 -0.768366 -2.254924 -2.196219 -0.348145 -1.450480 -2.182528 -1.201133  0.185399 -0.498578 -2.517469 -1.724700 -1.775679
140 Q 140 -0.799288 -1.007304 -0.916346 -1.392161 -1.599068 -0.526409 -0.849093 -1.735930 -0.730214 -0.707365 -0.744589 -0.926875 -0.315332 -0.464247 -1.779399 -0.720893 -0.749314 -1.513198 -0.233445 -0.552826
141 N 141 -0.790235  0.344093  0.711474 -0.628081 -2.149003  0.011925 -0.153640 -1.031327 -0.019412 -2.155259 -1.903405  0.543804 -1.164811 -1.961589 -1.126007  0.084557 -0.438713 -2.511673 -1.265652 -1.821675
142 E 142 -0.863783 -0.393586 -0.189591  1.360298 -3.187723  1.288378  3.176979 -1.799112 -0.417069 -2.254298 -2.302448  0.356796 -1.482733 -2.472729 -1.117158 -0.133404 -0.813508 -2.728633 -1.752286 -1.523831
143 P 143 -0.560075 -1.499445 -1.604440 -1.422996 -2.186112 -0.932783 -1.099874 -1.945706 -1.788325 -1.845113 -1.532454 -0.957822 -1.082902 -2.748707  3.080893 -0.634831 -0.612702 -3.185425 -2.209686 -1.300032
144 E 144 -0.365361 -1.037142 -0.742917  0.493319 -2.581631  0.157832  1.341645 -1.501249 -0.923822 -2.244998 -2.374699 -0.325941 -1.651312 -2.731211  0.788899 -0.127878 -0.715926 -3.127541 -2.098779 -1.516738
145 D 145 -1.970743 -1.971118  0.983954  5.906723 -2.992558  0.013130  2.004482 -0.984263 -0.989298 -2.988127 -3.969947 -0.977927 -2.974084 -2.985455 -0.998535  0.008536 -0.994267 -3.966737 -2.976218 -2.976218
146 H 146 -1.819601 -0.234168  0.796466 -0.987804 -2.813895  0.101133 -0.120614 -1.940655  6.066266 -2.707370 -2.658541 -0.945076 -1.719718 -0.734628 -2.036411 -0.790965 -1.724421 -1.742240  1.868040 -2.674670
147 F 147 -0.943376 -2.563647 -2.955888 -3.335745 -1.109120 -2.430267 -2.834738 -3.682071 -2.701522  2.535869  2.301324 -2.457363  1.293590  0.604753 -2.959440 -1.929357 -1.002835 -2.094570 -0.505416  1.805980
148 G 148  1.316284 -1.565123 -0.956675 -1.364531 -1.329004 -1.340464 -1.362632  1.686828 -1.913938 -2.204056 -2.274037 -1.344401 -1.723629 -2.432414 -0.816552  0.564350 -0.676946 -2.618064 -2.338262 -1.386399
149 S 149 -0.221383 -1.958163 -1.989088 -2.572656 -1.067882 -1.642494 -1.972193 -2.576017 -2.027178  0.915883  0.832656 -1.716201  0.451344 -0.239197 -2.267683 -0.854438 -0.233219 -2.112998 -0.648133  0.866278
150 L 150 -0.941167 -1.180514 -1.604439 -1.321790 -2.121949 -0.047160  0.300340 -2.878337 -1.489552 -0.137803  0.288485 -0.751043  0.551268 -1.061344 -1.986377 -1.014704 -0.953777 -2.195208 -1.100576 -0.009305
151 L 151 -0.936956 -2.125495 -2.884582 -3.663793 -0.094597 -2.054820 -2.979347 -3.648529 -2.710889  1.381747  2.838092 -2.115798  1.586422  0.311074 -2.976089 -1.773506 -1.040049 -1.674216 -0.729763  0.594773
152 L 152 -0.470947 -0.701145 -0.671398  0.363600 -2.578588  0.483980  1.683042 -1.765021 -0.997164 -1.719558 -1.470811 -0.175516 -0.907969 -2.119925 -1.411476 -0.184081 -0.761089 -2.683467 -1.795210 -1.231499
153 M 153 -0.917127 -2.371965 -2.649201 -2.970325 -1.396101 -2.095914 -2.472636 -2.838484 -1.553965  0.552453  0.666745 -2.255505  0.583935  2.486867 -3.003721 -1.534351 -1.123348 -0.503690  1.198025  0.179331
154 A 154  0.030382 -1.480312 -2.274511 -2.943746 -0.681696 -0.996230 -2.050133 -2.588453 -2.264656  0.827191  1.584800 -1.416818  2.203580 -0.489880 -2.100263 -0.889489 -0.671180 -1.738933 -1.133858  0.798587
155 A 155  1.656438 -0.861648 -0.833873 -1.361019 -1.087917 -0.594861 -0.745928  0.065309 -1.146703 -1.590646 -1.573114 -0.778569 -1.107377 -1.837372 -1.359652  0.978856 -0.241630 -2.537323 -1.477801 -0.979906
156 W 156 -1.013532 -1.245083 -1.296583 -1.978837 -1.711338 -0.760765 -1.212376 -1.769946 -0.073571 -1.227670 -1.000070 -1.282811 -0.533797 -0.033946 -2.283062 -1.009952 -1.028054  0.162941  0.865725 -1.085615
157 L 157 -0.809668 -1.900249 -2.711425 -3.534252 -0.887878 -1.821489 -2.686231 -3.504210 -2.685929  1.735206  3.179673 -1.876309  1.733682  0.000007 -2.713216 -1.723166 -0.881970 -1.840029 -0.885771  0.964638
158 A 158  0.342080 -1.758154 -1.993083 -2.086120 -0.018273 -1.486346 -1.553462 -2.220041 -2.049688  0.548784  0.337519 -1.587957 -0.018590 -1.030412 -2.001506 -0.608537 -0.524212 -2.384694 -1.265563  0.534480
159 E 159 -0.325899 -0.325176 -0.327770  0.450424 -2.312982  0.348116  1.231528 -1.287261 -0.765959 -1.928742 -1.879059 -0.021369 -1.298011 -2.127865 -1.310991 -0.005773 -0.616566 -2.651404 -1.666534 -1.460683
160 N 160 -0.686864  0.471791  0.577642 -0.246347 -2.511530  0.867480  0.632815 -1.032320 -0.271360 -2.424778 -2.069443  0.502120 -1.126529 -2.501625 -1.222632  0.148706 -0.448703 -2.635837 -1.649245 -1.915360
161 G 161  0.286859 -0.824981 -0.427043 -0.284042 -1.898022 -0.122422  0.202903 -0.186491 -1.030656 -1.925702 -1.905084 -0.492286 -1.299761 -2.201588 -1.184234  0.278542 -0.587307 -2.537851 -1.820959 -1.328631
162 R 162 -0.453659 -0.530677 -0.210190 -0.058350 -2.095341 -0.114379 -0.009112 -1.302724 -0.864597 -1.823993 -1.733259 -0.375967 -1.155966 -2.003696 -1.114859 -0.092386 -0.644240 -2.703895 -1.600631 -1.539038
163 Q 163 -0.644431 -0.820571 -0.562488 -0.023253 -2.388668  0.043757  0.538643 -1.664424 -0.986158 -1.780129 -1.592370 -0.306110 -1.084664 -2.145905 -0.588072 -0.192996 -0.668171 -2.766890 -1.750295 -1.396861
164 T 164  0.250383 -0.777258 -0.355396  0.509025 -1.956290  0.032027  0.676967 -0.881715 -0.984338 -2.007673 -2.070413 -0.294282 -1.484337 -2.344479 -1.089573  0.359273 -0.311550 -2.915123 -1.946542 -1.425035
165 E 165  0.150094 -0.587635 -0.864562 -0.311848 -1.974835  0.128829  0.663225 -1.524457 -1.156820 -1.496084 -1.279771 -0.260850 -0.896865 -1.998644 -1.349259 -0.036196 -0.515304 -2.628517 -1.661194 -1.010998
166 C 166 -0.032487 -0.301883 -0.945047 -1.093374 -1.719010  1.277990  0.051050 -1.673504 -0.978213 -1.462788 -0.960317 -0.284229 -0.250614 -1.945311 -1.512909 -0.187205 -0.705575 -2.191224 -1.170710 -0.944038
167 E 167 -0.459751  0.621300 -0.325452 -0.611083 -2.355689  0.665041  0.520076 -1.697913 -0.746503 -1.972003 -1.585990  0.759275 -0.888875 -2.373499 -1.311453 -0.218581 -0.691752 -2.767240 -1.672829 -1.504568
168 E 168 -0.264239  0.011996 -0.126662  0.261097 -2.342887  0.637895  1.052662 -1.318022 -0.677914 -2.168095 -2.081446  0.196577 -1.300335 -2.416410 -1.246423  0.158371 -0.291473 -2.696492 -1.755367 -1.579721
169 L 169 -1.576675 -2.565848 -2.856756 -3.148841 -1.576662 -2.513825 -2.827823 -3.148184 -1.560505  0.603346  1.092068 -2.542780  0.584383  3.676441 -3.464419 -1.906884 -1.572253  0.053182  1.605986 -0.267370
170 L 170 -1.109176 -2.110895 -2.650109 -3.245234 -1.254672 -2.009139 -2.586214 -3.308904 -1.926021  1.110880  1.888426 -2.113304  1.038158  1.306733 -2.972703 -1.742070 -1.120455 -1.031170  0.258849  0.418860
171 A 171 -0.313407 -0.095206  0.405801  0.340042 -2.294514  0.579208  0.935008 -0.949667 -0.550235 -2.302127 -2.198969  0.219313 -1.379769 -2.497251 -1.281858  0.411925 -0.286537 -2.839277 -1.859997 -1.747288
172 W 172 -0.864402  0.351578  0.074800  0.501306 -2.688035  0.887544  1.353077 -1.544135 -0.463266 -2.454547 -2.240029  0.622134 -1.349497 -2.489517 -1.327029 -0.079667 -0.591519 -2.500299 -1.732093 -1.942299
173 H 173 -1.665409 -0.457201  0.111883 -1.363807 -2.452559 -0.329575 -0.474202 -2.085927  5.242693 -2.128011 -2.132062 -1.137163 -1.410284 -0.221541 -2.109281 -1.077850 -1.713312 -1.433766  1.949419 -2.147320
174 L 174 -0.861096 -2.002052 -2.667499 -3.290879 -1.027814 -1.935855 -2.584378 -3.485625 -2.599437  1.964429  2.688095 -1.947106  1.459125 -0.025447 -2.477680 -1.751263 -0.868613 -2.037401 -0.850235  1.267414
175 F 175 -0.337575 -1.128211 -1.256926 -2.107255 -1.384499 -0.968273 -1.493641 -1.565936 -1.604821 -0.364374  0.426388 -1.079115  0.176029 -0.915986 -2.075082 -0.637728 -0.726973 -2.009881 -1.152629 -0.451904
176 P 176 -0.466398 -0.782871 -0.700200 -0.752857 -2.175402 -0.336459 -0.402283 -1.401662 -1.310058 -2.148974 -2.053630 -0.251758 -1.285696 -2.797345  1.818600 -0.062454 -0.227134 -3.046878 -2.163037 -1.491660
177 W 177 -2.388185 -2.637147 -3.352820 -3.427870 -1.568366 -1.834208 -2.646176 -1.847080 -1.777220 -2.331198 -1.582336 -2.614570 -0.800501  0.902139 -3.450838 -2.432930 -1.639599  8.263005  1.555310 -2.347611
178 S 178  0.474254 -1.911440 -2.058238 -2.361703 -0.551449 -1.605222 -1.840824 -1.813788 -2.085940  0.714918  0.400050 -1.641798  0.176389 -0.588572 -1.940190 -0.591337 -0.413429 -2.101259 -0.901472  0.857731
179 T 179 -0.550974 -1.243621 -0.772367 -0.330269 -2.296639 -0.606958 -0.373738 -0.662091 -1.217536 -2.225341 -2.250081 -0.783992 -1.545937 -2.354958  0.909923 -0.274053 -0.771111 -2.617105 -1.812686 -1.663628
180 R 180 -0.493826  0.579035 -0.327062 -0.609534 -2.222919  0.309508  0.254561 -1.410653 -0.302836 -1.996356 -1.650545  0.356016 -0.973017 -2.171571 -1.229581 -0.252354 -0.704832 -2.600679 -1.512096 -1.644310
181 F 181 -1.483995 -2.454699 -2.672002 -2.960835 -1.266556 -2.279545 -2.637573 -2.914348 -1.151135  0.264057  0.515492 -2.428802  0.297062  3.369435 -3.274704 -1.788053 -1.525842  0.368425  1.997612 -0.384606
182 L 182  0.040098 -1.530880 -1.879848 -2.406199  0.072388 -1.489504 -1.923622 -2.198620 -1.838800  0.101683  0.409864 -1.529838  0.108993 -0.509564 -2.180819 -0.684971 -0.411204 -1.908263 -0.868459  0.051316
183 D 183 -0.238758 -0.287456  0.040683  0.413108 -2.235436  0.390790  0.877371 -0.863556 -0.685974 -2.151506 -2.098681  0.066025 -1.339955 -2.296687 -1.188127  0.313876 -0.433487 -2.699738 -1.773977 -1.636742
184 V 184 -0.374596 -0.133343 -0.435371 -0.226483 -1.886999 -0.030530  0.009233 -1.466250 -1.125806 -1.542881 -1.253550  0.143933 -0.853965 -2.044432 -1.481883 -0.231952 -0.633927 -2.737193 -1.761557 -1.265003
185 F 185 -0.290164 -2.169424 -2.581902 -2.980860 -0.367818 -1.858739 -2.351873 -2.981410 -2.533843  1.745001  1.702969 -1.930809  1.117774 -0.309737 -2.363100 -1.431727 -0.591210 -2.151741 -0.924813  1.569658
186 I 186 -0.403655 -0.077757 -0.538968 -0.596567 -2.130187  0.491712  0.673662 -1.786071 -0.736091 -1.395371 -1.234535  0.200067 -0.693555 -1.858274 -1.446196 -0.214028 -0.529033 -2.418727 -1.280657 -0.956583
187 E 187  0.063635  0.054759 -0.028357 -0.175212 -2.019955  0.584717  0.702039 -0.984123 -0.743384 -2.079046 -1.869904  0.348438 -1.127357 -2.327765 -1.207190  0.343288 -0.297150 -2.641688 -1.707044 -1.467618
188 K 188 -0.147148 -0.292268  0.004544 -0.731102 -1.774459  0.055640 -0.018110 -1.225048  0.672961 -1.791338 -1.644535 -0.315256 -1.046106 -1.583543 -1.505686  0.041769 -0.652524 -2.300510 -0.668555 -1.441068
189 A 189  0.834988 -0.797633 -0.696971 -0.349656 -1.382061 -0.350277 -0.091352 -0.747618 -1.352789 -1.685583 -1.708957 -0.275760 -1.224701 -2.239835 -0.354195  0.536827 -0.013323 -2.787905 -1.958334 -1.031167
190 E 190 -0.569930 -0.040848  0.476189  0.049290 -2.257180  0.319907  0.402546 -0.720489 -0.505526 -2.319781 -2.172642  0.183446 -1.347862 -2.411644 -0.983061  0.320636 -0.258500 -2.684658 -1.784597 -1.837694
191 H 191  0.217466 -0.944684 -0.190501 -0.831181 -1.289436 -0.570304 -0.516575 -1.031326 -0.550071 -1.342382 -1.271204 -0.772270 -0.916546 -1.412335 -1.343524  0.727116  0.800823 -2.172264 -1.183549 -0.950359
192 P 192 -0.415595 -0.976496 -0.549778 -0.294058 -2.216017 -0.450867 -0.306685 -0.472809 -1.186900 -2.131377 -2.221674 -0.560812 -1.483613 -2.519719  0.641368 -0.158762 -0.680384 -2.802947 -2.000982 -1.524609
193 F 193 -1.473635 -2.468956 -2.554594 -2.707606 -1.591443 -2.305643 -2.472590 -2.756412 -1.060062  0.228542  0.251894 -2.393669  0.089272  3.555144 -2.954380 -1.703538 -1.464280  0.179871  1.983925 -0.389963
194 Y 194 -1.787417 -1.913459 -1.969075 -2.752054 -1.815648 -1.096276 -1.910987 -2.717256  1.327698 -0.838138 -0.788315 -1.911635 -0.731819  2.759981 -2.826458 -1.816267 -1.780464  1.813870  5.597892 -0.914781
195 R 195  0.039782  0.805783 -0.672538 -1.339405 -1.823200  0.232934 -0.235360 -1.294599 -0.877578 -1.824365 -1.387644  0.587891 -0.782765 -2.193105 -0.929700 -0.136615 -0.545459 -2.529246 -1.583884 -1.368280
196 A 196  0.788270 -1.041272 -0.588805 -0.898717 -1.463482 -0.690205 -0.653231  0.332470 -1.309738 -1.733160 -1.695467 -0.838943 -1.257703 -2.006496 -1.009206  0.454970 -0.251884 -2.367035 -1.777213 -1.119939
197 L 197 -0.317748 -2.117217 -2.530093 -2.949156 -0.799289 -1.781280 -2.230723 -2.860839 -2.401358  1.735870  1.722405 -1.845963  1.085491 -0.202965 -2.296520 -1.470246 -0.594735 -1.958036 -0.714794  1.602220
198 G 198  1.903624 -1.350425 -1.367805 -1.684290 -0.643417 -1.232842 -1.299453  0.610274 -1.880985 -1.124677 -1.152293 -1.245176 -0.995713 -1.744752 -1.378673  0.455247 -0.377386 -2.402367 -1.840231 -0.455354
199 E 199 -0.344854 -0.020407 -0.459587 -0.662168 -1.991419  0.403255  0.292100 -1.536502 -0.829361 -1.469680 -1.195915  0.129735 -0.655328 -1.940200 -1.369889 -0.141455 -0.437302 -2.392590 -1.384517 -1.063984
200 L 200 -0.670595 -1.920018 -2.448826 -2.971810 -0.994274 -1.752518 -2.271958 -3.102011 -2.333907  1.576633  2.113389 -1.823454  1.187379  0.098968 -2.497458 -1.525214 -0.778596 -1.860142 -0.675112  1.078406
201 A 201  0.242545 -1.519089 -1.545675 -2.202445 -0.744714 -1.426396 -1.797846 -1.457568 -2.183326  0.064138  0.574065 -1.448066  0.102829 -1.091035 -1.826344 -0.350134  0.406439 -2.032126 -1.478312  0.188023
202 R 202 -0.500047  0.585277 -0.431390 -0.848613 -2.146711  0.433174  0.291211 -1.568656 -0.709082 -1.640079 -1.224205  0.488781 -0.689984 -1.980511 -1.479243 -0.292485 -0.601632 -2.370119 -1.431775 -1.304115
203 L 203  0.340468 -0.783050 -0.695732 -0.570609 -1.513720 -0.308023 -0.056784 -0.587576 -1.198587 -1.393723 -1.332307 -0.570246 -0.983826 -1.877966 -1.361565  0.075862 -0.433599 -2.413415 -1.649374 -0.911841
204 T 204 -0.997549 -2.091019 -2.192066 -2.488902 -1.329117 -1.899691 -2.158903 -2.370065 -1.248178 -0.032525  0.118315 -2.047733  0.026654  2.252028 -2.703426 -1.232462 -0.669130  0.325220  1.219982 -0.355241
205 L 205 -0.662131 -1.945185 -2.448033 -2.948660 -0.631683 -1.718150 -2.332506 -3.053687 -2.366492  1.655576  2.074514 -1.814417  1.386247  0.013550 -2.311896 -1.507684 -0.729507 -1.794602 -0.740232  1.227401
206 A 206 -0.173375 -0.179394 -0.070345  0.112003 -1.994297  0.540052  0.887268 -1.216920 -0.677160 -1.760019 -1.589795  0.256805 -0.985394 -2.076734 -1.079740  0.257948 -0.189970 -2.453622 -1.577219 -1.245549
207 Q 207 -0.135578 -0.963453 -1.036314 -1.044903 -1.385553 -0.428994 -0.447761 -1.544557 -1.000905 -0.545931 -0.571050 -0.799759 -0.347946 -0.943826 -1.551438 -0.316848 -0.458911 -1.841666 -0.888860 -0.357444
208 W 208 -1.112483 -1.076571 -0.612324  0.834237 -2.114694  0.039511  0.984210 -1.665297 -0.814653 -1.380912 -1.354968 -0.581296 -0.836414 -1.392750 -1.368285 -0.551737 -0.795471 -1.326868 -1.178701 -1.200109
209 Q 209 -0.079003  0.191211 -0.599900 -0.936481 -1.294522  0.427858 -0.139598 -1.330766 -0.696653 -1.298403 -0.996952  0.057827 -0.451653 -1.500952 -1.218908 -0.147614 -0.373152 -1.714381 -0.960307 -0.947308
210 S 210 -0.340309 -0.194377 -0.024133  0.327621 -1.834195  0.658906  0.968546 -1.178069 -0.508855 -1.518891 -1.462814  0.117359 -0.858625 -1.807526 -0.942832  0.175968 -0.183993 -2.101311 -1.312578 -1.083045
211 Q 211 -0.171722 -0.433358 -0.679251 -0.649981 -1.374186 -0.004481  0.027122 -1.048886 -0.594230 -1.094525 -0.963271 -0.386891 -0.627848 -0.920346 -1.230142 -0.223760 -0.521226 -1.356936 -0.484822 -0.816528
212 L 212 -0.817479 -1.460529 -1.890749 -2.328241 -0.866017 -1.390052 -1.865765 -2.399046 -1.560453  0.907436  1.640709 -1.453970  0.885860  0.869863 -2.080655 -1.261653 -0.803084 -0.836640  0.016244  0.344757
213 L 213 -0.060530 -0.305257  0.109332  0.227692 -1.398802  0.237731  0.441878 -0.247216 -0.559118 -1.458220 -1.389138  0.024878 -0.898497 -1.567663 -0.684263  0.296759 -0.370436 -1.770952 -1.255615 -1.103032
214 I 214 -0.197849 -0.774785 -0.928333 -1.006310 -0.555396 -0.530636 -0.601335 -1.259619 -0.991395  0.500211  0.479411 -0.632333  0.423546 -0.397256 -0.920394 -0.506447 -0.280708 -1.082019 -0.565407  0.482834
215 P 215 -0.178212 -0.381965 -0.214844 -0.124976 -0.841112  0.028835  0.100150 -0.682482 -0.470877 -0.525140 -0.559563 -0.185587 -0.341498 -0.824431 -0.173314 -0.043434 -0.119917 -1.110622 -0.662890 -0.334818
216 V 216 -0.024501 -0.519543 -0.569441 -0.494759 -0.582470 -0.259058 -0.301509 -0.651516 -0.646856 -0.181531 -0.319356 -0.279099 -0.157822 -0.720594  0.261441 -0.216923 -0.129813 -1.000265 -0.595797  0.050795
217 A 217  0.105288 -0.322126 -0.332367 -0.313402 -0.521771 -0.145590 -0.146785 -0.471874 -0.479202 -0.399514 -0.388276 -0.179232 -0.247318 -0.701712  0.065745  0.011135 -0.047826 -0.921419 -0.603197 -0.221624
218 V 218 -0.111269 -0.205884 -0.184489 -0.027974 -0.687160  0.100798  0.235075 -0.494037 -0.296544 -0.493464 -0.536740 -0.055657 -0.330601 -0.675425 -0.188247 -0.052939 -0.116444 -0.768858 -0.473697 -0.296500
219 K 219 -0.169672  0.031652 -0.272855 -0.404637 -0.577669 -0.045574 -0.050689 -0.594454 -0.272602 -0.302565 -0.270535  0.236153 -0.137510 -0.514854 -0.273144 -0.182954 -0.189613 -0.715599 -0.359848 -0.164790
220 P 220 -0.169419  0.207849 -0.066089 -0.117143 -0.662241  0.180462  0.208511 -0.418399 -0.158752 -0.612860 -0.523381  0.215590 -0.303686 -0.692119  0.055541 -0.051069 -0.136442 -0.715774 -0.479208 -0.464588
221 L 221 -0.199084 -0.349982 -0.448514 -0.592884 -0.238328 -0.346976 -0.461143 -0.653716 -0.457791  0.270747  0.480670 -0.350814  0.239349  0.038307 -0.531930 -0.310909 -0.173285 -0.364495 -0.141233  0.122217
222 F 222 -0.322736 -0.367241 -0.355047 -0.473545 -0.334930 -0.263073 -0.364726 -0.480710  0.204308 -0.128178 -0.128178 -0.371892 -0.118498  0.615606 -0.537031 -0.308027 -0.322736  0.235239  0.882294 -0.181985
223 R 223 -0.102856  0.514278  0.000000 -0.205711 -0.308567  0.102856  0.000000 -0.205711  0.000000 -0.308567 -0.205711  0.205711 -0.102856 -0.308567 -0.205711 -0.102856 -0.102856 -0.308567 -0.205711 -0.308567
