
Last position-specific scoring matrix computed, weighted observed percentages rounded down, information per position, and relative weight of gapless real matches to pseudocounts
           A  R  N  D  C  Q  E  G  H  I  L  K  M  F  P  S  T  W  Y  V   A   R   N   D   C   Q   E   G   H   I   L   K   M   F   P   S   T   W   Y   V
    1 M   -1 -2 -2 -3 -2 -1 -2 -3 -2  1  2 -2  6  0 -3 -2 -1 -2 -1  1    0   0   0   0   0   0   0   0   0   0   0   0 100   0   0   0   0   0   0   0  0.44 0.03
    2 G    2 -2  0 -1 -1 -1 -1  4 -2 -3 -3 -1 -2 -3 -1  2  0 -3 -2 -2   30   0   0   0   0   0   0  38   0   0   0   0   0   0   0  32   0   0   0   0  0.43 0.01
    3 S    2 -1  0 -1 -1 -1 -1  2 -1 -2 -3 -1 -2 -3 -1  3  1 -3 -2 -1   30   0   0   0   0   0   0  19   0   0   0   0   0   0   0  51   0   0   0   0  0.36 0.01
    4 H   -1  1  3  0 -3  1  0 -1  6 -3 -3  2 -2 -2 -2  0 -1 -3  0 -3    0   0  30   0   0   0   0   0  38   0   0  32   0   0   0   0   0   0   0   0  0.45 0.01
    5 H   -1  0  0 -1 -2  3  0 -2  4 -2 -2  0 -1 -3  3  0  2 -3 -1 -2    0   0   0   0   0  30   0   0  19   0   0   0   0   0  19   0  32   0   0   0  0.41 0.01
    6 H    2 -1  0  3 -2  0  0 -1  5 -3 -3 -1 -2 -2 -2  0 -1 -3  0 -2   39   0   0  25   0   0   0   0  37   0   0   0   0   0   0   0   0   0   0   0  0.37 0.03
    7 H   -1  1  0  0 -3  1  2 -2  4 -3 -3  3 -2 -3 -1  1 -1 -3 -1 -3    0   0   0   0   0   0  21   0  22   0   0  37   0   0   0  20   0   0   0   0  0.38 0.04
    8 H   -1 -1  4  0 -2 -1 -1 -2  3 -1  1 -1  0  1 -2  0  2 -2  0 -1    0   0  39   0   0   0   0   0  11   0  20   0   0  11   0   0  19   0   0   0  0.22 0.03
    9 H   -1  1  0  0 -2  0  2 -2  5 -3 -3  0 -2 -2 -2  2  2 -3  0 -2    0  11   0   0   0   0  19   0  29   0   0   0   0   0   0  21  20   0   0   0  0.34 0.04
   10 S   -1 -1 -1 -2 -2  3  0 -2 -1 -1  0  0  5 -2 -2  0  2 -2 -2 -1    0   0   0   0   0  31   0   0   0   0   0   0  45   0   0   9  16   0   0   0  0.31 0.08
   11 S    0 -2 -1 -1 -2 -1 -1 -2 -2 -2 -1 -1 -1 -3  5  2  3 -3 -2 -1    0   0   0   0   0   0   0   0   0   0   9   0   0   0  33  25  33   0   0   0  0.58 0.06
   12 G    1 -1 -1 -2 -2 -1 -2  5 -2 -4 -4  1 -3 -3 -2  1 -1 -3 -3 -3   14   0   0   0   0   0   0  61   0   0   0  13   0   0   0  12   0   0   0   0  0.66 0.09
   13 L   -1 -1  1 -1 -2  1 -1  0 -1 -1  1  1  4 -1  2 -1 -1 -2 -2 -1    1   1  11   1   0  10   1   8   0   1  16  11  24   1  11   1   1   0   0   1  0.16 0.07
   14 V    1 -1 -1 -2 -2 -1 -1  1 -1 -1 -2  0 -1  0 -2  0  2 -1  3  0   21   1   1   1   0   1   1  11   0   1   1   8   0   1   1   1  24   0  21   6  0.18 0.07
   15 P    1 -1 -2 -1 -2  2  2 -2 -2  0 -2 -1  1 -3  5 -1 -1 -3 -2 -1   17   1   0   1   0  14  16   1   0   9   1   1   6   0  30   1   1   0   0   1  0.48 0.11
   16 R   -1  4 -1 -2 -3  3  0 -2 -1 -3 -1  2 -1 -3 -2  2  0 -3 -2 -2    0  32   0   0   0  17   0   0   0   0   7  13   0   0   0  22   6   0   0   0  0.42 0.15
   17 G    1  0  1 -1 -3 -1  2  4 -2 -3 -2 -1 -3 -4 -2  1 -2 -4 -3 -3    9   4   8   0   0   0  22  40   0   0   5   0   0   0   0  10   0   0   0   0  0.46 0.17
   18 S    0  0  0 -1 -3  1  1 -2 -2  0 -2  3 -2 -3  3  1  0 -4 -3 -1    8   4   3   0   0   4  12   0   0   7   0  26   0   0  15  12   5   0   0   4  0.30 0.14
   19 H   -1  1  0  0 -3  3 -1 -3  3  2 -1  0 -1 -3 -2  1  0 -3 -2 -1    4   7   4   7   0  24   0   0   8  17   5   3   0   0   0  13   7   0   0   0  0.22 0.16
   20 M   -3 -5 -5 -6 -5  0 -3 -6 -5 -1  1 -5 10 -4 -6 -3  0 -5 -4 -1    1   0   0   0   0   5   2   0   0   2   7   0  73   0   0   2   5   0   0   4  2.00 0.76
   21 T   -2 -3  1 -1 -3  1 -1 -3 -1  1  1  0  5 -3 -1  0  2 -4 -2 -1    2   0   6   3   0   8   4   1   1   8  12   4  23   0   3   7  15   0   1   2  0.31 0.28
   22 H   -1 -2  3  3 -4  3  2 -3  2 -4 -2  0  0 -5 -1  1  1 -5 -4 -4    4   0  15  14   0  14  15   0   5   0   4   5   2   0   2  12   7   0   0   0  0.43 0.30
   23 F    0 -2  0  0 -4  2  3 -2 -1  0  0  0 -1  0  0  0  0 -4 -3  0    5   1   5   3   0   9  28   3   1   6   8   4   1   5   4   8   4   0   0   6  0.20 0.20
   24 S    0 -2  2  2 -4  3  0 -3 -1 -1 -2 -1 -1 -4  0  1  2 -4 -1 -1    7   1  11  11   0  17   5   0   1   3   2   3   2   0   4  13  14   0   2   4  0.29 0.25
   25 Q   -1  1 -1  0 -4  5  2 -4 -2 -1 -1  1  1 -3 -1 -1  0 -4 -1 -2    5   8   2   5   0  28  15   0   0   4   5   6   5   1   3   4   7   0   2   2  0.40 0.30
   26 Q   -2  2  0 -5 -1  2 -3 -5 -2  2  3 -2  5 -1 -2 -4 -3 -4 -2 -2    3  10   5   0   1  11   1   0   1   9  34   1  16   2   2   0   1   0   1   0  0.57 0.42
   27 D    0 -1  4  3 -5  2  3 -4  2 -5 -2 -2 -4 -5 -2 -1 -1 -1 -2 -4    7   3  23  18   0   8  20   0   4   0   4   1   0   0   1   2   4   1   2   1  0.60 0.40
   28 N    2 -1  2  2 -2  2  3 -2  2  0 -3 -2  0 -4 -3  0  0  1 -3 -3   16   2   9  12   1   8  20   2   5   6   2   0   3   0   1   5   5   2   1   0  0.33 0.30
   29 F   -3  3 -5 -6 -2 -3 -3 -6 -4  3 -1 -4 -1  5 -6 -2 -4 -4  4  0    2  17   0   0   1   1   2   0   0  20   5   0   1  28   0   3   1   0  12   7  0.86 0.50
   30 S    5 -5 -3 -4 -1  1 -3 -3 -5 -6 -5 -3 -5 -6 -5  4 -1 -7 -6 -4   49   0   1   1   1   6   2   2   0   0   1   1   0   0   0  34   2   0   0   1  1.23 0.75
   31 V    1 -4 -3 -1 -1 -1 -1 -1 -3  2  2 -4  1  2 -4 -2  0 -4 -1  1   15   0   1   3   1   2   5   4   1  13  23   0   4  11   0   2   5   0   2   9  0.25 0.24
   32 A    1 -3 -5 -5 -1 -3 -3 -2 -5  4  2 -4  0 -1 -5 -1  2 -5 -1  2   10   1   0   0   1   1   2   3   0  23  21   0   1   3   0   4  12   0   2  16  0.49 0.36
   33 A    2 -6 -4 -3  5 -3 -5  1 -4 -3 -2 -5 -1  2 -1  1 -4 -1  6 -4   18   0   1   2  11   1   0  10   0   1   4   0   2   6   4  10   0   1  30   0  0.85 0.56
   34 R   -3  7  1 -4 -8  3 -1 -3 -2 -7 -4  1 -4 -7 -7 -4 -2 -7 -6 -7    2  59   7   1   0  10   5   2   1   0   2   7   0   0   0   1   3   0   0   0  1.56 0.84
   35 V   -4 -7 -7 -8 -2 -7 -7 -8 -7  3  5 -7  1 -1 -7 -6 -1  2 -3  3    1   0   0   0   1   0   0   0   0  16  51   0   3   3   0   0   4   3   1  17  1.21 0.66
   36 L   -5 -5 -9 -9 -7 -8 -8 -9 -8 -1  6 -8 -1  4 -8 -8 -7 -7 -3 -4    1   1   0   0   0   0   0   0   0   3  79   0   1  14   0   0   0   0   1   1  2.02 1.00
   37 G    4 -3 -4 -6 -6 -3 -6  5  2 -7 -6 -4 -6 -7 -6  3 -4 -2 -2 -4   29   1   1   0   0   1   0  38   5   0   1   1   0   0   0  18   1   1   1   1  1.17 0.72
   38 A    3  1  1 -2 -5  0 -1 -1  0 -3 -2 -3 -1 -4 -3  3  1 -6 -5 -2   26   8   8   2   0   4   3   4   3   1   4   1   1   0   1  20   9   0   0   3  0.43 0.39
   39 L   -1 -7 -5 -7  2 -3 -7 -6 -7  0  6 -5  2  1 -7 -5 -4 -3 -6  0    5   0   1   0   4   1   0   1   0   4  63   1   4   5   0   1   1   0   0   7  1.32 0.71
   40 F   -5 -5 -7 -7 -3 -4 -5 -7 -1 -3  3 -7 -2  8 -5 -7 -6  1  2 -3    1   1   0   0   1   1   1   0   2   1  24   0   1  56   1   0   0   2   5   2  1.89 0.90
   41 Y    1  2 -2 -4 -6 -2 -4 -2 -2 -2  1 -4 -1  2 -6 -1 -3 -4  7 -2   10   9   2   1   0   2   1   4   1   2  12   1   1   7   0   6   1   0  36   3  0.89 0.56
   42 Y    0  4 -1 -2  0  2 -2 -2  2 -5 -3  0 -2  2 -5 -1 -1 -3  5 -4    9  22   3   2   2   8   3   4   4   1   3   5   1   7   1   5   4   0  18   1  0.55 0.41
   43 A    2 -1 -4 -1 -4  2  3 -3  0 -5 -4 -2 -5 -3  3  2 -2 -6  0 -3   19   3   1   3   0   9  20   2   2   1   1   2   0   1  16  13   2   0   4   1  0.57 0.48
   44 P   -3 -8 -5 -5 -8 -5 -5 -8 -8 -4 -1 -7 -5  0  8 -6 -3 -8 -8 -4    2   0   1   1   0   1   1   0   0   1   7   0   0   3  78   1   2   0   0   2  2.52 1.31
   45 E   -3 -3  0  4 -3  2  1 -2 -3 -4 -3 -2 -4 -4 -3  3  3 -7 -5 -4    2   1   5  24   1  10   9   4   1   1   3   2   0   1   1  19  14   0   0   1  0.63 0.50
   46 S    1 -1 -1  4 -2  2  1 -2  0 -3 -4 -1 -5 -4  0  2 -2 -2 -5 -3   11   4   3  26   1   8  10   3   2   1   2   3   0   1   5  16   3   1   0   2  0.50 0.39
   47 A    2 -4 -1  2 -6  0  5 -2 -2 -6 -4  0 -1 -4  3 -1 -2 -2 -3 -4   14   0   3  11   0   3  32   4   1   0   2   5   2   1  13   4   3   1   1   1  0.66 0.49
   48 E   -1  0 -1 -1 -3  2  1 -3  0  0  3 -3  1  0 -1 -2  0 -1 -3  0    5   5   3   3   0  10  10   2   2   5  26   1   3   3   4   2   6   1   1   8  0.23 0.23
   49 A    0 -3  0 -2  0 -5 -3 -4 -4  0  4 -4  1  0 -5 -3 -1 -1  0  2    7   1   5   3   2   0   2   1   0   5  43   1   3   4   0   1   4   1   3  12  0.57 0.38
   50 A    3  0  0  1 -2  3  1 -3  2 -3 -3  1 -2 -3 -2  0  0 -6 -5 -1   24   5   4   7   1  12  10   2   5   1   3   7   1   1   2   7   5   0   0   5  0.32 0.31
   51 P    1  0  0  2 -5  2  2  1  0 -4 -5 -2 -3 -1  3  0  0 -2 -3 -4   13   5   3  10   0   7  15   9   2   1   1   2   1   4  13   5   5   1   1   1  0.33 0.31
   52 L   -1 -5 -4 -5 -1 -3 -7 -6 -4  3  5 -7  0  1 -7 -5 -2 -1 -3  1    5   1   1   1   1   2   0   1   0  14  52   0   2   5   0   1   3   1   1  10  1.05 0.60
   53 V    0  1 -4 -3 -1  0 -3 -4 -3  2  2 -1 -1  4 -4 -2 -1  0  0  2   10   7   1   2   1   4   1   1   0  13  18   3   1  15   1   2   3   1   3  12  0.34 0.26
   54 A    2 -1  0  2 -1  0  2  0 -2 -3 -4 -1 -2 -6 -1  1  2 -6 -5 -2   20   4   5  13   1   4  14   6   1   1   1   3   1   0   3  10  11   0   0   2  0.36 0.33
   55 V    2 -2 -2 -3  0  0 -1 -2 -4  0  2 -1  1  3 -4 -2 -2  5  0  0   16   2   2   1   2   4   4   3   0   4  23   4   4  10   1   3   2   7   4   6  0.31 0.27
   56 L   -1 -3 -5 -4 -5 -2 -3 -5 -2  2  5 -4  1  2 -2 -3 -3 -1 -2 -1    6   2   1   1   0   2   2   1   1  12  48   1   3   9   2   2   1   1   1   4  0.81 0.48
   57 T    2  2 -1  0 -2  2  0 -2 -2 -2 -2  2 -2 -5  1  1  1 -5 -3 -2   15  12   2   6   1   8   7   3   1   2   4  10   1   0   6   9   8   0   1   2  0.22 0.23
   58 S    0 -2  0  1 -2  5  4 -1  1 -4 -2 -2 -2 -4 -4  0  0 -6 -4 -4    7   2   4   9   1  22  22   5   4   1   4   2   1   1   1   8   5   0   1   2  0.57 0.45
   59 D   -1 -3 -1  3 -3  0  1  2 -1  0  0 -1  0 -3  1  0 -1 -5 -4 -2    4   1   3  14   0   5   7  18   1   5  12   3   2   1   8   7   4   0   1   2  0.23 0.22
   60 G    0 -3  0  3 -6  0  2  2 -1 -4 -3  2 -4 -3  1  0 -1 -6 -6 -4    9   1   5  18   0   3  15  13   2   1   4  11   0   1   6   6   4   0   0   1  0.39 0.32
   61 W   -1 -5 -4 -1 -5 -4  1 -4 -3 -1  4 -4  1  1 -4 -1  0  7 -2  0    6   0   1   4   0   1   8   2   1   3  34   1   3   5   1   4   6  13   1   5  0.70 0.44
   62 E    1  0 -1  0  0  2  2 -2  0 -1  0  0 -2 -1  0  0  0 -1 -2 -1   13   4   3   5   2   9  13   3   2   3  11   5   1   3   5   7   7   1   1   4  0.11 0.14
   63 T    2 -1 -1  1 -1  4  2 -3 -1 -2 -2  0 -3 -1  0  1 -1 -2 -1 -3   16   3   3   7   1  18  13   2   2   2   5   5   1   3   4   8   3   1   2   2  0.33 0.29
   64 Q    1 -2  0  2 -1  2  2 -2  1 -3  0 -2 -2  0  0  1  0 -4 -2 -1   10   2   3  10   1  10  14   4   3   2   8   2   1   4   4  10   5   0   1   4  0.19 0.19
   65 W   -1 -1 -3 -3 -1 -2 -2  0 -2 -1  0 -3  0  2 -2 -3 -2 10 -1 -1    5   3   1   2   1   2   3   6   1   4  11   2   2   7   3   3   3  35   2   5  1.21 0.59
   66 P    2 -3 -2  0 -2 -1 -1 -2 -2 -5 -3 -3 -2 -3  6  0 -1 -5 -5 -3   15   2   2   5   1   3   4   3   1   1   3   2   1   1  42   7   5   0   0   2  0.96 0.59
   67 L    0 -1 -1  1  1 -1  0 -2 -1 -1  3 -2  0  2 -3 -2 -1 -2  1  0    8   4   3   7   3   2   7   3   1   3  29   2   2   8   1   2   3   1   4   6  0.20 0.18
   68 P    0 -2  0  1 -2 -1  2  2 -2  0  0 -2  0 -1  2  0  0 -5 -4 -1    8   2   5   7   1   2  13  16   1   5   9   2   3   3   9   5   5   0   0   3  0.17 0.17
   69 E    0  0 -1  1 -2  4  2 -2 -1 -2 -1  0 -2 -1 -1 -1  0 -1 -3  0    6   5   3   8   1  17  15   3   1   2   6   4   1   3   3   5   7   1   1   6  0.25 0.25
   70 A    2 -1 -1  4 -3 -1  3 -2 -3 -3 -2 -1 -3 -3 -2  1 -1 -7 -6 -2   18   4   3  21   1   3  15   4   1   2   5   3   1   1   3   8   4   0   0   3  0.46 0.34
   71 S    3 -3 -1  0 -2  1  2 -2 -1 -3 -2 -1 -2 -2  0  0  0  1 -1 -1   25   1   3   5   1   7  15   3   1   1   4   4   1   2   5   7   5   2   2   5  0.32 0.29
   72 L    0 -2 -4 -2 -3  1 -1 -2 -2  2  4 -3  2 -1 -4 -3 -2  5 -2  0    8   3   1   3   1   5   4   3   1   9  32   2   4   3   1   3   3   6   1   6  0.47 0.30
   73 A    2  0  0 -1  0  1  1  0 -1 -1 -1  1 -1 -2 -2  1 -1  0 -2 -1   18   5   5   4   2   7   9   7   1   4   6   8   1   2   1   9   4   2   1   4  0.11 0.14
   74 P    2  2  0  1 -4  2  1 -2  0 -2 -1  0  0 -2  0 -1 -1 -1 -2 -1   15  10   5   7   0  10  10   3   3   2   6   6   2   2   5   4   4   1   1   4  0.15 0.18
   75 L    0 -1 -4 -3  0 -1 -1 -3 -2  1  4 -2  1  0 -3 -3 -2  1  2  0    9   4   1   1   2   2   5   3   1   7  36   3   3   4   1   2   3   2   6   5  0.36 0.30
   76 V    2 -2 -2 -2  2  0 -1 -2 -2  1  2 -1  1 -2 -1 -1  0 -1 -4  1   16   2   2   2   4   4   5   3   1   7  23   4   3   2   3   4   6   1   0   9  0.17 0.19
   77 T    2  2  0  1 -4  1  1 -1  0 -2 -2  1 -1 -2 -1  0  0  0 -2 -2   17  10   5  10   0   5   8   4   2   2   5   7   1   2   3   8   5   1   1   3  0.15 0.19
   78 A    2  2 -1 -1 -1  0  0 -3 -1 -2  1  0  0 -2 -2  0  0  1 -2 -1   19  11   3   4   2   5   7   2   2   2  13   6   3   2   2   7   5   2   2   4  0.16 0.18
   79 F    1 -1 -1  0  0  1 -1 -2 -1  0  2 -2  1  1 -1 -1 -1  3  0  0   15   3   3   5   2   6   4   2   2   4  18   2   3   7   3   3   3   5   3   7  0.11 0.14
   80 Q    0  1  0  0 -4  3  1 -1  0 -1 -2  1  1 -1  0  0 -1  2  0 -1    9   9   4   4   0  14   8   5   3   3   4   8   3   3   4   6   4   3   3   4  0.13 0.17
   81 T    0  0  0  0  2  0  0 -1  1  0 -1  0  1  0  0  0  0 -2  1  0    5   5   5   5   5   5   5   5   5   5   5   5   5   5   5   5   5   0   5   5  0.03 0.05
   82 Q    0 -1  0  2 -3  0  2 -1 -1 -2 -2 -1 -1 -3  0  1  1 -2  0 -1    9   3   4  11   0   5  15   5   1   2   5   3   2   1   4  11  11   0   3   4  0.16 0.18
   83 C    2 -1  1  3  1  0  0 -1 -1 -1 -1 -1 -1 -2 -1  0  0  0 -1 -1   17   2   6  17   3   4   5   3   1   4   8   3   1   1   3   7   6   1   2   4  0.14 0.16
   84 E    0  0 -1  3 -5  1  2 -3  0 -1  2 -1 -1 -2  2 -1 -2 -2 -3 -2    7   5   3  15   0   7  12   2   2   3  18   2   1   2  12   4   1   1   1   2  0.26 0.25
   85 E    0 -3 -1  2 -4  2  5 -4  0 -4  0  0 -1 -5  0  0 -2 -6 -4 -4    7   1   3  12   0   9  31   1   3   1  11   4   1   0   4   6   3   0   0   1  0.54 0.41
   86 T    3  1 -1  1 -5  0  3 -2 -2 -2 -2 -1 -3 -3 -1  0  1 -4 -2 -1   21   7   3   8   0   5  19   3   1   2   4   3   0   1   3   5  10   0   2   4  0.29 0.27
   87 H   -1 -3 -6 -6 -2 -2 -2 -7  0  0  6 -5  1 -1 -4 -6 -4  1 -2  0    6   1   0   0   1   2   3   0   2   5  61   1   3   3   1   0   1   2   1   7  1.08 0.59
   88 A    3  2  0  0 -2  1  2 -2  0 -3 -2  0 -2 -4 -3  0 -1 -2 -2 -1   26   9   4   4   1   7  13   2   2   2   5   6   1   1   1   8   3   1   1   4  0.28 0.27
   89 Q    2  1 -2  1 -1  1  1 -2 -1 -1 -1  0 -1 -2 -2 -1 -1  0 -1  1   21  10   1   8   1   8   8   2   1   4   7   5   1   1   2   4   3   2   3   9  0.15 0.18
   90 A    1 -4 -4  6 -7  0  5 -4 -3 -4 -6 -4 -7 -7 -4 -3 -3 -4 -3 -4   10   1   0  37   0   3  37   1   1   1   1   0   0   0   1   2   2   0   1   1  1.33 0.75
   91 W   -5 -3 -5 -9 -8 -4 -8 -9  3 -7 -4 -8 -7  5 -9 -8 -8  4  9 -7    1   2   1   0   0   1   0   0   5   0   2   0   0  24   0   0   0   5  59   0  2.60 1.14
   92 Q    0 -2  2  1  2  3 -1 -2  0 -2 -3 -2 -2 -1 -5  0  3 -3 -1 -1    8   2  11   7   5  15   4   2   2   2   3   1   1   3   0   6  22   0   2   5  0.37 0.34
   93 R    2  5 -1  0 -6  0 -1 -1  2 -4 -4  1 -4 -5 -3  0 -1 -3 -2 -4   18  32   3   6   0   4   4   5   5   1   1   6   0   0   1   6   4   0   1   1  0.62 0.44
   94 L   -3 -6 -6 -5  0 -5 -8 -9 -5  0  6 -8  1 -4 -8 -6 -2 -3 -5 -1    3   0   0   1   2   0   0   0   0   5  77   0   3   0   0   0   3   0   0   3  1.72 0.86
   95 F   -8 -8 -9 -9  0 -9 -9 -9 -2 -6 -2 -9 -2  9 -9 -8 -8 -5  0 -4    0   0   0   0   2   0   0   0   1   0   4   0   1  87   0   0   0   0   2   1  3.19 1.30
   96 V   -1 -1 -3 -2  0 -2 -1  0 -2  3  2 -3  0  0 -4 -1 -1 -2 -1  2    6   4   1   3   2   1   4   9   1  19  18   1   2   3   0   4   3   0   3  17  0.23 0.19
   97 G    0 -4  0 -1 -3 -3 -3  6  1 -3 -2 -2 -1 -3 -5 -1 -2 -5 -5 -1    8   1   5   4   1   1   2  52   3   2   4   3   2   2   1   5   2   0   0   4  0.88 0.48
   98 P   -1 -3 -1  1 -2  0  1 -2 -3 -1 -1 -3 -2 -3  5  0  1 -5 -2  1    4   1   3   8   1   4  10   3   1   4   5   1   1   1  29   8   7   0   1   9  0.48 0.35
   99 W   -1 -2  0  0 -3  0  0  4  0 -3 -3  0  0  0  0  0  0 -1 -1 -2    4   2   5   6   1   4   7  33   2   1   2   5   2   4   4   6   6   1   2   3  0.34 0.26
  100 A    1  2  0  0  2  0  0  1  0 -3 -3  1 -2 -2  2  0  0 -4 -1 -3   10  12   5   4   4   4   6  12   2   1   1  10   1   2   8   7   5   0   3   2  0.18 0.18
  101 L    0  0 -1 -2  0 -1 -2  1 -1 -1  1  0  0 -2  3  0  0 -2 -2  0    6   5   3   2   2   3   2  12   2   4  15   5   3   1  16   8   5   1   2   6  0.17 0.17
  102 P    0  0 -1 -1 -2 -1  1 -2 -1  0 -1  0 -1 -1  3  0  0 -4 -1  1    9   6   3   2   1   2  11   3   2   6   6   6   1   3  17   6   5   0   1  11  0.16 0.15
  103 S    3 -2 -4 -2  2 -2 -3 -3 -2  2  0 -2  0 -3  0  1 -1 -4 -4  3   29   2   0   2   5   1   0   1   1  10   8   3   2   1   4   9   4   0   0  19  0.36 0.31
  104 P    0 -3 -1 -3 -2 -1 -3 -3 -1 -1 -1 -3  1 -1  6  1  1 -2  0  0    7   1   3   1   1   3   1   1   1   4   7   1   4   2  34   9   8   1   3   7  0.58 0.39
  105 P   -1 -3 -3 -5 -1 -1 -3 -6 -6  0  1 -2  0 -6  7 -2 -2 -6 -6 -4    4   1   2   0   1   3   1   0   0   6  14   2   2   0  56   2   2   0   0   1  1.40 0.74
  106 W   -3 -1 -1 -6  0 -3 -4 -6  1  1 -3 -5 -4  2 -6 -2 -1  6  7 -1    2   3   4   0   2   1   1   0   3   9   2   0   0   8   0   3   3  10  42   5  1.25 0.66
  107 G    2  0 -2 -2 -2 -1  5  2  0 -4 -3 -3 -2 -6 -4  1 -3 -6 -5 -3   17   4   2   1   1   2  36  16   2   1   3   0   1   0   0  11   1   0   0   1  0.68 0.50
  108 S    0 -5 -2 -2 -2 -5 -3  0 -1 -4 -3 -5 -1 -6 -5  6  1 -7 -6 -3    8   0   2   2   1   0   1   6   2   1   3   0   1   0   0  63   7   0   0   2  1.23 0.77
  109 V    1 -2 -3 -1  1 -2 -1 -4  2 -1  0 -3 -1  1 -1 -2 -2  4  4  2   12   3   1   4   3   1   3   1   5   2   8   1   2   6   3   2   2   6  17  18  0.35 0.29
  110 W   -2 -2 -2 -3 -5 -4 -1 -2  3 -2 -3 -2 -1  2 -3 -2 -5  6  8 -3    4   2   2   2   0   0   4   3   6   2   2   2   2   6   2   3   0   9  47   2  1.29 0.72
  111 L   -1  1 -1 -1  0 -1 -1 -2  0  1  2  0  1 -1 -1 -1  1 -3  0  0    4  10   2   2   2   3   4   3   2   9  28   4   3   2   3   4   8   0   2   5  0.11 0.15
  112 D   -1 -1  1  3  0  1  1  1  2 -2 -3 -1 -3 -2 -1  1  1 -4 -1 -3    4   2   7  20   2   5   9  13   5   2   3   3   0   2   3  11   8   0   3   0  0.26 0.25
  113 R    0  1  0  1 -3  1  1  1  0 -1 -2  0 -2 -1  1  0  0 -3  0  0    9   9   4   7   0   5  12  11   2   3   3   6   0   2   7   5   5   0   3   7  0.10 0.11
  114 E   -1  0  0  3 -4  0  4  0 -1 -3 -3  1 -2 -4 -1  0  0 -4 -3 -4    5   5   4  15   0   4  30   8   1   1   2   7   1   1   3   5   5   0   1   1  0.48 0.33
  115 S   -1  2  2  0 -2  2 -1  4  0 -3 -3  0 -2 -2  0  0 -1 -3 -3 -3    5  11   8   6   1   9   3  27   2   1   3   5   1   2   4   6   3   0   1   1  0.36 0.28
  116 V   -1  1 -3 -3 -3  0 -2 -2 -1  0  2 -1  1  2 -2  0  0 -3  0  1    5  10   1   1   0   5   3   3   1   4  23   3   4   8   2   8   5   0   3  11  0.16 0.16
  117 L   -2 -2 -2 -1 -4 -3 -2 -3 -2  1  4 -3  3  1 -3 -2 -1 -4 -1  1    2   3   2   3   0   1   3   3   1   8  40   2   7   5   1   2   4   0   2  10  0.47 0.30
  118 F   -2 -1  3 -2  1 -1 -2 -2  0 -2 -1 -2  5  5 -3 -2 -3  2  1 -2    3   4  14   2   3   3   3   3   2   2   6   3  16  20   2   2   1   2   5   3  0.52 0.34
  119 G   -2 -2 -1  1 -6  3  1  5 -1 -6 -5 -2 -3 -3 -3 -1 -1 -6 -5 -3    3   2   3   9   0  14  10  40   2   0   1   2   1   1   1   5   4   0   0   2  0.77 0.48
  120 D    1  1 -2  2 -3  0  3 -1 -2 -2 -3  2 -1 -3  1 -1 -1  0 -2 -3   10   7   2  13   1   4  19   5   1   3   2  13   1   1   7   4   3   1   1   1  0.30 0.26
  121 S    2 -2 -1 -2 -1  0  0 -2 -1 -2 -3 -3 -3 -4  4  3  1 -6 -2 -2   15   2   3   2   1   3   6   3   2   2   2   1   1   1  21  23   7   0   2   3  0.49 0.39
  122 T    1 -1 -3 -4 -2 -2  0 -4  1 -2  2 -3  1 -2 -3 -1  5  0 -1 -1   14   3   1   1   1   1   5   1   3   2  18   1   3   2   1   3  32   1   2   4  0.49 0.39
  123 L    2 -1 -1 -1 -2  2 -1 -2  1  0  2 -2  1 -1 -2 -2 -1 -2 -2  0   21   4   3   3   1   9   4   2   3   6  23   1   3   2   1   2   2   1   1   6  0.20 0.22
  124 A    2  1 -1  3 -3  2  4 -3  0 -3 -3  0 -2 -4 -2 -1 -3 -6 -4 -3   17   8   2  14   1  10  24   1   2   1   3   6   1   1   2   3   1   0   0   2  0.50 0.39
  125 L   -1 -6 -7 -7 -1 -6 -6 -7 -6  2  3 -6  4  2 -6 -6 -3  0  1  5    5   0   0   0   1   0   0   0   0   8  27   0  11   7   0   0   2   2   4  33  0.96 0.54
  126 R   -1  6 -2 -3 -1  1  0 -5 -2 -3 -1  1  0 -4 -6 -1 -2 -3 -3 -2    6  47   2   1   1   6   5   1   1   1   6   7   3   1   0   4   3   0   1   3  0.91 0.56
  127 Q    2  2  0  1 -5  3  2 -1  1 -3 -4  1 -3 -4 -4  0 -1 -2 -3 -3   15  11   4   7   0  15  14   5   4   1   1   7   1   1   0   6   3   0   1   1  0.38 0.33
  128 W    0 -1 -4  2  0 -3 -3 -4  0  0  1 -2 -1  6 -6 -3 -2  5  0 -2    7   3   0  10   2   1   2   1   3   5  15   2   2  32   0   2   2   8   2   2  0.71 0.44
  129 M   -4 -1 -7 -8  0 -7 -7 -8 -5 -3  4 -7  5  0 -8 -7 -5 -5  8 -4    1   4   0   0   2   0   0   0   0   1  33   0  12   3   0   0   1   0  42   1  1.73 0.88
  130 R    2  3 -1 -1 -5  2  1 -2  1 -2 -1  1  0 -3 -3  0 -1 -2 -3 -1   16  20   2   4   0  10   7   3   3   2   7   8   2   1   1   7   3   1   1   4  0.27 0.26
  131 E    2  2 -2  0 -3  3  3 -3  1 -4 -3  2 -1 -4 -4  0 -1 -2 -5 -3   16  10   1   6   0  14  19   2   3   1   2  11   1   1   1   6   4   1   0   2  0.44 0.36
  132 K    1  2  1 -3  0  0 -1 -4  4 -2  1 -2 -1  2 -5 -1 -2  1  3 -2   12  10   7   1   2   5   3   1   9   2  15   2   1  10   0   5   1   2  10   1  0.30 0.27
  133 G   -2 -3  0  0 -7  1 -2  6  0 -8 -6 -1 -7 -4 -5 -3 -4 -7 -4 -7    3   2   5   5   0   6   3  66   2   0   1   3   0   1   1   2   1   0   1   0  1.48 0.76
  134 I   -4 -4 -7 -7 -2 -6 -5 -7 -6  4  4 -5  4  4 -7 -6 -4  1  1  1    1   1   0   0   1   0   1   0   0  21  33   1  10  15   0   0   1   2   4  10  1.02 0.54
  135 Q    2  0 -1  1 -1  2  3 -2  0 -3 -2  0 -2 -5  1  0  0 -5 -3 -1   15   6   2   7   1  10  20   2   2   1   3   5   1   0   7   5   7   0   1   5  0.27 0.26
  136 F   -1  2 -3 -4 -1 -2 -3 -4 -3  1  2 -1  1  2  2 -2 -1 -3 -1  2    5  14   1   1   1   1   1   1   0   9  18   4   3   8  10   3   4   0   2  14  0.29 0.23
  137 E    1  0  1  2 -3  1  1 -2  0 -3 -2  0 -3 -4  1  1 -1 -5 -3 -1   14   5   8  14   1   7  10   3   2   1   3   6   0   1   7  10   4   0   1   4  0.22 0.19
  138 M    0  0  0  1 -2  0  2 -1  0 -3 -1  1 -1 -3  1  0  0 -2 -2 -2    7   5   5   9   1   4  17   5   2   1   7   7   2   1   8   8   6   1   2   3  0.15 0.15
  139 K   -1 -1  1  2 -2  1  2  1  0 -3 -2  0 -1 -2 -1  0  0 -2 -1 -3    5   3   6  14   1   7  13  13   2   1   5   6   2   2   3   6   7   0   3   1  0.19 0.17
  140 Q   -1  0  1 -1  0  1  0 -1  1  0 -1 -1  1  2 -1 -1 -1  1  2  0    3   5   8   3   2   8   6   6   4   4   6   2   3  10   4   5   4   2   7   9  0.06 0.09
  141 N   -1  2  4  0 -2  0 -1 -1  2 -4 -3  2 -3 -1  1  0  0 -5 -2 -2    5  12  18   6   1   4   2   4   6   1   3  13   0   3   6   7   5   0   2   3  0.32 0.25
  142 E   -1 -3 -2  1 -6  1  7 -2 -5 -3 -2 -4 -1 -4 -5 -4 -3 -3 -3 -1    5   1   1   6   0   6  58   4   0   2   5   0   2   1   0   1   2   1   1   5  1.19 0.66
  143 P    0 -2 -3 -6 -4 -4 -3 -5 -3 -5 -1 -4 -2 -5  7  0 -2 -3 -3 -5    8   3   1   0   0   1   2   1   1   1   6   1   1   1  60   7   3   0   1   1  1.60 0.82
  144 E    2 -4 -2  2 -2 -2  5 -3 -2 -2 -3 -4 -3 -4  4 -2 -2 -6 -4 -2   16   1   2  12   1   1  31   2   1   3   3   1   1   1  17   3   3   0   1   3  0.72 0.48
  145 D   -8 -8 -6  9 -10 -7 -3 -4 -8 -10 -10 -7 -9 -10 -8 -7 -8 -10 -9 -10    0   0   0  96   0   0   2   1   0   0   0   0   0   0   0   0   0   0   0   0  3.38 1.40
  146 H   -6 -5 -1 -6 -10  1 -7 -9 11 -10 -10 -8 -9 -1 -9 -2 -5 -9  1 -10    1   1   3   1   0   6   0   0  79   0   0   0   0   3   0   3   1   0   4   0  3.47 1.40
  147 F   -3 -8 -8 -9 -7 -8 -8 -9 -8  6  3 -8  1  4 -8 -7 -6 -7 -3  2    2   0   0   0   0   0   0   0   0  39  30   0   4  15   0   0   0   0   1  10  1.48 0.69
  148 G    5 -5 -5 -5  0 -7 -6  5 -7 -4 -6 -6 -7 -5 -3  2 -3 -8 -4 -2   37   1   0   1   2   0   0  38   0   1   1   0   0   0   1  12   1   0   1   3  1.25 0.71
  149 S    1 -3 -2 -6 -2 -4 -4 -4 -1  2  3 -5  0  2 -4  0  1 -5  0  3   11   1   2   0   1   1   1   1   2  12  23   0   2   8   1   6   8   0   3  18  0.44 0.31
  150 L   -5 -6 -5 -6 -2  1  6 -8 -6  0  3 -6  4 -2 -6 -5 -6 -7 -1 -2    1   0   0   0   1   5  42   0   0   5  27   0  10   2   0   0   0   0   2   3  1.23 0.74
  151 L   -5 -8 -9 -10  5 -8 -6 -6 -9 -3  6 -9  2  2 -7 -7 -5 -8 -4 -4    1   0   0   0   9   0   1   1   0   1  74   0   5   7   0   0   1   0   0   0  1.92 0.92
  152 L    1 -2 -3  2 -5 -1  5 -3 -6 -5  2 -4  2 -3 -4 -2 -3 -4 -4 -3   12   2   1  10   0   3  39   2   0   0  16   0   5   1   1   3   1   0   1   2  0.79 0.55
  153 M    1 -7 -8 -8 -3 -5 -7 -7 -3 -1  2 -7  3  7 -8 -5 -1 -2  2  1   11   0   0   0   1   1   0   0   1   3  16   0   6  40   0   1   4   0   7  11  1.23 0.64
  154 A    2 -7 -8 -8  0 -4 -6 -5 -5  0  3 -7  8 -4 -5 -4 -3 -2 -3  0   19   0   0   0   2   1   1   1   0   4  26   0  36   1   1   1   1   1   1   5  1.41 0.76
  155 A    5  0 -2 -4 -6 -1 -3  1  0 -2 -4 -5 -3 -4 -6  3 -3 -7  1 -3   41   5   2   1   0   3   2   9   2   2   1   0   1   1   0  23   1   0   5   2  0.82 0.57
  156 W   -1 -1 -1 -5 -1  0 -1 -1  4 -2  0 -3  2  2 -6 -3 -2  7  4 -1    6   3   4   1   1   4   5   5   8   2   9   1   5   8   0   2   3  16  14   4  0.62 0.39
  157 L   -3 -8 -9 -9 -3 -6 -7 -7 -8  0  6 -7  2 -2 -8 -6 -4 -7 -4 -2    3   0   0   0   1   0   0   0   0   5  79   0   4   2   0   1   1   0   1   2  1.88 0.89
  158 A    3 -3 -3 -3  4 -4  2 -4 -3  3  2 -3 -3 -2 -5 -1 -2 -4 -3 -1   23   1   1   1   9   0  12   1   1  18  17   1   0   2   0   5   2   0   1   4  0.54 0.38
  159 E    1  1 -1  3 -2  1  5 -3 -2 -3 -2 -1 -2 -3 -4 -1 -2 -6 -3 -4   11   7   2  17   1   5  32   2   1   2   4   3   1   1   1   5   3   0   1   1  0.58 0.41
  160 N   -1  2  4 -1 -3  4  2 -1  2 -4 -4  1 -2 -5 -2  0 -1 -4 -4 -4    5  12  17   4   1  17  12   4   4   1   1   7   1   1   2   6   3   0   0   1  0.50 0.37
  161 G    3 -1  0  1 -1  1  1  2  0 -2 -1 -1 -2 -4 -1  0 -1 -2 -3 -2   23   3   4   7   1   5   9  16   2   2   6   3   1   0   3   8   3   1   1   3  0.24 0.22
  162 R    1  2  2  3 -3  2  1 -2 -1 -2 -1  0 -1 -1  0 -1 -2 -2 -1 -3   12  12   9  16   1   8   7   2   1   3   6   5   1   3   4   4   2   1   2   1  0.23 0.22
  163 Q   -1 -1 -1  2 -3  2  3 -3  1 -2  0  0 -2 -2  2  0 -1 -2 -2 -2    6   3   3  10   0   8  20   2   3   2   9   5   1   2  10   8   3   1   1   3  0.25 0.24
  164 T    2 -2 -1  4 -3  0  2 -1  1 -2 -2  0 -4 -5 -2  0  1 -6 -3 -2   18   2   2  20   0   3  13   5   3   2   5   5   0   0   2   7   8   0   1   3  0.34 0.29
  165 E    2  0 -3  2 -4  1  4 -3 -2 -3 -1 -1 -1 -3 -3  0 -1 -3 -2 -2   17   4   1  10   0   5  29   2   1   2   8   4   1   1   1   6   3   0   2   2  0.40 0.34
  166 C    2 -2 -3 -1  0  5 -2 -4 -2  0  1 -3 -2 -2 -4 -1 -1 -1 -1  0   19   2   1   3   2  28   2   1   1   4  13   1   1   2   1   4   4   1   2   7  0.51 0.41
  167 E    1  3  0  1 -3  3  2 -4 -1 -3 -1  2 -5 -4 -2 -2 -2 -6 -3 -2   10  13   4   9   1  15  15   1   1   2   5  13   0   0   2   2   2   0   1   3  0.41 0.34
  168 E    1  2 -1  2 -6  3  4 -3  0 -3 -5  0 -2 -6 -4  0  2 -1 -3 -2   13  10   2  10   0  11  22   1   2   1   1   5   1   0   0   5  11   1   1   3  0.48 0.39
  169 L   -6 -9 -7 -8 -3 -7 -9 -9 -5 -3  3 -7  0  8 -8 -8 -6  0 -1 -3    1   0   0   0   1   0   0   0   0   2  25   0   2  62   0   0   1   1   1   2  2.25 1.00
  170 L   -3 -5 -6 -8 -2 -5 -4 -8 -1  1  5 -6  1  5 -8 -6 -3  1 -1 -1    2   1   0   0   1   1   1   0   2   7  47   0   4  24   0   0   2   2   2   4  1.18 0.62
  171 A    1  2  2  2 -3  3  3 -2  0 -5 -4  0 -4 -5 -5  1  0 -2 -5 -3   12   9   8  11   1  11  18   3   2   0   2   6   0   0   0   8   6   1   0   2  0.42 0.35
  172 W   -2  3  0  3 -4  3  4 -4  0 -4 -4  1 -3 -5 -5 -2  0  1 -5 -3    4  13   3  14   0  12  25   1   2   1   2   9   1   0   0   3   5   2   0   2  0.63 0.44
  173 H   -4 -3 -4 -6 -1 -2 -3 -6 10 -6 -6 -6 -3  2 -8 -6 -6 -7  3 -5    2   2   1   1   1   2   2   1  67   1   1   0   1   8   0   0   0   0   9   1  2.78 1.18
  174 L   -5 -5 -8 -8 -6 -7 -7 -8 -5  3  6 -6  2  0 -2 -5 -4 -7 -3  0    1   1   0   0   0   0   0   0   0  15  62   0   4   4   3   1   1   0   1   6  1.42 0.71
  175 F    1 -1 -1 -4  0  0 -2  1 -1 -3  4 -2  2  1 -5 -1 -2 -3 -3 -2   11   4   3   1   2   4   2  10   1   1  39   3   4   5   0   6   2   0   1   2  0.38 0.32
  176 P   -1  1 -1 -2 -3  0 -1 -2 -1 -5 -3  0 -3 -7  6  1  1 -3 -6 -2    6   8   3   3   1   4   4   3   1   1   2   6   1   0  37  10   8   0   0   4  0.77 0.52
  177 W   -7 -10 -7 -11  1 -9 -7 -8 -9 -7 -7 -10 -5  0 -10 -6 -6 13 -2 -7    1   0   0   0   3   0   1   0   0   0   1   0   0   3   0   1   1  87   1   1  4.69 1.82
  178 S    2 -6 -6 -6  2 -5 -6 -1 -6  3  2 -4  0  1 -4  0 -2 -2  0  3   19   0   0   0   4   0   0   4   0  13  18   1   2   5   1   8   1   0   3  20  0.51 0.35
  179 T   -1 -1 -1  1 -3 -3  1  2 -2 -3 -3 -2 -3 -2  6 -1 -2 -1  0 -4    6   3   2   8   1   1   8  13   1   1   2   2   1   2  34   5   2   1   4   1  0.67 0.46
  180 R    0  4 -2  1 -2  1  1 -1  3 -4 -1  1 -1 -4 -1 -1 -2 -6 -4 -2   10  21   2   9   1   7  10   4   6   1   6   8   2   1   4   5   2   0   0   2  0.34 0.28
  181 F   -4 -8 -8 -9  2 -7 -8 -9 -4 -2  1 -8  1  8 -9 -8 -6  2  3 -2    1   0   0   0   4   0   0   0   0   2  12   0   3  61   0   0   1   2  10   3  2.13 0.94
  182 L    2  0 -2 -5  5 -3 -4 -3 -2  0  3 -4 -1  2 -5 -1  0 -5 -1  0   16   5   2   0  13   1   1   2   1   5  24   0   1   9   0   4   7   0   2   7  0.47 0.33
  183 D    1  1  1  2 -3  2  3  0  0 -4 -4  0 -2 -4 -3  0  0 -6 -2 -3   14   8   5  13   0   8  18   8   2   1   2   5   1   1   1   6   5   0   1   1  0.33 0.28
  184 V    2  2  0  3 -2  1 -1 -2 -1 -3  1  3 -3 -4 -5 -2 -3 -6 -4 -2   15  12   3  18   1   5   4   3   2   1  13  15   0   0   0   3   1   0   0   3  0.38 0.32
  185 F    0 -7 -7 -8  4 -5 -7 -6 -5  3  3 -7  3 -1 -7 -4 -3 -7 -4  4    9   0   0   0   7   0   0   0   0  14  30   0   6   3   0   1   1   0   1  28  0.99 0.54
  186 I    0  1  0 -1 -2  2  3 -4  0  1 -1  1 -1 -2 -4 -1 -1 -5 -2 -1    9   9   4   3   1  11  23   1   2   7   6   8   1   2   0   3   4   0   1   4  0.29 0.26
  187 E    2  1  1  0 -2  2  2 -1 -1 -4 -4  1 -3 -5 -4  0  0 -6 -3 -3   20   9   6   6   1  11  15   4   1   1   1   9   0   0   0   7   7   0   1   2  0.38 0.32
  188 K    2  0  2 -1 -1  1  1 -3  6 -4 -3  0 -2 -2 -5  0 -2 -6  1 -2   18   5   9   3   1   7   8   2  19   1   3   5   1   2   0   7   2   0   4   3  0.48 0.36
  189 A    4 -2 -2  3 -2 -2 -1 -2 -2 -4 -4  0 -4 -5  1  1  1 -5 -5 -2   37   2   1  13   1   2   4   3   1   1   1   5   0   0   7  11   8   0   0   3  0.58 0.44
  190 E   -1  2  2  2 -3  2  1  0  1 -4 -4  1 -4 -4  1  0  1 -6 -4 -4    5  10   8  10   1   9  11   6   3   1   1   9   0   1   6   8  10   0   0   1  0.31 0.27
  191 H    1 -4  0 -2 -1 -2  0 -1  4 -3 -1 -3 -1  1 -4  2  4 -6 -2 -2   12   0   4   2   1   1   5   4   9   1   6   1   1   5   0  15  27   0   1   3  0.47 0.39
  192 P    0  0 -1  2 -3 -1  0  2 -1 -5 -5 -1 -4 -5  5  0 -2 -6 -2 -1    8   5   3  11   1   3   5  17   1   1   1   3   0   0  26   6   2   0   1   5  0.55 0.40
  193 F   -4 -8 -4 -8 -3 -8 -5 -7 -3 -2  0 -8 -4  8 -2 -6 -4 -1  2 -1    2   0   1   0   1   0   1   1   1   3   9   0   0  66   2   0   1   1   7   5  2.08 0.93
  194 Y   -7 -6 -9 -9 -9 -6 -5 -9 -2 -4 -4 -8 -1  2 -9 -8 -6  3 10 -7    0   1   0   0   0   0   1   0   1   1   2   0   1   7   0   0   0   4  80   0  3.21 1.38
  195 R    2  5 -4 -3 -2  2 -2 -2 -1 -3 -2  2 -2 -4  1  0 -2 -6 -2 -2   15  26   0   2   1   9   2   3   1   1   5  14   1   1   7   6   2   0   2   3  0.49 0.38
  196 A    4 -2 -1 -1 -3 -1 -1  3 -2 -3 -2 -2 -4 -4  0  1  1 -1 -2 -2   30   2   2   3   0   2   4  21   1   1   4   2   0   1   4   8   8   1   1   2  0.43 0.35
  197 L    1 -7 -7 -8 -1 -6 -7 -5 -4  2  4 -7  2  1 -7 -4 -4  0 -2  4   10   0   0   0   1   0   0   1   0  10  38   0   5   5   0   2   1   1   1  26  0.96 0.54
  198 G    6 -5 -6 -7  0 -6 -5  3 -7 -2 -3 -6 -2 -4 -4  0 -2 -8 -4 -1   54   0   0   0   2   0   1  21   0   3   3   0   1   1   1   8   2   0   1   4  1.18 0.70
  199 E    0  2  0  0 -3  3  2 -1 -1 -1  0  1  0 -4 -3 -1  0 -3 -1 -2    9  11   4   6   0  12  14   4   1   4   8   8   2   0   1   4   6   0   2   3  0.19 0.20
  200 L   -2 -4 -6 -5 -3 -5 -4 -8 -4  3  5 -5  2  2 -7 -6 -4 -6 -3  1    3   1   0   1   0   1   1   0   0  14  55   1   4   8   0   0   1   0   1   8  1.14 0.60
  201 A    2 -6 -6 -6  1 -6 -5  1 -6 -1  3 -4 -1 -3 -6 -1  4 -6 -6 -1   18   0   0   0   3   0   0   9   0   3  32   1   1   1   0   4  23   0   0   4  0.74 0.51
  202 R    0  4 -1 -2 -4  2  2 -2 -1 -2  0  2 -1 -3 -4 -1 -1 -2 -2 -1    8  21   2   2   0  10  14   3   1   3  11  10   1   1   0   4   4   1   1   4  0.31 0.27
  203 L    3 -1 -2  1 -1  1  3  1 -2 -2  0 -2 -3 -3 -4 -1 -1 -5 -3 -1   22   3   2   8   2   5  17  11   1   2  11   2   0   1   0   4   4   0   1   5  0.26 0.26
  204 T    0 -7 -6 -7 -4 -4 -6 -5 -3 -1  1 -7  0  7 -7 -4  2  5  3 -1   10   0   0   0   0   1   0   1   0   4  10   0   2  37   0   1  12   8   7   5  1.13 0.61
  205 L   -4 -4 -6 -8  2 -5 -6 -8 -7  3  5 -7  2  1 -4 -4 -5 -6 -5  2    1   1   0   0   4   0   0   0   0  13  53   0   5   5   1   1   0   0   0  14  1.17 0.60
  206 A    2  0  1  1 -5  2  3 -3  0 -3 -2  1 -4 -4 -3  0  1 -6 -5 -3   16   4   6   8   0  11  21   2   2   1   4   9   0   1   1   7   7   0   0   2  0.39 0.33
  207 Q    2  0 -1  1  0  2  2 -2  2 -2 -2 -1 -2 -1 -3  0  0 -2 -1 -1   21   5   3   7   2  11  12   2   6   2   4   3   1   3   1   5   5   1   2   5  0.20 0.22
  208 W   -2 -4 -5  3 -2 -4  2 -6  0 -1  2 -5  4  0 -6 -5 -2  6 -1 -1    3   0   0  18   1   0  15   0   3   3  20   0  12   3   0   0   3  12   2   5  0.75 0.49
  209 Q    1  3 -2  0  1  4  0 -3 -1 -1 -3  1 -1 -1 -4 -2  0  1  0 -2   14  15   1   6   3  22   4   1   1   4   2   8   2   3   0   2   5   2   3   3  0.37 0.33
  210 S    0  1  0  4 -4  3  3 -4  0 -4 -3 -1 -3 -4 -5  0  1 -4 -4 -2    6   7   4  20   0  15  16   1   2   1   2   3   1   0   0   8  10   0   0   3  0.48 0.37
  211 Q    0  2 -2  1 -1  2  4 -3 -3 -2 -1 -2 -3 -2 -4 -1  0 -2  2 -2   10  11   1   7   1   9  29   1   0   3   6   2   0   1   1   5   5   0   7   2  0.40 0.35
  212 L   -4 -4 -5 -4 -4 -3 -7 -8 -6  0  6 -7  0  4 -7 -7 -5 -1  0  0    1   1   1   1   0   1   0   0   0   4  65   0   1  14   0   0   0   1   3   5  1.36 0.67
  213 L    1 -2  1  2 -5  2  2  1 -2 -3 -2  1 -1 -3 -1  1 -2 -5 -3 -3   11   1   6  11   0  11  14  12   0   1   3   9   2   1   2  11   0   0   0   2  0.29 0.26
  214 I   -1 -4 -4 -4  0 -3  0 -5 -5  4  3 -3  1  0 -3 -3 -2 -5 -4  3    5   1   1   0   2   0   6   1   0  22  33   1   3   3   1   1   1   0   0  19  0.59 0.35
  215 P    0 -2  1  1 -4  3  1 -3 -2  0 -1 -2 -3 -2  3  0  0 -5 -2  0    7   2   7   7   0  15   9   1   0   5   6   1   0   1  16   8   4   0   1   9  0.27 0.23
  216 V    0 -3 -3 -2 -4  1 -2 -3 -4  1 -2  0  0 -2  5 -1 -2 -5 -3  3    6   1   1   2   0   8   1   1   0   9   2   5   2   1  26   4   2   0   1  28  0.57 0.36
  217 A    3 -1 -1 -1 -3  0 -1 -3 -1  0  0  0  0 -4  3  0  1 -4 -3  0   25   2   3   3   0   4   3   0   1   4   8   5   3   0  16   7   8   0   0   6  0.28 0.23
  218 V    1  0  0  1 -4  2  3 -2 -1  0 -3  0 -3 -4  1 -1  0 -1 -1  0   10   3   4   8   0   9  24   1   1   6   1   5   0   0   7   3   6   1   2   8  0.24 0.21
  219 K   -1  2 -2 -3 -2  0  1 -4  0  0 -1  4  0 -1  2 -2 -1 -4 -2  1    3  11   1   0   1   2  12   0   2   5   4  27   2   3  10   1   3   0   1  13  0.32 0.24
  220 P    0  4 -1 -2 -5  2  2 -4 -1 -3 -4  2 -4 -5  4  0  0 -5 -4 -3    6  21   3   1   0   8  16   0   1   1   0  13   0   0  19   5   5   0   0   1  0.59 0.32
  221 L   -4 -3 -2 -4 -4 -4 -3 -6 -5  2  5 -5  1  2 -5 -2 -2 -4 -3 -1    0   1   3   1   0   0   1   0   0  12  68   0   2   7   0   3   2   0   0   1  0.96 0.41
  222 F   -5 -5 -5 -6 -6 -5 -5 -6  2 -4 -4 -5 -4  6 -6 -2 -5 -1  9 -5    0   0   0   0   0   0   0   0   5   0   0   0   0  28   0   3   0   0  64   0  2.22 0.67
  223 R   -4  8 -3 -4 -6 -2 -3 -5 -3 -6 -5  0 -4 -6 -5 -4 -4 -6 -5 -5    0 100   0   0   0   0   0   0   0   0   0   0   0   0   0   0   0   0   0   0  2.34 0.58

                      K         Lambda
Standard Ungapped    0.1334     0.3216
Standard Gapped      0.0410     0.2670
PSI Ungapped         0.1603     0.3174
PSI Gapped           0.0491     0.2670
