  151         A         R         N         D         C         Q         E         G         H         I         L         K         M         F         P         S         T         W         Y         V    
  1 G   1  0.000000 -0.042140  0.000000 -0.021070 -0.063210 -0.042140 -0.042140  0.126420 -0.042140 -0.084280 -0.084280 -0.042140 -0.063210 -0.063210 -0.042140  0.000000 -0.042140 -0.042140 -0.063210 -0.063210
  2 H   2 -0.167720  0.041196  0.063262 -0.063262 -0.313374  0.205980  0.082392 -0.208916  0.506097 -0.313374 -0.272178 -0.022066 -0.126524 -0.186850 -0.167720 -0.063262 -0.167720 -0.208916  0.085328 -0.272178
  3 M   3 -0.081737 -0.248513 -0.163475 -0.328600 -0.331901 -0.166776 -0.330251  0.255116 -0.330251 -0.251815 -0.170077 -0.248513  0.158523 -0.250164 -0.330251 -0.081737 -0.248513 -0.248513 -0.331901 -0.168427
  4 N   4 -0.429359 -0.046889  1.475633  0.238124 -0.761261  0.000000  0.000000  0.000000  0.191235 -0.808150 -0.808150  0.000000 -0.523137 -0.808150 -0.523137  0.425681  0.046889 -1.093164 -0.570026 -0.808150
  5 R   5 -0.285013  0.943942 -0.073472 -0.442679 -0.855040  0.307265  0.053875 -0.570026 -0.116221 -0.855040 -0.606763  0.564133 -0.297818 -0.891776 -0.172720 -0.218333 -0.285013 -0.867845 -0.582832 -0.751623
  6 Q   6 -0.368958  0.033179 -0.039643  0.132905 -0.813844  0.964147  0.405243 -0.568473  0.039643 -0.772648 -0.614328  0.075928 -0.169442 -0.607864 -0.367405 -0.082392 -0.326209 -0.490740 -0.040944 -0.571579
  7 L   7 -0.377674 -0.401393 -0.737948 -1.034395 -0.499008 -0.007331 -0.616613 -1.155730 -0.655710  0.218380  0.699989 -0.401393  0.923718 -0.120324 -0.819175 -0.462060 -0.377674 -0.501157 -0.192639  0.133994
  8 E   8 -0.252011 -0.233907  0.420263  0.142256 -1.045138  0.114470  0.389351 -0.210428 -0.220328 -0.880869 -0.836536 -0.092165 -0.355504 -0.950070 -0.606255  0.084027 -0.289027 -1.143246 -0.790364 -0.672987
  9 R   9 -0.466581  0.652734  0.360538 -0.074442 -1.148126  0.858079  0.347687 -0.635112  0.328752 -1.169189 -0.930714  0.312424 -0.385376 -1.086797 -0.598595 -0.026586 -0.350317 -1.071229 -0.505387 -1.020602
 10 S  10  0.024165 -0.193464 -0.020935 -0.379501 -0.713099 -0.161545 -0.187743 -0.129716 -0.390789 -0.841826 -0.771066 -0.010959 -0.522590 -0.720405 -0.563456  0.426084  0.245197 -0.836663 -0.464714 -0.620909
 11 G  11 -0.126724 -0.829780  0.054584 -0.479962 -1.381473 -0.682835 -0.793043  1.920204 -0.861331 -1.699103 -1.662366 -0.829780 -1.202340 -1.253765 -0.969309  0.036940 -0.496883 -0.992255 -1.231023 -1.257066
 12 R  12 -0.312096  0.171926 -0.427081 -0.892986 -1.205954 -0.087842 -0.493371 -0.330470 -0.435236 -0.892956 -0.769735 -0.216316 -0.210651 -1.120812 -0.618444 -0.386395 -0.603023 -1.265168 -0.879518 -0.709557
 13 F  13 -0.745360 -1.367493 -1.044069 -1.341571 -1.580907 -1.014652 -1.362633  0.131103 -0.898574 -1.071230 -0.933010 -1.367493 -0.359067  0.914331 -1.880824 -0.673819 -1.207004 -0.367835  0.080023 -1.072437
 14 G  14 -0.235511 -1.074836 -0.451945 -0.579894 -1.843383 -0.407698 -0.662228  0.731009 -1.168545 -2.148488 -2.054779 -0.702741 -1.225516 -2.188880  1.076879  0.177039 -0.721818 -2.020359 -1.824307 -1.581275
 15 G  15 -0.450288 -0.558160  1.478731 -0.057415 -1.879243 -0.110461 -0.347008  1.048785 -0.406255 -2.206967 -2.128118 -0.425857 -1.365568 -2.062058 -0.810518  0.578610 -0.472370 -2.133867 -1.601976 -1.839949
 16 N  16  0.093306 -0.448168  0.173663 -0.474007 -1.124391  0.290379 -0.202048 -0.093080 -0.674399 -1.140412 -1.046442 -0.290351 -0.368348 -1.387202 -0.861123  0.519169 -0.023401 -1.558066 -1.093839 -0.758191
 17 P  17 -0.331382 -0.947538 -0.757642 -1.050094 -1.127840 -0.478498 -0.838147 -0.713706 -0.976066 -0.861345 -0.740395 -0.792680 -0.122821 -0.566424 -0.475541 -0.225373 -0.202988 -0.700611 -0.651476 -0.600546
 18 G  18 -0.205089 -0.913216 -0.202059 -0.621973 -1.560763 -0.379836 -0.644593  0.666908 -0.954694 -1.593003 -1.597497 -0.732846 -1.017566 -1.495044 -0.300441  0.000166 -0.458988 -1.556413 -1.290639 -1.103638
 19 G  19 -0.399773 -0.966309  0.019962 -0.978930 -1.418158 -0.644957 -1.088100  0.642662 -0.996599 -1.214255 -0.992684 -0.866528  0.102553 -0.878039 -1.413571  0.159668 -0.714457 -1.303504 -1.169784 -1.022505
 20 F  20 -1.107782 -1.155184  0.860224 -0.671283 -1.953290 -1.113988 -1.113988  0.126461 -0.371097 -1.611908 -1.611908 -1.113988 -1.128007  0.011863 -1.600213 -0.260284 -0.863194 -1.364399 -0.416822 -1.661300
 21 G  21 -0.063304 -0.832104 -0.476240 -0.816093 -1.828603 -0.006094 -0.662754  1.260912 -1.095047 -2.052116 -1.811058 -0.770781 -0.866443 -1.766153 -0.721062 -0.105953 -1.022213 -1.522145 -1.498030 -1.434451
 22 N  22 -0.705442 -0.161738  1.854721 -0.233888 -1.858403  0.070133 -0.354922  0.170971 -0.240092 -1.872610 -1.664551 -0.211108 -0.646270 -1.885042 -1.377010  0.564713 -0.349465 -2.268745 -1.497594 -1.680090
 23 Q  23  0.196533  0.152180 -0.153800 -0.523292 -1.905034  1.608305  0.411160 -0.143899 -0.689742 -2.289726 -1.824956  0.261268 -0.726027 -2.294637 -1.021599  0.566259 -0.608750 -2.032132 -1.444550 -1.599361
 24 G  24  0.155953 -1.079973 -0.457304 -1.023224 -2.192632 -0.888021 -1.136221  1.905869 -1.486198 -2.672357 -2.546323 -1.048822 -1.673857 -2.588612 -0.067783 -0.085632 -1.141518 -2.328827 -2.287379 -1.905543
 25 G  25 -0.202359 -1.164884  0.184033 -0.777754 -2.059002 -0.443363 -0.826689  1.283728 -0.830503 -2.313856 -2.303217 -0.922668 -1.496025 -1.855078 -1.171113  0.416826 -0.838508 -1.886004 -1.150519 -1.762821
 26 F  26 -0.760402 -1.509082 -1.260929 -1.638369 -1.684569 -1.003002 -1.440850 -1.426059 -1.242303 -0.926701 -0.667574 -1.309279  0.043128  0.246246 -0.726425 -0.587445 -0.801488 -1.291075 -0.423384 -0.889436
 27 G  27 -0.091606 -1.172018  0.542203 -0.223125 -2.197009 -0.737298 -0.784447  2.680466 -1.202250 -2.871776 -2.841431 -0.837775 -1.937928 -2.404977 -1.272046  0.808768 -0.902315 -2.169020 -2.217436 -2.301462
 28 N  28 -0.123904 -0.938522  0.042065 -1.039949 -1.468976 -0.320652 -0.853914 -0.685513 -1.156541 -1.115295 -0.899423 -0.675026  0.093307 -1.652255 -0.750540  0.509235 -0.365444 -2.333646 -1.607161 -0.901203
 29 S  29 -0.711118 -0.960634  0.609091 -0.891532 -1.874921 -0.814176 -0.949697 -1.027781 -0.528434 -1.607938 -1.556624 -0.918861 -1.070766 -0.542023 -1.247716  0.076371 -0.026190 -1.903952 -0.571490 -1.470453
 30 R  30 -0.067556 -0.899907 -0.349691 -0.851886 -2.002583 -0.410549 -0.551767 -0.478233 -1.279818 -2.072962 -1.853718 -0.565813 -1.019335 -2.481813  0.787827  0.371244 -0.533027 -2.844905 -2.104898 -1.576783
 31 G  31 -0.309861 -1.078906 -0.147927 -0.868284 -1.973468 -0.499315 -0.826873  0.061330 -1.106342 -2.091360 -1.913268 -0.830824 -1.260069 -1.859373 -0.173231  0.326525 -0.291481 -2.183210 -1.496827 -1.630015
 32 G  32 -0.573002 -0.747364  0.705306 -0.665886 -1.942314  0.175224 -0.495450 -0.022166 -0.850114 -1.998827 -1.553339 -0.550740 -0.869422 -1.922827 -1.594141  0.628777 -0.307219 -1.730695 -1.478267 -1.748578
 33 G  33 -0.408044 -0.298872  0.507791 -0.367181 -2.153872 -0.299478 -0.502670  0.564985 -0.370762 -2.390937 -2.267371 -0.533116 -1.386047 -2.099481 -1.206183  0.094199 -0.873341 -2.292721 -1.513845 -2.005428
 34 A  34 -0.237168 -0.919582 -1.052889 -1.568306 -1.544727 -0.805461 -1.207444 -1.066177 -1.524279 -1.084549 -0.710501 -0.900745 -0.311804 -1.209916 -0.569097 -0.141574 -0.064083 -1.958372 -1.371644 -0.833242
 35 G  35 -0.387898 -1.205057 -0.823844 -1.474649 -1.734159 -1.062842 -1.516896  0.524165 -1.618352 -1.311915 -1.073014 -1.240638 -0.117077 -1.177834 -1.514128 -0.260813 -0.693202 -1.607140 -1.553521 -1.001301
 36 L  36 -0.323888 -1.513313  0.041594 -1.108682 -2.048776 -1.370134 -1.544668  2.115660 -1.481174 -1.996379 -1.859862 -1.413520 -1.279495 -1.675278 -1.858180  0.110684 -1.105955 -1.914626 -1.872427 -1.683871
 37 G  37 -0.252888 -0.828695  0.309605 -0.651601 -2.106598 -0.431993 -0.746335  1.004445 -1.052874 -2.448316 -2.307111 -0.711666 -1.412227 -2.192351 -0.518735  0.464683 -0.546127 -2.274818 -1.901356 -1.932202
 38 N  38 -0.388582 -0.715962  0.815477 -0.446677 -2.222940  0.132545 -0.430972  0.707947 -0.837606 -2.557484 -2.342833 -0.510008 -1.243465 -2.163523 -1.183861  0.947733 -0.417213 -2.388971 -1.794140 -2.122442
 39 N  39 -0.318252 -0.885582  0.396145 -0.697803 -2.143515  0.164335 -0.510897  0.468170 -0.875630 -2.487356 -2.231363 -0.720516 -1.249582 -1.727639 -1.696347  0.614082 -0.503882 -1.601857 -1.366003 -2.020816
 40 Q  40  0.073973 -1.190996 -0.247328 -0.927306 -1.979843 -0.481077 -0.874575  0.625581 -1.531941 -2.262876 -2.009946 -0.908329 -1.351041 -2.462037 -0.406107  0.582957 -0.080481 -2.496299 -2.157506 -1.632091
 41 G  41 -0.341858 -0.913424  0.998540 -0.389793 -2.077369 -0.187514 -0.569684  0.377323 -0.948612 -2.272102 -2.082836 -0.612349 -1.024951 -2.374525 -0.895845  0.887816 -0.291961 -2.723174 -2.038326 -1.872386
 42 S  42 -0.231491 -1.046311  0.267048 -0.541669 -2.372834 -0.413692 -0.478294  1.349839 -1.255915 -2.652149 -2.509549 -0.796559 -1.436712 -2.532270 -0.938893  0.529644 -0.527996 -2.415869 -2.239030 -1.973059
 43 N  43 -0.830269 -0.504233  1.859801 -0.191449 -2.208872  0.457610 -0.136802 -0.716062 -0.471284 -2.063350 -1.883109 -0.249056 -0.961388 -2.444473 -1.093304  0.817717  0.216712 -2.929708 -1.756556 -1.703017
 44 M  44 -0.352365 -1.102694 -0.515273 -1.465766 -1.730468 -0.321831 -1.177429 -0.394936 -1.563122 -1.185358 -0.781593 -0.953373  0.410561 -1.674395 -1.316400  0.078404 -0.451329 -2.082174 -1.732979 -0.838872
 45 G  45  0.087332 -1.531786 -0.123947 -1.050659 -2.103117 -1.320208 -1.367732  1.878888 -1.517728 -2.463642 -2.422446 -1.373027 -1.638793 -1.833261 -1.268351  0.338578 -0.655534 -2.131114 -1.971961 -1.862483
 46 G  46 -0.352756 -1.371810 -0.252262 -1.077006 -2.127997 -0.993333 -1.301274  1.321839 -1.490980 -2.251481 -2.066871 -1.204250 -1.168598 -1.819383 -0.918024  0.184703 -0.632506 -1.988730 -1.887750 -1.744341
 47 G  47  0.098252 -1.274705  0.562511 -0.715350 -2.042892 -1.000676 -1.129869  2.322449 -1.269613 -2.585792 -2.530483 -1.111706 -1.659980 -2.116542 -1.614700  0.790660 -0.605557 -2.196654 -2.089160 -2.037162
 48 M  48 -0.249772 -1.116099 -0.747591 -1.690610 -1.572981 -0.506492 -1.323696 -0.085671 -1.421366 -1.131432 -0.666029 -1.090843  0.316526 -1.275247 -1.772990 -0.420595 -0.940501 -1.180112 -1.238785 -0.785531
 49 N  49 -0.884042 -0.655836  2.414919 -0.211563 -2.357990 -0.302096 -0.578387  0.448183 -0.356014 -2.389448 -2.160593 -0.540157 -1.417503 -2.167331 -1.859257  0.820189 -0.415722 -2.888241 -1.780029 -2.253686
 50 F  50 -0.676592 -1.561342 -1.381865 -1.664391 -1.944818 -0.855306 -1.336452 -1.198846 -1.308104 -1.163561 -0.992830 -1.231272 -0.410511  0.324700 -1.579268 -0.333954 -1.076190 -1.419295 -0.354272 -1.164404
 51 G  51 -0.111578 -1.412249  0.725105 -0.702582 -2.568442 -1.207101 -1.353282  3.682298 -1.420994 -3.265526 -3.210608 -1.371053 -2.256291 -2.722066 -1.772363  0.368888 -1.086775 -2.272379 -2.533524 -2.490642
 52 A  52  0.497590 -0.422991  0.785043 -0.750702 -1.831273 -0.667106 -0.773001  1.201080 -1.045279 -2.456835 -2.350941 -0.561211 -1.643729 -2.454833 -1.491290  1.031812 -0.100258 -2.727245 -2.185421 -1.942169
 53 F  53 -0.971059 -1.913859 -1.807321 -1.930667 -1.633049 -1.389446 -1.794456 -1.959317 -1.436103 -0.305101 -0.095487 -1.759578  0.432121  1.502959 -2.362877 -0.878564 -0.952627 -0.854524  0.225074 -0.547849
 54 S  54 -0.104402 -1.231818  0.096355 -0.641601 -2.260916 -0.256571 -0.732760  1.498901 -1.376862 -2.884040 -2.664601 -0.828261 -1.645617 -2.727010 -0.482922  0.928422 -0.781217 -2.603083 -2.316034 -2.282161
 55 I  55 -0.666837 -1.050182 -1.280276 -2.144689 -1.472073 -0.730319 -1.537840 -2.067560 -1.621309  0.072433  0.403186 -0.937858  1.222771 -0.342639 -2.137521 -0.527598 -0.816036 -1.817048 -0.916109 -0.070489
 56 N  56 -1.123191 -0.727805  2.840409 -0.015285 -2.810551 -0.610557 -0.666277  1.512085 -0.366576 -2.945547 -2.970566 -0.512129 -2.029605 -2.853300 -1.485056  0.379823 -0.721585 -3.122302 -2.220880 -2.489117
 57 P  57 -0.418597 -1.560980 -1.288803 -0.966650 -2.536196 -0.615292 -0.814145 -1.379845 -1.728695 -2.652293 -2.557923 -0.857961 -1.683509 -3.456146  4.264211 -0.403968 -0.608343 -3.564818 -2.633449 -1.761808
 58 A  58  1.690263 -1.084290 -0.966167 -1.320922 -1.262407 -0.523814 -0.852295  0.526453 -1.682357 -1.916897 -1.793154 -0.890540 -1.116974 -2.359806 -0.546492  0.808266 -0.283397 -2.725118 -2.138522 -1.083326
 59 M  59 -0.725710 -0.930676 -0.642910 -1.858971 -1.668087 -0.231238 -1.283137 -1.506657 -1.092403 -0.730433 -0.076951 -0.802058  1.343238 -0.813189 -1.953957 -0.260177 -0.666447 -1.752334 -1.073676 -0.605476
 60 M  60 -0.597451 -1.108914 -0.671729 -1.680752 -1.830454 -0.574763 -1.314256 -0.543725 -1.411597 -0.952733 -0.891474 -1.073068  0.257829 -1.174553 -1.866557 -0.400267 -0.356787 -1.760412 -1.108350 -0.477395
 61 A  61  0.970567 -0.720558  0.174505 -0.839327 -1.492733  0.015264 -0.463789  0.181034 -1.122111 -1.993339 -1.819431 -0.552356 -0.999422 -2.319950 -1.013684  0.977619 -0.118329 -2.721668 -1.924855 -1.340172
 62 A  62  1.466867 -1.068886 -1.106411 -1.397653 -1.166757 -0.532663 -0.909472  0.112967 -1.707302 -1.625077 -1.470013 -0.887767 -0.747820 -2.151841 -0.412334  0.631500 -0.082472 -2.523512 -2.009277 -0.834895
 63 A  63  0.524902 -1.026774  0.100549 -0.885350 -1.864505 -0.582375 -0.657046  0.262275 -1.144454 -2.130862 -2.051622 -0.873918 -1.369760 -2.042451 -0.865686  0.376828 -0.418699 -2.666623 -1.832048 -1.495453
 64 Q  64 -0.252660 -0.080367 -0.096781 -0.554862 -2.333805  1.682283  0.280516  0.057045 -0.810926 -2.603634 -2.039219 -0.032064 -0.817558 -2.541848 -1.068191  0.488979 -0.810453 -2.165968 -1.636062 -1.937319
 65 A  65  0.442021 -1.106824 -0.157609 -1.103257 -1.761597 -0.591944 -0.967926  0.610596 -1.181878 -1.996063 -1.852159 -1.000370 -1.050664 -1.545734 -1.306452  0.344495 -0.761679 -2.224036 -1.543391 -1.485044
 66 A  66  1.411209 -1.058380 -0.813262 -1.282763 -1.057570 -0.684339 -0.882178  0.621866 -1.175680 -1.432059 -1.384859 -0.913992 -0.953411 -1.786912 -1.239437  0.716329 -0.411789 -2.283927 -1.627009 -0.834351
 67 L  67 -0.219918 -1.331232 -1.147954 -2.012703 -1.296896 -0.979105 -1.637133 -0.826022 -1.765566 -0.294665  0.278401 -1.258252  0.642592 -0.833086 -1.873122 -0.501731 -0.612079 -1.711839 -1.253633 -0.203163
 68 Q  68 -0.446035 -0.202763  0.283352 -0.373233 -2.182232  1.567781  0.326017 -0.444716 -0.705217 -2.278509 -1.868744  0.115199 -0.563033 -2.363180 -0.917054  0.696266 -0.435354 -2.211972 -1.538662 -1.695921
 69 S  69  0.061798 -0.770116  0.446409 -0.441653 -1.787518  0.098663 -0.326279  0.167643 -1.001631 -2.140272 -2.035257 -0.401961 -1.101335 -2.291537 -0.527603  1.318075 -0.004782 -2.569547 -1.898083 -1.721698
 70 S  70  0.419188 -0.965325  0.121926 -0.304360 -1.330445 -0.161136 -0.272696 -0.381059 -0.999626 -1.788152 -1.759831 -0.407406 -1.023508 -1.742473 -0.143032  1.638096  0.245666 -2.453202 -1.610600 -1.501362
 71 W  71 -1.336649 -1.561148 -1.542790 -1.989415 -1.947628 -0.631782 -1.510165 -0.672828 -1.362660 -2.047097 -1.515873 -1.517761 -0.415487 -0.463585 -1.968442 -1.110833 -1.106881  2.296872 -0.173591 -1.751266
 72 G  72 -0.394068 -1.382475  0.421035 -0.763999 -2.659821 -1.256910 -1.312630  3.288431 -1.006957 -3.243425 -3.187233 -1.223400 -2.277223 -2.357304 -1.443735  0.108510 -1.445166 -2.092647 -2.136848 -2.567488
 73 M  73  0.108658 -0.985304 -0.365187 -1.347775 -1.284213 -0.398744 -0.984263 -1.080317 -1.404824 -0.915160 -0.534243 -0.682004  0.438792 -1.552991 -0.827431  0.654970 -0.124974 -2.355113 -1.640008 -0.704050
 74 M  74 -0.893010 -1.037224 -0.320096 -1.536750 -1.684068 -0.475868 -1.241542 -1.125091 -0.382454 -0.796164 -0.517054 -1.051515  0.852650 -0.325498 -1.951239 -0.305863 -0.936507 -1.490745 -0.579908 -0.794533
 75 G  75  0.137206 -1.587746 -0.100227 -1.053227 -2.247785 -1.535197 -1.569422  3.168392 -1.568640 -2.762016 -2.693565 -1.535197 -2.048390 -2.123390 -1.422959  0.017444 -1.335649 -2.024062 -2.177760 -2.099607
 76 M  76 -0.344668 -1.038445 -0.871828 -1.726061 -1.428205 -0.300402 -1.325553 -0.674727 -1.483273 -0.763081 -0.271879 -0.919849  1.474286 -0.951091 -1.354602 -0.123836 -0.826409 -1.558311 -1.338370 -0.498608
 77 L  77 -0.489414 -0.972821 -0.553806 -1.664544 -1.687096 -0.715060 -1.346026 -0.439477 -1.584618 -0.960421 -0.138864 -0.990412 -0.250021 -1.481074 -1.908909 -0.202368 -0.619629 -2.063970 -1.564839 -0.985980
 78 A  78  0.947067 -0.954632 -1.423904 -1.692633 -1.337442 -0.608065 -1.088758 -0.396807 -1.553602 -1.381234 -1.093959 -0.955848 -0.490097 -1.351761 -0.772785  0.013271 -0.718932 -2.153872 -1.446694 -0.863908
 79 S  79 -0.280122 -0.757512  1.933707 -0.018858 -1.917584 -0.146911 -0.258381 -0.186228 -0.492056 -2.310615 -2.273458 -0.295538 -1.380154 -2.257665 -0.698832  1.738471  0.281844 -3.069870 -1.865761 -2.099622
 80 Q  80 -0.709234 -0.011687 -0.268596 -0.650636 -2.332655  2.301860  0.681301 -1.634279 -0.222850 -1.919578 -1.335783  0.070483  0.179771 -1.860173 -1.370992 -0.074085 -0.867339 -1.915029 -0.887481 -1.317930
 81 Q  81 -0.484819 -0.426916  0.114800 -0.529965 -2.361055  1.302562  0.043746 -0.081884 -0.992856 -2.558804 -2.124031 -0.300020 -0.831753 -2.611872 -0.875562  0.418700  0.014677 -2.170974 -1.790366 -1.737823
 82 N  82 -0.753733 -0.460086  1.345678 -0.365660 -2.359265  0.215228 -0.265627 -0.064849 -0.726721 -2.406684 -2.121884 -0.040367 -1.269261 -2.565378 -0.991770  0.560601 -0.082103 -2.750801 -1.920325 -1.902011
 83 Q  83 -0.895897 -0.225792  1.262346  0.197118 -2.615180  1.225638  0.554954 -0.337571 -0.091520 -2.769684 -2.484345  0.146301 -1.290762 -2.489590 -1.072663  0.573883 -0.668903 -2.530107 -1.373145 -2.247849
 84 S  84  0.428063 -0.590524  0.354312 -0.638582 -1.505959  0.532367 -0.159869 -0.580040 -0.880333 -1.786302 -1.501782 -0.289253 -0.586778 -1.831970 -1.301344  1.363667  0.101759 -2.451546 -1.507183 -1.403076
 85 G  85 -0.265717 -1.258093  0.227748 -0.738019 -2.718199 -0.840888 -1.140115  3.375934 -1.500018 -3.382421 -3.237175 -1.057842 -2.235859 -2.836535 -1.303315  0.142579 -1.182211 -2.162614 -2.499441 -2.495735
 86 P  86 -0.431814 -1.521444 -1.089620 -1.236046 -1.948259 -0.691099 -1.056114 -1.060902 -1.371514 -1.687186 -1.632579 -1.059151 -0.797532 -1.400285  0.702702  0.090965 -0.438600 -2.190384 -1.230288 -1.294557
 87 S  87 -0.216205 -1.051276  0.168467 -0.892516 -2.248482 -0.635415 -1.025650  1.914116 -1.293525 -2.731051 -2.486734 -0.993982 -1.632486 -2.114626 -1.750592  0.569496 -0.782314 -1.746845 -1.926743 -2.230454
 88 G  88 -0.017956 -1.511939 -0.050047 -1.078905 -2.267779 -1.153754 -1.469292  2.825681 -1.618764 -2.704943 -2.565346 -1.402385 -1.464270 -2.095705 -1.808530  0.384585 -1.031360 -1.979521 -2.199846 -2.054034
 89 N  89 -0.111023 -0.681465  0.507204 -0.636458 -1.931535  0.392171 -0.367740  0.032150 -0.966726 -2.109682 -1.784535 -0.438620 -0.659724 -2.258077 -1.020233  0.855972 -0.249911 -2.463219 -1.820011 -1.623846
 90 N  90 -0.555152 -1.054175  0.618791 -0.511978 -2.172386 -0.421200 -0.728111  0.110935 -1.008646 -2.082294 -1.812582 -0.854158 -1.238645 -2.027307 -1.020244  0.191122 -0.606613 -2.570370 -1.779606 -1.773568
 91 Q  91 -0.485728 -0.674676  0.031492 -0.966645 -2.017573 -0.013230 -0.669425 -0.576303 -0.997573 -1.880400 -1.544177 -0.614885 -0.640644 -1.614311 -0.907007  0.229295 -0.320063 -2.179831 -1.428680 -1.522173
 92 N  92 -0.393562 -1.115106  0.709664 -0.643244 -2.288734 -0.727716 -0.989501  1.670151 -1.140522 -2.611106 -2.495760 -1.054295 -1.746000 -2.240836 -1.293480  0.263136 -0.313976 -2.200486 -1.995910 -1.982490
 93 Q  93  0.395981 -0.611458 -0.625169 -0.852519 -1.823891  0.708595 -0.168454 -0.638392 -1.147037 -2.087020 -1.780421 -0.389556 -0.782284 -2.509107  0.390289  0.238781 -0.416187 -2.525598 -1.796690 -1.289619
 94 G  94 -0.161817 -1.177927 -0.236700 -1.013369 -1.924931 -0.586513 -0.983999  0.823433 -1.166626 -2.015877 -1.964014 -1.099306 -1.189311 -1.865060 -1.507938  0.321237  0.349547 -1.875322 -1.664924 -1.303206
 95 N  95 -0.399892 -0.991490  1.165950 -0.487687 -2.049713 -0.403890 -0.720573  0.885304 -0.903463 -2.175061 -2.138270 -0.736121 -1.155762 -2.028084 -1.599224  0.923249 -0.168919 -2.421139 -1.820064 -1.774008
 96 M  96 -0.310834 -1.049694 -0.775776 -1.166257 -1.892174  0.227152 -0.685152 -0.407735 -1.384687 -1.543109 -1.395674 -0.806446 -0.290478 -1.802872 -1.012290  0.115454 -0.590912 -1.716882 -1.477248 -1.049261
 97 Q  97  0.192035 -0.593214  0.694096 -0.255664 -1.800917  0.336621  0.026164  0.077527 -0.895429 -2.313208 -2.140376 -0.039314 -1.203876 -2.372770 -0.819873  1.616542  0.237725 -2.639329 -1.910855 -1.820765
 98 R  98 -0.498980  0.657396  0.855671 -0.703866 -2.023993  0.463488 -0.220515 -0.442746 -0.560419 -2.153254 -1.756261  0.179154 -0.695305 -2.214694 -1.426252  0.632096  0.023134 -2.390787 -1.717383 -1.856045
 99 E  99 -0.553228 -0.842354  0.542768  0.199269 -2.048543 -0.040690  0.082637 -0.018266 -0.933042 -1.983323 -2.062686 -0.561503 -1.370797 -2.231670 -0.814346  0.296615  0.342920 -2.287871 -1.817743 -1.369972
100 P 100 -0.409496 -0.308065 -0.139200 -0.683032 -1.915335  0.565184 -0.072304 -1.052742 -0.373194 -1.994362 -1.675147  0.024537 -0.886777 -2.006796  0.080008  0.264611 -0.251625 -2.126544 -1.091134 -1.482108
101 N 101 -0.267527 -0.767539  1.428614 -0.007519 -1.664711 -0.365042 -0.331380 -0.286974 -0.575883 -1.963458 -1.988714 -0.407150 -1.331812 -2.132774 -0.256180  1.158955  0.492494 -2.675521 -1.692497 -1.652423
102 Q 102  0.010599 -0.264169 -0.116708 -0.311766 -1.853497  1.479049  0.584296 -0.588951 -0.475714 -1.978239 -1.718955  0.028494 -0.655287 -2.129853 -0.711816  0.713769 -0.425108 -2.091933 -1.284214 -1.366151
103 A 103  0.148752 -1.117783 -0.489451 -1.210127 -1.540435 -0.680205 -0.930853 -0.115545 -1.335040 -1.195520 -1.060599 -0.983703 -0.395340 -1.380714 -1.292229  0.055256 -0.520791 -2.052064 -1.481351 -0.827423
104 F 104 -1.053403 -1.939164 -1.237886 -1.780957 -1.875839 -1.662169 -1.850553 -0.716917 -0.836341 -1.048899 -1.079826 -1.807167 -0.640232  1.369139 -1.981651 -0.745356 -1.311910 -0.573207  0.751672 -1.203079
105 G 105 -0.341328 -1.251264  0.814692  0.017228 -2.348891 -0.784125 -0.768643  2.521136 -1.130964 -2.932018 -2.961094 -1.026552 -2.066815 -2.527541 -1.164265  0.568671 -0.841977 -2.322017 -2.288136 -2.359188
106 S 106  0.484262 -1.116235 -0.292741 -0.963496 -1.008091 -0.512739 -0.745036 -0.677253 -1.133797 -1.174054 -1.014200 -0.628569 -0.363754 -1.071168 -0.983711  1.591619  0.404811 -1.996875 -1.107494 -1.035213
107 G 107  0.002474 -0.317085  0.515123 -0.720508 -1.928651  0.005892 -0.513371  0.897431 -0.871194 -2.231510 -1.956076 -0.270460 -0.963004 -2.169928 -1.376192  0.430812 -0.707599 -2.213129 -1.794629 -1.708103
108 N 108 -0.404467 -0.350318  1.382021 -0.355361 -2.167798  0.052434 -0.375316  0.334625 -0.673968 -2.459138 -2.285639 -0.409695 -1.462442 -2.552004 -1.068417  0.549213  0.225630 -2.622346 -1.944270 -1.881345
109 N 109  0.358894 -0.858834  0.153627 -0.801808 -1.547824 -0.115387 -0.610827  0.348105 -1.234129 -1.848567 -1.593683 -0.630988 -0.808943 -2.028969 -1.318873  1.068838  0.195428 -2.276404 -1.826622 -1.357166
110 S 110 -0.428560 -0.822786  1.181153 -0.482570 -1.891621 -0.284972 -0.613187  0.419628 -0.813502 -2.190649 -1.978018 -0.649285 -1.276290 -2.057797 -1.532824  0.843636  0.172689 -1.856813 -1.665186 -1.830675
111 Y 111 -0.302146 -1.402376 -0.932667 -1.727803 -1.423891 -1.050893 -1.434211 -0.977098 -0.580834 -0.986958 -0.851827 -1.324764 -0.416414  0.347866 -1.682461 -0.398796 -0.765215 -0.866451  0.684651 -0.850313
112 S 112 -0.414767 -1.359474 -0.249483 -0.667137 -1.797214 -0.776121 -0.891754  0.732605 -0.498042 -2.048657 -2.024910 -1.111417 -1.329071 -0.671381 -1.679285  0.493733 -0.842895 -0.990573 -0.502726 -1.865956
113 G 113 -0.121480 -1.014333 -0.084376 -0.639214 -2.010115 -0.133801 -0.669351  1.634048 -1.131763 -2.422759 -2.231856 -0.785941 -1.209716 -1.907461 -1.010978  0.589197 -0.871052 -1.785410 -1.704586 -1.888214
114 S 114 -0.048093 -0.978458  0.563470 -0.685482 -1.990622 -0.654993 -0.873539  1.619163 -1.150814 -2.362521 -2.162204 -0.654694 -1.356326 -2.214617 -1.278453  0.704758 -0.717405 -2.301233 -2.030109 -1.896196
115 N 115 -0.571009 -0.668860  0.981145 -0.405015 -1.913552 -0.337704 -0.411176 -0.939754 -0.739911 -1.971156 -1.850658 -0.039392 -1.042399 -2.040735  0.205592  0.799085  0.197516 -2.746915 -1.700715 -1.638649
116 S 116 -0.062533 -0.795132  0.790275 -0.451738 -1.858587 -0.025713 -0.510465  1.082653 -0.917913 -2.255019 -2.069303 -0.551386 -0.991001 -2.126173 -1.346585  1.092068 -0.319455 -2.223652 -1.845724 -1.813909
117 G 117 -0.214687 -0.990778 -0.097338 -0.649941 -2.158100  0.064297 -0.572370  1.358514 -1.032227 -2.573538 -2.370769 -0.775138 -1.393266 -1.927568 -1.083392  0.544607 -0.739248 -1.783546 -1.494166 -1.976903
118 A 118  0.666557 -0.817438 -0.523354 -0.925595 -1.408903 -0.427701 -0.536735 -0.730988 -1.011605 -1.790823 -1.708105 -0.430257 -1.185520 -2.262389  0.544941  0.591387  0.403184 -2.621864 -1.785510 -1.085271
119 A 119  0.065949 -0.482727  0.878114 -0.111711 -1.503550 -0.155555 -0.229401 -0.355291 -0.535405 -1.798248 -1.781755 -0.371218 -1.201917 -1.837535 -0.979044  0.863334  0.232483 -2.361636 -1.323656 -1.461075
120 I 120 -0.043374 -0.905081 -1.409680 -1.952712 -1.002996 -0.621230 -1.316051 -1.760714 -1.670664  0.266529  0.683909 -0.976592  0.728213 -0.879160 -1.680715 -0.448297 -0.409794 -1.854092 -1.137477  0.185590
121 G 121 -0.034216 -1.496559 -0.273449 -0.876703 -2.294059 -1.277465 -1.407006  3.603880 -1.496187 -2.900133 -2.856953 -1.450186 -2.074592 -2.100294 -1.203817 -0.089926 -1.465325 -1.631741 -2.082335 -2.166247
122 W 122 -0.962142 -1.686741 -1.468612 -1.861667 -1.568660 -1.080466 -1.583610 -0.613720 -1.414275 -1.626401 -1.209109 -1.499575 -0.457936 -0.129351 -1.861080 -0.480868 -0.756575  1.652030 -0.216448 -1.534087
123 G 123 -0.090746 -1.378594 -0.019537 -0.801857 -2.241617 -1.075012 -1.226902  2.961308 -1.365095 -2.744858 -2.676503 -1.280541 -1.815932 -2.067839 -1.232285  0.117451 -1.264523 -1.807249 -2.025308 -2.093750
124 S 124 -0.181777 -0.694671  0.003014 -1.152909 -1.466694 -0.503112 -1.055494  0.207884 -1.235580 -1.329846 -1.030468 -0.709743  0.183866 -1.506689 -1.424989  0.405553 -0.113304 -1.788106 -1.636970 -0.988910
125 A 125  0.187151 -1.231454  0.187706 -0.664592 -2.068642 -0.919974 -1.029008  2.479538 -1.286139 -2.700546 -2.664201 -1.065353 -1.887724 -2.435905 -0.656603  0.396103 -0.961585 -2.202812 -2.190751 -2.017950
126 S 126  0.172589 -0.431915  0.246456 -0.493625 -1.383157  0.161602 -0.233288 -0.265445 -0.930242 -1.728311 -1.521436 -0.221251 -0.852621 -1.906829 -0.667883  1.275816  0.547114 -2.146116 -1.598744 -1.360421
127 N 127 -0.846883 -0.201762  2.330761  0.204584 -2.064838  0.501852  0.094853 -0.527330  0.013326 -2.176579 -2.040913 -0.040814 -1.184897 -2.341437 -0.493669  0.669498 -0.018546 -2.741246 -1.554492 -1.876056
128 A 128  0.634885 -0.741088  0.015029 -0.620009 -1.108075 -0.206599 -0.428278 -0.219136 -1.158663 -1.537977 -1.464084 -0.502171 -0.964353 -1.883991 -0.577530  1.158687  1.041589 -2.122979 -1.657190 -0.964703
129 G 129  0.249802 -0.782133 -0.662907 -1.025134 -1.566274 -0.148754 -0.651927  0.118813 -1.355579 -1.683517 -1.348933 -0.580681 -0.896407 -1.982607 -0.514895  0.098201 -0.142929 -1.969019 -1.667161 -1.059959
130 S 130  0.509316 -1.033242 -0.103410 -0.663923 -1.125543 -0.587027 -0.632983 -0.247320 -0.996586 -1.273115 -1.320445 -0.752289 -0.863636 -0.903041 -1.295970  0.947665  0.132708 -1.914272 -1.094395 -1.010975
131 G 131  0.021355 -1.315280  0.070112 -0.762457 -1.920200 -1.133409 -1.176080  2.676118 -0.930281 -2.531084 -2.531084 -1.213236 -1.850825 -1.865123 -1.432264  0.517240 -0.665838 -1.590701 -1.582972 -1.944246
132 S 132  0.443421 -0.962986  0.215795 -0.730704 -1.187270 -0.531199 -0.742424  0.505911 -1.033287 -1.494245 -1.388632 -0.636811 -0.518283 -1.333951 -1.249023  1.307463 -0.163896 -1.975776 -1.477929 -1.265483
133 G 133 -0.332105 -1.262332  0.413955 -0.813509 -1.958013 -1.115201 -1.259996  2.092239 -1.240906 -2.055675 -2.076024 -1.187598 -1.265215 -1.812758 -1.554791  0.099276 -0.613796 -1.793970 -1.827652 -1.516234
134 F 134 -0.667416 -1.472074 -0.456055 -1.247443 -1.772059 -1.160084 -1.395785  0.330466 -1.057094 -1.307675 -1.294769 -1.368797 -0.644435  0.098231 -1.954338 -0.273573 -0.833882 -1.089299 -0.530601 -1.176849
135 N 135 -0.545882 -0.490040  1.280847 -0.388550 -1.860989 -0.307972 -0.537244  0.266889 -0.523071 -2.000552 -1.826827 -0.435338 -1.216955 -1.934974 -1.046597  0.670016 -0.045692 -2.250578 -1.470593 -1.746292
136 G 136 -0.342494 -0.704071  1.024858 -0.314768 -2.041473 -0.034138 -0.461184  1.277362 -0.607394 -2.377279 -2.234931 -0.603533 -1.375401 -1.864342 -1.416670  0.545524 -0.699008 -2.001334 -1.524957 -1.954159
137 G 137  0.121388 -1.048487 -0.318897 -1.064436 -1.599215 -0.650766 -1.030857  1.182596 -1.237888 -1.714488 -1.413741 -1.001298 -1.061138 -1.641606 -1.420724  0.096715 -0.606663 -1.663536 -1.440837 -1.267318
138 F 138 -1.308993 -1.528958 -1.075927 -1.675275 -1.796656 -1.029337 -1.505113 -1.406000 -0.756386 -0.846755 -0.576512 -1.528958 -0.148994  1.753081 -2.458484 -0.981939 -1.243456 -0.060670  0.743205 -1.134270
139 G 139  0.007340 -1.091579  0.404168 -0.519803 -2.081522 -0.662967 -0.877588  2.569062 -1.128501 -2.693054 -2.621513 -0.949128 -1.789612 -2.314981 -1.010872  0.482078 -0.946925 -2.002600 -2.049107 -2.067092
140 S 140  0.386863 -0.909522  0.260364 -0.671140 -1.248970 -0.447070 -0.647630  0.340255 -1.021727 -1.549809 -1.412162 -0.620612 -0.824729 -1.449772 -1.235382  1.218731  0.102338 -2.023151 -1.472944 -1.282598
141 S 141  0.397172 -0.737675  0.854206 -0.160506 -1.375063  0.002358 -0.210527  0.785268 -0.771224 -2.029168 -1.958206 -0.281488 -1.124766 -1.918022 -1.041195  1.948930  0.076161 -2.272900 -1.695300 -1.760288
142 M 142 -0.481317 -0.811402 -1.072049 -1.715554 -1.109575 -0.060418 -1.151574 -1.596549 -1.386418 -0.149252  0.333617 -0.713947  2.009415 -0.836028 -0.731876 -0.481866 -0.487105 -1.356954 -1.120615  0.112532
143 D 143 -0.567164 -0.390614  0.721950  0.344947 -2.125475  0.271817  0.514083 -0.095369 -0.518925 -2.171042 -2.092948  0.047477 -1.360765 -2.216194 -0.364936  0.153292 -0.449847 -2.283043 -1.656987 -1.642445
144 S 144  0.180131 -0.350710  0.556386 -0.055249 -1.334971  0.784910  0.222495 -0.331993 -0.548986 -1.660522 -1.438175 -0.033500 -0.665166 -1.764284 -0.905982  1.266741 -0.029547 -2.068747 -1.314851 -1.373113
145 K 145 -0.795782  0.156238  1.009625 -0.175061 -2.176057  0.562569  0.360438 -0.335521 -0.392886 -2.054619 -1.816240  0.906797 -1.007057 -2.156281 -0.866736  0.085460 -0.595083 -2.229653 -1.445579 -1.514630
146 S 146  0.096112 -0.340479 -0.104436 -0.473092 -1.425203  0.269518 -0.030778 -0.599680 -0.943751 -1.736171 -1.519347  0.336026 -0.833425 -1.955862  0.093429  0.911483  0.313741 -2.081390 -1.529574 -1.214315
147 S 147  0.214454 -1.021364 -0.029438 -0.575347 -1.226176 -0.498684 -0.584024 -0.013819 -1.108488 -1.398444 -1.448520 -0.541354 -0.751533 -1.735560  0.053985  1.080532  0.154582 -2.152434 -1.614737 -1.045128
148 G 148  0.138965 -1.374989  0.101808 -0.599434 -1.974422 -1.161711 -1.161711  3.299348 -1.374989 -2.712820 -2.712820 -1.161711 -1.937265 -2.187700 -1.040578  0.667329 -0.985589 -1.801545 -2.150544 -2.113387
149 W 149 -0.886579 -1.416244 -1.217660 -1.464469 -1.445677 -0.938580 -1.173102 -0.152483 -1.141862 -1.582382 -1.278008 -1.289328 -0.556056 -0.158231 -1.840072 -0.560958 -0.767634  1.829743 -0.165262 -1.419345
150 G 150  0.072397 -1.315835  0.072397 -0.621719 -1.937554 -1.243438 -1.243438  3.730314 -1.315835 -2.631671 -2.631671 -1.243438 -1.937554 -2.009952 -1.315835  0.289590 -1.171041 -1.460630 -2.009952 -2.009952
151 M 151 -0.453948 -0.533677 -0.987624 -1.441572 -0.453948 -0.159458 -0.987624 -1.441572 -0.987624  0.533677  1.067354 -0.533677  2.030550  0.000000 -0.987624 -0.533677 -0.453948 -0.533677 -0.453948  0.453948
