
Last position-specific scoring matrix computed, weighted observed percentages rounded down, information per position, and relative weight of gapless real matches to pseudocounts
           A  R  N  D  C  Q  E  G  H  I  L  K  M  F  P  S  T  W  Y  V   A   R   N   D   C   Q   E   G   H   I   L   K   M   F   P   S   T   W   Y   V
    1 G    1 -4 -3 -3 -4 -4 -4  7 -4 -6 -6 -4 -5 -5 -4 -2 -3 -5 -5 -5   11   0   0   0   0   0   0  89   0   0   0   0   0   0   0   0   0   0   0   0  1.75 0.37
    2 H   -2  0  2 -2 -4  1  1  1  4 -4 -3  3 -3 -2  2 -2 -2 -3  2 -3    0   4   9   0   0   7   9  12  10   0   1  26   0   0  12   0   0   0   8   2  0.42 0.20
    3 M   -3 -4 -4 -1 -4 -2 -2 -5  0  1  3 -4  8 -3 -3 -2 -1 -5 -4  0    1   0   0   3   0   1   2   0   3   7  26   0  42   0   1   4   3   0   0   6  0.97 0.42
    4 T   -1  4  0 -2  1  0 -2 -3 -2 -3 -2  2 -2 -3  0  0  3 -4  1 -2    3  26   4   1   3   3   1   1   1   0   3  11   1   1   4   5  24   0   7   1  0.45 0.28
    5 E   -3 -2  1  1 -5  3  4 -4 -1 -1  0  1 -2 -4 -3  0  0 -5 -4 -1    0   0   6   5   0  16  33   0   1   4  11   7   1   0   0   5   6   0   0   4  0.49 0.31
    6 Y   -5  0 -6 -7 -1 -6 -6 -7  2 -2 -1 -5 -3  7 -7 -6 -6 -1  6 -2    1   5   0   0   1   0   0   0   5   2   6   0   0  47   0   0   0   1  30   2  1.78 0.68
    7 K   -6  1 -3 -6 -5 -2 -4 -7  1 -8 -7  8 -6 -5 -6 -5 -4 -8 -7 -7    0   6   1   0   0   1   0   0   3   0   0  88   0   1   0   0   1   0   0   0  2.45 0.95
    8 L   -4 -6 -7 -7 -3 -6 -7 -7 -6  5  4 -6  0 -1 -7 -6 -4 -5  1  3    1   0   0   0   0   0   0   0   0  32  38   0   1   2   0   0   0   0   4  21  1.21 0.53
    9 V    1 -6 -7 -7  0 -6 -6 -6 -6  4  3 -6  0 -4 -6 -4 -3 -6 -2  5   10   0   0   0   2   0   0   0   0  19  22   0   2   0   0   1   0   0   1  44  1.09 0.51
   10 V   -4 -6 -6 -7 -4 -6 -7 -7 -7  4  4 -6  3 -2 -7 -6 -4 -6 -5  4    1   0   0   0   0   0   0   0   0  20  39   0   7   1   0   0   1   0   0  32  1.25 0.55
   11 V   -4 -6 -7 -7 -3 -6 -7 -7 -7  5  4 -6  3  0 -7 -5 -3 -6 -5  3    1   0   0   0   0   0   0   0   0  37  35   0   6   4   0   0   1   0   0  16  1.26 0.54
   12 G   -4 -8 -6 -7 -3 -7 -7  8 -7 -9 -9 -7 -8 -8 -7 -5 -7 -8 -8 -8    1   0   0   0   1   0   0  98   0   0   0   0   0   0   0   0   0   0   0   0  2.89 1.03
   13 A    1 -3  0  6 -3 -3  1 -2 -4 -6 -7 -3 -5 -3 -3  2 -2 -7 -2 -5   10   1   4  50   0   0   9   4   0   0   0   1   0   1   1  15   2   0   2   0  1.12 0.56
   14 C    0  1 -3 -5  0 -3 -4  4 -5 -4 -6 -4 -1 -5 -3  5  0 -6 -6 -4    6   7   1   0   2   1   1  28   0   1   0   0   2   0   1  45   4   0   0   1  0.98 0.55
   15 G    1 -4 -1 -3  0 -5 -5  6 -6 -7 -7 -5 -6 -5 -5  1 -3 -7 -6 -5   12   1   3   1   2   0   0  65   0   0   0   0   0   0   0  12   2   0   0   1  1.50 0.65
   16 V   -2 -7 -8 -8 -3 -7 -7 -7 -8 -2 -4 -7 -4 -5 -6 -5 -2 -8 -6  8    2   0   0   0   0   0   0   0   0   0   0   0   0   0   0   1   2   0   0  93  2.48 0.95
   17 G   -5 -7 -6 -5 -8 -7 -5  8 -7 -9 -9 -7 -8 -8 -7 -4 -7 -8 -8 -8    0   0   0   1   0   0   1  97   0   0   0   0   0   0   0   1   0   0   0   0  2.83 1.02
   18 K   -5 -3 -6 -6 -8 -4 -4 -6 -6 -8 -8  8 -7 -9 -6 -4 -6 -8 -7 -8    1   0   0   0   0   0   0   0   0   0   0  97   0   0   0   1   0   0   0   0  2.95 1.13
   19 S   -4 -6 -4 -6 -6 -5 -5 -6 -6 -5 -7 -5 -6 -7 -6  7  4 -8 -7 -6    0   0   0   0   0   0   0   0   0   1   0   0   0   0   0  75  24   0   0   0  2.11 0.97
   20 A    4 -6  1 -5  8 -3 -5 -5 -6 -5 -6 -5 -6 -7 -6  4 -3 -7 -6 -5   28   0   7   0  27   1   0   0   0   0   0   0   0   0   0  34   1   0   0   0  1.55 0.73
   21 L   -6 -6 -8 -8 -3 -7 -7 -8 -7  3  6 -7  1 -2 -7 -7 -4 -6 -5  0    0   0   0   0   1   0   0   0   0  14  75   0   2   2   0   0   1   0   0   4  1.71 0.72
   22 T   -2 -5 -5 -6 -3 -5 -6 -6 -6  0  4 -5  3 -4 -6 -3  5 -6 -5  2    4   0   0   0   1   0   0   0   0   5  35   0   6   0   0   2  35   0   0  12  1.03 0.55
   23 I   -2 -2 -1 -5 -3 -1 -4 -5 -1  4  3 -4  1  0 -5 -1 -1 -4 -1  3    3   3   4   0   0   3   0   0   2  20  32   1   2   3   0   6   2   0   1  17  0.52 0.31
   24 Q   -6  7 -4 -6 -6  7 -4 -7 -5 -7 -6 -2 -3 -7 -7 -4 -6 -7 -5 -7    0  51   1   0   0  44   0   0   0   0   0   1   1   0   0   1   0   0   0   0  2.25 0.97
   25 L   -7 -8 -8 -8 -4 -8 -8 -8 -4 -4  0 -8 -5  9 -8 -6 -7 -3  5 -6    0   0   0   0   0   0   0   0   0   0   8   0   0  73   0   0   0   0  16   0  2.64 0.98
   26 I    1 -4 -4 -4  3 -3 -5 -5 -4  2 -2 -2  1 -1 -4  0  3 -6 -4  4   11   1   0   0   5   1   0   0   0  12   2   2   4   3   0   6  17   0   0  34  0.67 0.41
   27 Q   -3  1  1  4 -4  4  2 -4  0 -6 -4  1 -3 -4 -5  0  0 -6  0 -5    1   8   5  24   0  21  13   1   2   0   1   7   0   0   0   6   5   0   4   0  0.69 0.42
   28 N   -3 -2  5  4 -2 -1 -2  3  0 -7 -7  1 -6 -7 -6  0 -4 -7 -6 -7    1   1  26  24   1   2   2  25   2   0   0   9   0   0   0   5   0   0   0   0  1.01 0.52
   29 H   -1  2 -1 -1 -2  2  2 -4  5  1 -3  1 -1 -4 -4  0  2 -5  0 -1    4   9   2   3   1  10  13   1  13   8   1   9   1   0   0   7  12   0   3   4  0.35 0.28
   30 F   -7 -8 -9 -9 -4 -9 -9 -9 -6 -4 -5 -9 -6  9 -8 -6 -8  2  2 -6    0   0   0   0   0   0   0   0   0   1   0   0   0  90   0   1   0   2   5   0  3.26 1.14
   31 V   -2 -1  2  0 -2  0 -2 -4 -1  1 -1 -2 -1 -2 -1  1  1 -5 -1  4    2   4   9   5   1   4   2   0   2   9   4   2   1   2   3  10   8   0   2  30  0.28 0.25
   32 D   -2 -4  0  4 -5  0  5 -2 -1 -4 -2 -2 -3 -5  2 -1  0 -1 -4 -4    4   0   4  19   0   3  36   3   1   1   4   2   1   0  10   5   6   1   0   1  0.68 0.43
   33 E   -2 -1  2  3 -4  1  3 -3  0 -4 -4  1 -3 -2 -4  3  1 -5  1 -2    3   2   8  15   0   5  17   1   2   1   1   9   1   2   0  19   9   0   5   3  0.41 0.31
   34 Y   -5 -5 -5 -7 -1  0 -5 -7  4 -3 -3 -4 -2  3 -5  0 -3 -1  8 -5    1   0   0   0   1   5   1   0   8   1   3   1   1   9   1   9   2   1  56   1  1.77 0.77
   35 D   -3 -3 -1  6 -6 -2  1 -3 -3  3 -2  1 -2 -3 -3 -2 -3 -6  1 -2    2   1   2  40   0   1  10   1   0  15   3  10   1   1   1   2   1   0   4   3  0.75 0.43
   36 P    1 -6 -3 -6 -3 -4 -5 -6  0 -6 -3 -5 -5 -6  7  3  1 -8 -7 -4   11   0   1   0   1   0   0   0   2   0   3   0   0   0  53  19   7   0   0   1  1.56 0.74
   37 T   -4 -7 -6 -7 -7 -6 -7 -5 -7 -5 -7 -6 -4 -8 -4 -4  8 -8 -7 -6    1   0   0   0   0   0   0   1   0   1   0   0   0   0   1   0  96   0   0   0  2.91 1.18
   38 I   -5 -6 -8 -8 -6 -7 -8 -9 -5  8 -1 -2 -2 -4 -8 -7 -3 -8 -6  2    0   0   0   0   0   0   0   0   0  80   3   3   1   0   0   0   1   0   0  10  2.26 0.87
   39 E   -2 -6 -5 -4 -6 -3  6  6 -6 -8 -7 -4 -7 -8 -6 -4 -5 -7 -7 -5    3   0   0   0   0   1  43  51   0   0   0   1   0   0   0   0   0   0   0   1  1.79 0.80
   40 D    0 -6  1  6 -4 -4 -2 -6 -4  2 -5 -5 -3 -3 -6 -4 -4 -7 -6  4    9   0   7  38   0   0   3   0   0   9   0   0   0   1   0   1   0   0   0  31  1.10 0.57
   41 S    0 -5 -2  5 -3 -2  2 -4 -3 -3 -5 -4 -4 -1 -5  4  2 -6 -5 -5    6   0   1  30   1   2  14   1   0   2   1   0   0   3   0  28  10   0   0   0  0.86 0.51
   42 Y   -7 -7 -8 -8 -6 -7 -8 -8 -2 -5 -5 -7 -6  8 -8 -6 -7 -4  8 -6    0   0   0   0   0   0   0   0   1   0   1   0   0  55   0   0   0   0  42   0  2.80 1.03
   43 R   -2  5 -2 -4 -4  0 -3 -3 -2 -3 -2  3 -2 -3 -5  0  3 -6 -4 -3    3  34   1   0   0   4   1   2   1   1   5  20   1   1   0   7  17   0   0   1  0.81 0.47
   44 K   -4  4 -4 -5 -5  1 -3 -6  0 -4 -6  7 -4 -6 -4 -3  0 -7 -5 -4    1  17   0   0   0   6   0   0   2   1   0  61   0   0   1   2   6   0   0   1  1.58 0.73
   45 Q   -3 -1 -1 -1 -4  5  1 -5  1 -1 -2  1  0 -4 -2 -1  4 -4 -2  0    1   3   3   2   0  24   7   0   3   3   3   7   3   1   1   5  25   0   1   7  0.54 0.39
   46 V   -2 -4 -5 -6  3 -5 -4 -6 -5  5  1 -5  2 -1 -6 -4  0 -4 -3  4    2   1   0   0   5   0   1   0   0  31  12   0   5   2   0   1   6   0   1  31  0.93 0.45
   47 V   -2 -1  1  0 -1  1  3 -4 -2  0 -1  1  0 -3 -3 -1  1 -5 -2  2    2   3   6   5   2   5  23   0   1   5   4   8   2   1   1   5  10   0   1  17  0.27 0.24
   48 I   -3 -3 -4 -6  1 -3 -4 -6 -1  5  2 -4 -1 -1 -5 -4 -2 -4  1  4    2   1   1   0   2   1   1   0   2  30  15   1   1   2   0   1   2   0   4  33  0.86 0.43
   49 D   -4 -2  3  7 -6 -1  1 -2 -3 -4 -5  0 -3 -7 -5 -3 -5 -8 -5 -6    1   2  12  61   0   2   7   3   1   1   1   5   1   0   0   1   0   0   0   0  1.53 0.68
   50 G   -3 -4  3  3 -3 -2 -1  6 -2 -7 -7 -1 -6 -7 -6 -1 -4 -7 -6 -7    2   1  12  16   1   2   4  54   1   0   0   3   0   0   0   3   1   0   0   0  1.28 0.59
   51 E   -3  2  0 -1 -4  3  3 -4  0 -2 -5  4 -3 -5 -4 -1 -1 -6 -4 -2    2  11   4   2   0  13  21   1   2   2   1  29   0   0   0   4   4   0   0   3  0.69 0.41
   52 T   -1  1  0  0 -4  2  1 -4 -1  0 -1  1 -1 -4  1 -1  3  1 -3  0    4   9   4   4   0   9   8   1   1   5   5  10   1   0   6   4  21   2   0   6  0.24 0.22
   53 C    0 -3 -6 -6  6 -5 -6 -5 -4  4 -1 -5 -2  1 -6 -3 -2 -3  2  4    7   2   0   0  16   0   0   1   0  24   4   0   0   5   0   1   2   0   8  29  0.94 0.46
   54 L   -2 -1 -1 -2  0  1 -2 -5  0  0  0  5  2 -3 -4 -2  1 -4 -4 -2    3   3   2   1   2   5   2   0   2   6   9  44   6   1   1   2   9   0   0   2  0.64 0.40
   55 L   -1 -6 -7 -7 -2 -6 -6 -6 -6  1  6 -6  2  1 -5 -5 -2 -2 -3 -1    7   0   0   0   1   0   0   1   0   7  67   0   4   5   0   0   2   1   1   4  1.24 0.56
   56 D   -3 -3 -1  4 -4  7  4 -5 -1 -6 -6 -2 -4 -7 -5 -3 -2 -7 -5 -6    2   1   2  19   0  42  24   1   2   0   0   1   0   0   0   1   2   0   0   0  1.38 0.67
   57 I   -6 -5 -7 -7 -4 -7 -7 -8 -7  8  0 -7 -3 -4 -7 -5 -5 -7 -6  2    0   1   0   0   0   0   0   0   0  78   8   0   0   0   0   1   0   0   0  11  2.16 0.80
   58 L   -5 -5 -8 -8 -6 -6 -5 -7 -5 -1  4 -7 -2 -3 -7 -7 -2 11 -1  0    1   1   0   0   0   0   1   0   0   3  32   0   1   1   0   0   3  50   1   6  2.42 0.89
   59 D   -7 -7 -2  9 -5 -5 -2 -6 -6 -5 -8 -6 -8 -8 -5 -5 -6 -9 -8 -8    0   0   1  94   0   0   1   0   0   1   0   0   0   0   1   1   0   0   0   0  2.95 1.07
   60 T   -4 -6 -5 -6 -6 -6 -6 -6 -7 -5 -6 -6 -6 -7 -4 -3  8 -8 -7 -5    1   0   0   0   0   0   0   1   0   1   0   0   0   0   1   1  95   0   0   0  2.77 1.10
   61 A    7 -6 -6 -6 -2 -5 -5 -4 -6 -6 -6 -4 -4 -4 -3 -2 -2 -7 -6 -5   89   0   0   0   1   0   0   1   0   0   0   1   0   1   1   2   3   0   0   0  2.11 0.89
   62 G   -3 -7 -4 -6 -5 -6 -6  8 -7 -8 -8 -6 -7 -8 -5 -4 -6 -7 -6 -8    1   0   0   0   0   0   0  95   0   0   0   0   0   0   1   1   0   0   0   0  2.67 0.97
   63 Q   -4 -3 -4 -5 -7  9 -2 -5 -2 -6 -6 -4 -5 -7 -6 -1  1 -7 -6 -4    1   1   0   0   0  78   1   1   1   0   1   0   0   0   0   5   8   0   0   1  2.34 0.99
   64 E   -3 -5 -4  2 -8 -3  7 -5  0 -6 -6 -3 -6 -7 -5 -5 -5 -7 -6 -5    2   0   0  11   0   0  79   1   3   0   1   1   0   0   1   0   0   0   0   1  2.09 0.88
   65 E   -4  6 -4 -1 -7  3  4 -6 -4 -6 -6 -1 -5 -5 -5 -1 -3 -7 -6 -4    1  44   0   4   0  12  29   0   0   0   0   3   0   0   0   4   1   0   0   2  1.35 0.64
   66 Y   -7 -7 -5 -6 -3 -7 -7 -8 -2 -5 -3 -7 -5  8 -8 -7 -7 -2  7 -6    0   0   1   0   1   0   0   0   1   0   2   0   0  62   0   0   0   0  31   0  2.59 0.93
   67 S   -1  5 -2 -3 -4  0 -2 -3  2 -3 -4  0 -2 -5 -2  3  1 -6 -3 -2    6  36   1   1   0   4   2   2   5   1   1   4   1   0   2  21   9   0   1   3  0.70 0.42
   68 A    4 -5 -2 -4 -3 -3 -4 -2 -5  1 -4 -3 -3 -5 -4  3  4 -6 -3 -2   38   0   1   0   0   1   0   2   0   7   1   1   1   0   0  23  21   0   1   1  0.87 0.51
   69 M   -5 -6 -4 -7 -2 -4 -6 -7 -4  5  3 -6  7  0 -6 -6 -3 -6 -5  1    0   0   1   0   1   1   0   0   1  31  26   0  28   3   0   0   1   0   0   6  1.39 0.60
   70 R    0  5  0 -4 -4  0 -4 -2 -2 -3 -4 -2 -3 -6 -1 -2  5 -5 -5 -2    6  35   4   0   0   3   0   3   1   1   1   1   1   0   3   2  35   0   0   2  1.00 0.55
   71 D   -2  1  0  4 -4  1  2 -3 -1 -5 -4 -1 -4 -4  2  2  1 -6 -3 -2    2   9   4  21   0   5  15   1   2   0   1   2   0   0   9  19   8   0   1   3  0.49 0.33
   72 Q    2 -3  0 -4 -4  4 -2 -3  0 -3  1 -1  1 -5 -2  3  0 -5 -4 -3   18   0   5   0   0  20   1   1   3   1  15   4   4   0   2  20   4   0   0   1  0.46 0.37
   73 Y   -6 -5 -5 -8 -2 -4 -7 -8  2 -6 -5 -7 -5  3 -8 -3 -6  3  9 -6    1   0   1   0   1   1   0   0   5   0   1   0   0   9   0   3   0   3  76   0  2.76 1.03
   74 M   -3 -6 -7 -7 -5 -6 -7 -7 -3  2 -2 -6  6  1 -7 -2 -3 -4  8 -3    2   0   0   0   0   0   0   0   0  13   3   0  22   5   0   3   1   0  50   1  1.90 0.79
   75 R   -6  8 -4 -5 -8 -3 -4 -6 -3 -1 -5  3 -1 -7 -7 -2 -4 -7 -6 -3    0  70   0   0   0   0   1   0   0   4   1  16   2   0   0   2   1   0   0   2  1.95 0.81
   76 T   -3 -3  3  1 -2 -1 -3  5 -3 -4 -6 -1 -4 -4 -5  1  2 -1 -4 -5    1   1  13   6   1   2   1  46   1   1   0   3   0   1   0  10  11   1   0   0  0.89 0.47
   77 G    5 -4 -4 -5 -1 -5 -4  5 -6  0 -5 -4 -4 -5 -5  0 -2 -6 -6 -2   43   1   0   0   1   0   1  36   0   5   1   1   0   0   0   6   2   0   0   2  1.12 0.56
   78 E   -1 -3  0  3 -4  4  3 -5  6 -3 -3 -2  2 -4 -5 -2 -4 -6 -4  0    5   1   4  16   0  17  16   0  20   1   2   2   6   0   0   2   0   0   0   6  0.79 0.46
   79 G    1 -7 -5 -4  2 -7 -7  7 -7 -7 -7 -6 -7 -8 -7 -4 -6 -4 -8 -5   13   0   0   1   4   0   0  80   0   0   0   0   0   0   0   0   0   0   0   1  2.15 0.85
   80 F    2 -6 -6 -7  2 -6 -6 -5 -4  3 -2 -6 -4  7 -6 -5 -5 -1  2  0   18   0   0   0   5   0   0   1   0  16   2   0   0  43   0   0   0   1   7   7  1.28 0.57
   81 L   -2 -6 -7 -7 -4 -6 -7 -7 -7  5  4 -6  3 -2 -6 -4 -4 -6 -3  3    3   0   0   0   0   0   0   0   0  28  42   0   6   1   0   1   0   0   1  18  1.19 0.53
   82 C   -5 -7 -7 -8  4 -6 -7 -8 -7  3  5 -7  1 -1 -7 -6 -5 -6 -4  2    0   0   0   0   7   0   0   0   0  15  61   0   2   2   0   0   0   0   0  11  1.41 0.61
   83 V   -3 -8 -8 -8  1 -7 -7 -6 -8  0 -2 -7 -1 -5 -7 -6 -2  0 -6  8    1   0   0   0   2   0   0   1   0   4   2   0   1   0   0   0   2   1   0  85  2.16 0.87
   84 F   -7 -8 -8 -9 -8 -7 -8 -9 -4 -7 -6 -8 -6  5 -9 -3 -6 -4 10 -7    0   0   0   0   0   0   0   0   0   0   0   0   0  19   0   2   0   0  78   0  3.16 1.14
   85 A    0 -6 -2  6 -7 -5 -4 -4 -6 -7 -7 -5 -7 -8 -6  5 -3 -8 -7 -7    8   0   1  48   0   0   0   1   0   0   0   0   0   0   0  40   1   0   0   0  1.73 0.80
   86 I   -5 -4 -8 -8 -3 -7 -7 -8 -8  7  0 -7 -1 -3 -7 -6 -3 -7 -6  5    0   1   0   0   1   0   0   0   0  51   7   0   1   1   0   0   1   0   0  37  1.72 0.69
   87 N   -1 -5  2 -1 -1 -4 -4 -5 -6 -2 -5 -5 -5 -7 -5  1  7 -7 -6 -3    4   0   9   3   1   0   1   0   0   2   0   0   0   0   0   9  67   0   0   1  1.62 0.77
   88 N   -2  2  4  4 -1 -2 -1 -4 -3 -6 -6  1 -4 -6 -5  4 -2 -7 -5 -4    2   9  18  24   1   1   3   0   0   0   0   8   0   0   0  28   2   0   0   1  0.84 0.47
   89 T   -1  5 -3 -3 -6  2  0 -3  0 -3 -2  2  1 -5  0 -1 -1 -5 -3 -3    4  36   1   1   0  10   7   1   3   1   4  12   4   0   6   3   4   0   1   2  0.66 0.39
   90 K    0  0  1  1 -4  3  3 -2 -1 -3 -4  2 -3 -5 -2  2 -1 -5 -4 -3    8   3   6   8   0  14  17   3   1   2   1  15   0   0   1  15   3   0   0   1  0.41 0.30
   91 S   -4 -3 -4 -4 -6 -5 -5 -5 -6 -7 -7 -5 -6 -7 -6  7  4 -3 -6 -6    0   2   0   1   0   0   0   0   0   0   0   0   0   0   0  71  25   0   0   0  1.97 0.91
   92 F   -7 -4 -8 -8 -3 -8 -8 -8 -6 -4  0 -8 -3  9 -8 -7 -7 -3  2 -5    0   1   0   0   1   0   0   0   0   1   9   0   0  82   0   0   0   0   4   1  2.74 0.96
   93 E   -1 -1  3  3 -4  1  5 -4  0 -3 -2 -1 -2 -6 -5 -1 -1 -5 -4 -3    4   2  13  14   0   7  37   1   2   1   4   4   1   0   0   3   4   0   0   2  0.68 0.40
   94 D   -1  0  4  2 -3 -1  3 -2  4 -3 -4  0  1 -5 -4  0 -1 -6 -3 -2    5   5  24  11   0   1  20   2   9   1   1   4   3   0   0   6   3   0   0   3  0.57 0.35
   95 I    0 -6 -6 -7 -1 -6 -6 -6 -6  5  3 -6  0 -3 -6 -5 -1 -6 -5  4    7   0   0   0   1   0   0   0   0  27  28   0   2   0   0   0   3   0   0  30  1.04 0.48
   96 H   -1  1  1  1 -1  3  1 -1  0 -4 -3  3 -1 -4  0  1 -1 -5 -2 -3    6   8   6   7   1  14  10   4   2   1   1  19   1   0   4   8   4   0   1   2  0.32 0.24
   97 H   -1  2  2  1 -3  1  1 -1  1 -1 -2  1 -1 -3  0  1  0 -4 -1 -1    5  13   9   7   0   6   8   4   4   5   2  10   1   1   5   9   7   0   2   4  0.15 0.13
   98 Y   -6 -7 -8 -8 -5 -7 -7 -7 -5  3  0 -7 -1  4 -8 -6 -3 11  2 -3    0   0   0   0   0   0   0   0   0  14   9   0   1  15   0   0   2  50   6   1  2.44 0.88
   99 R   -3  4 -4 -5 -3 -2 -4 -5  3  0  3  0  2  0 -5 -4 -4  1  3  1    1  24   0   0   1   2   0   0   7   6  25   6   5   3   0   0   0   2   9   9  0.58 0.36
  100 E   -3  1  1  3 -5  2  4 -3  0 -5 -5  3 -4 -6 -5 -1 -1 -6 -5 -5    1   6   6  17   0   9  31   2   2   1   1  16   0   0   0   4   4   0   0   0  0.77 0.43
  101 Q   -4 -3  0  1 -7  6  5 -6 -2 -5 -2  1 -3 -5 -4 -2 -2 -6 -3 -5    0   1   4   6   0  30  37   0   1   0   4   9   0   0   1   2   2   0   1   1  1.11 0.59
  102 I   -3 -6 -7 -7  0 -6 -6 -6 -5  7  2 -6 -1  0 -6 -6 -3 -4 -4  2    2   0   0   0   2   0   0   0   0  57  21   0   1   4   0   0   1   0   0  11  1.43 0.59
  103 K   -2  2  0  1 -1  1  1 -4  0  0  2  2 -1 -2 -4 -2 -2 -3  0 -1    3  10   3   7   2   7   8   0   3   5  27  12   1   1   0   2   1   0   3   3  0.21 0.19
  104 R   -4  6  1  1 -4  2  2 -3 -1 -5 -4  1 -2 -6 -5 -1 -1 -3 -5 -4    1  41   6   8   0   9  13   2   1   1   2   6   1   0   0   3   4   0   0   1  0.86 0.46
  105 V   -2 -3  1 -4 -2  0 -3 -4  5  2 -2 -3  1  1 -2 -2 -2 -3  4  4    3   1   6   1   1   4   1   1  13   9   3   1   3   4   3   3   2   0  14  30  0.56 0.33
  106 K    3  1 -1 -4  0  0 -3 -3 -1 -3 -2  5 -3 -4 -4  0  0 -5 -3 -3   22   7   2   0   2   3   1   1   2   1   4  38   1   1   0   7   5   0   1   2  0.65 0.39
  107 D   -1 -2  1  5 -2 -2  0  3  0 -4 -3 -2 -3 -4 -3 -1  0 -4 -3 -3    6   2   7  35   1   1   7  20   2   1   2   2   1   1   1   3   5   0   1   2  0.60 0.31
  108 S    0  1  2  0  1  0 -1 -1 -2 -3 -3  0 -3 -4  2  2  2 -1 -3 -2    7   7  11   6   4   3   3   3   0   1   1   6   0   0   9  20  13   1   1   3  0.29 0.23
  109 E   -1 -2  0  4 -4  1  4 -3  0 -4 -4  1 -3 -4  1 -1 -1 -5 -3 -3    5   2   3  27   0   5  28   2   2   1   1   7   1   1   6   4   4   0   1   2  0.62 0.34
  110 D   -3 -1  5  4 -4  0  1 -1  0 -5 -4  0 -3 -4 -2  1  0 -2 -1 -3    1   3  25  20   0   3   9   5   2   0   1   6   0   0   2  11   5   1   2   2  0.56 0.34
  111 V   -2 -4 -7 -7  0 -6 -6 -7 -6  4 -1 -6  2  2 -3 -5 -2 -6 -2  6    3   1   0   0   2   0   0   0   0  24   3   0   4   9   1   1   3   0   1  49  1.20 0.55
  112 P   -3 -5  0 -4  0 -1 -1 -6 -4  0 -4 -3 -4 -6  7 -2 -2 -7 -5  2    2   0   4   1   2   3   4   0   0   5   2   2   0   0  52   3   2   0   0  16  1.32 0.61
  113 M   -4  0 -6 -6  0 -4 -5 -6 -5  5  0  2  6  2 -6 -3 -3 -4 -3  1    0   5   0   0   2   0   0   0   0  30   9  14  20   7   0   1   1   0   0   9  0.88 0.46
  114 V   -1 -6 -7 -7 -2 -6 -6 -6 -7  4  1 -6  6 -2 -6 -5 -3 -6 -4  5    4   0   0   0   1   0   0   0   0  22  13   0  20   1   0   0   1   0   0  37  1.26 0.57
  115 L   -5 -7 -8 -8 -1 -7 -7 -8 -7  3  6 -7  0 -3 -7 -7 -5 -6 -5  1    0   0   0   0   1   0   0   0   0  13  74   0   2   0   0   0   0   0   0   9  1.68 0.70
  116 V   -1 -7 -7 -4  0 -7 -7 -8 -8  3  0 -7 -2 -5 -7 -6 -4 -7 -6  7    5   0   0   1   2   0   0   0   0  14   7   0   1   0   0   0   0   0   0  70  1.72 0.72
  117 G    0 -7 -6 -7 -4 -7 -7  7 -2 -9 -9 -7 -8 -8 -7 -5 -7 -8 -8 -8    8   0   0   0   0   0   0  90   1   0   0   0   0   0   0   0   0   0   0   0  2.54 0.96
  118 N   -7 -6  9 -4 -6 -5 -6 -6  0 -9 -9 -4 -5 -9 -8 -4 -4 -10 -8 -9    0   0  95   0   0   0   0   0   2   0   0   1   0   0   0   1   1   0   0   0  3.21 1.18
  119 K   -6 -3 -3 -6 -8 -3 -5 -7 -6 -8 -8  8 -7 -8 -6 -6 -6 -8 -7 -8    0   0   1   0   0   0   0   0   0   0   0  98   0   0   0   0   0   0   0   0  2.97 1.12
  120 C    0 -4 -1 -5  9 -4 -5 -5 -5  2 -3 -3 -3 -4 -6  3  0 -6 -4  1    9   1   3   0  38   0   0   0   0  10   3   2   0   1   0  20   5   0   0   8  1.27 0.58
  121 D   -7 -7 -4  9 -9 -6 -3 -7 -7 -8 -9 -6 -8 -9 -7 -6 -6 -9 -8 -7    0   0   0  98   0   0   1   0   0   0   0   0   0   0   0   0   0   0   0   0  3.21 1.15
  122 L   -4 -3 -6 -4  0 -4 -2 -7 -4 -1  6 -2  3 -3 -6 -4 -4 -3 -4 -1    1   1   0   1   2   1   3   0   0   2  73   3   6   1   0   2   0   0   0   4  1.31 0.60
  123 P    0 -1 -1  3 -4  1  5 -3 -2 -5 -5 -1 -1 -6  0 -1  0 -6 -5 -3    6   3   3  14   0   5  42   1   1   1   0   3   2   0   5   4   6   0   0   2  0.75 0.43
  124 S   -2 -2  1  1 -5  4  5 -4  3 -5 -6  1 -5 -6 -4  1 -1 -5 -5 -5    3   1   7   8   0  17  32   1   6   0   0   9   0   0   1  11   3   0   0   0  0.79 0.45
  125 R   -6  9 -6 -6 -6 -3 -5 -7 -4 -6 -6  0 -6 -8 -5 -5 -6 -4 -7 -7    0  91   0   0   0   1   0   0   0   0   0   4   0   0   1   0   0   0   0   0  2.81 1.05
  126 T    2 -2 -3 -2 -3  5  3 -4 -2 -2 -3  1  0 -5 -4 -1 -1 -6 -4  3   14   1   1   1   0  24  17   0   1   1   2   8   2   0   0   4   4   0   0  19  0.57 0.39
  127 V   -4 -6 -8 -8 -4 -5 -7 -8 -8  2 -2 -7 -3 -5 -7 -6 -4 -7 -6  8    1   0   0   0   0   1   0   0   0   9   2   0   0   0   0   0   1   0   0  86  2.26 0.88
  128 D   -2 -3 -1  1 -4  0  0  0 -4 -5 -4 -1 -2 -5  2  5  3 -5 -4 -5    2   1   2   9   0   3   5   6   0   0   1   3   1   0  10  39  15   0   0   0  0.67 0.44
  129 T   -1  2 -2 -3 -3  1  0 -4 -2 -2 -2  2  0  0 -1  0  4 -2  2 -1    4  12   1   0   0   6   5   0   1   2   3  15   2   3   2   5  27   0   6   3  0.38 0.30
  130 K    0 -1  0  2 -5  1  6 -4 -2 -5 -4  1 -3 -5 -4  0 -2 -5 -5 -4    8   2   4  10   0   7  48   1   1   0   1   7   0   0   0   6   2   0   0   1  0.91 0.49
  131 Q   -3  1 -4  2 -6  3  6 -5 -2 -5 -3 -1 -2 -6 -5 -3 -1 -5 -5 -3    2   7   0  12   0  12  52   0   1   1   3   2   1   0   0   1   3   0   0   2  1.15 0.59
  132 A    4 -6 -5 -5 -3 -6 -6  6 -6 -3 -6 -6 -5 -7 -6 -3 -5 -7 -7 -3   36   0   0   0   1   0   0  58   0   1   0   0   0   0   0   1   0   0   0   2  1.72 0.74
  133 Q   -2  2 -2 -2 -4  5  3 -5  0 -2 -2  3  0 -1 -5 -2 -3 -4 -4 -3    4  10   1   1   0  26  18   0   2   3   4  21   3   3   0   2   1   0   0   2  0.69 0.43
  134 D    3  0  2  1 -4  3  3 -2 -1 -4 -4  2 -3 -5 -4  1 -1 -6 -5 -3   22   6   8   6   0  11  19   2   1   1   1  10   0   0   0   8   3   0   0   1  0.48 0.34
  135 L   -4 -2 -7 -7 -4 -4 -5 -7 -5 -1  5 -3  2  5 -7 -6 -4  4  3 -1    1   2   0   0   0   1   0   0   0   2  46   2   5  22   0   0   1   4   9   3  1.14 0.53
  136 A    7 -6 -6 -7  4 -6 -5 -3 -7 -6 -6 -6 -6 -5 -6  1 -4 -8 -7 -4   80   0   0   0   7   0   0   1   0   0   0   0   0   0   0  10   0   0   0   1  1.98 0.87
  137 R   -1  3  0  2 -4  3  3 -4 -1 -4 -5  3 -4 -3 -5 -1 -1 -5 -4 -4    4  17   4  13   0  13  18   0   1   1   0  19   0   1   0   3   3   0   0   1  0.64 0.39
  138 S   -1  1 -1 -1 -3  4  4 -4  0 -5 -4  2 -2 -5 -4  2 -1 -5 -3 -4    5   7   3   3   1  17  23   1   2   0   2  12   1   0   0  18   3   0   1   1  0.58 0.39
  139 Y   -5 -3  2 -5 -2 -3 -1 -6  4 -1  1 -1  1  3 -6 -4 -4  8  4 -3    0   1  12   0   1   1   5   0   9   3  16   4   3  11   0   0   0  19  13   2  0.93 0.47
  140 G   -2 -1  4 -1 -4 -1 -2  5  0 -7 -7  1 -4 -7 -5 -1 -4 -7 -6 -7    2   3  21   3   0   3   2  48   2   0   0  10   0   0   0   4   0   0   0   0  1.14 0.55
  141 I    0 -6 -6 -6  7 -6 -6 -6 -5  4  2 -6  4 -2 -6 -3 -3 -6 -3  2    8   0   0   0  24   0   0   0   0  26  16   0   9   1   0   1   1   0   1  11  1.15 0.52
  142 P    1 -1 -3 -2 -3  0  0 -2 -2 -2  0  0 -2 -1  6  0 -1 -6 -2 -2   10   4   1   2   1   4   5   2   1   2  11   7   1   3  35   7   3   0   1   2  0.58 0.35
  143 F   -7 -7 -7 -8 -4 -7 -8 -8  0 -4 -3 -8 -4  9 -8 -6 -6  1  6 -4    0   0   0   0   0   0   0   0   2   1   2   0   0  69   0   0   0   2  21   1  2.54 0.92
  144 I   -4 -5 -5 -6 -2 -4 -5 -7 -4  4  2 -5  5  4 -6 -5 -2 -1  2  1    1   0   0   0   1   0   0   0   0  23  19   0  17  18   0   0   3   1   7   9  0.93 0.44
  145 E   -6 -5 -6 -3 -9 -3  8 -8 -4 -9 -8 -4 -7 -9 -7 -5 -6 -8 -7 -7    0   0   0   1   0   0  97   0   0   0   0   0   0   0   0   0   0   0   0   0  2.89 1.13
  146 T    1 -6 -5 -6  3 -6 -6 -6 -7 -4 -5 -6 -5 -7 -6 -1  7 -7 -6 -1   10   0   0   0   6   0   0   0   0   1   0   0   0   0   0   4  75   0   0   4  1.96 0.87
  147 S   -4 -6 -5 -6 -5 -6 -6 -6 -6 -8 -7 -6 -7 -8 -6  8 -4 -8 -7 -7    0   0   0   0   0   0   0   0   0   0   0   0   0   0   0  98   0   0   0   0  2.72 1.13
  148 A    7 -7 -7 -7 -1 -6 -6 -4 -7 -6 -6 -6 -6 -7 -6 -3 -4 -8 -7 -3   95   0   0   0   1   0   0   1   0   0   0   0   0   0   0   1   0   0   0   1  2.43 0.99
  149 K   -2  2 -5 -6 -2 -2 -4 -7 -6 -7  0  8 -2 -6 -6 -5 -6 -5 -5 -7    3   9   0   0   1   1   0   0   0   0   9  76   1   0   0   0   0   0   0   0  1.94 0.84
  150 T   -1 -1  2  3 -4  0  2 -4 -1 -3 -2 -2 -2 -4 -4  1  4 -6 -1 -4    4   3   9  15   0   5  12   0   1   1   4   2   1   1   0   9  31   0   2   0  0.55 0.38
  151 R    2  4  4 -1  0 -3 -3  2 -2 -6 -6  1 -5 -6 -2  1 -3 -6 -4 -5   15  21  22   4   2   0   0  13   1   0   0   9   0   0   2  11   1   0   0   0  0.65 0.40
  152 Q   -1 -2 -2 -1 -3  1  1 -3  2  3  0 -2  1 -1 -4 -1  2 -2  0  1    4   1   1   4   0   8  11   1   5  18   9   2   4   2   0   4  16   0   3   8  0.22 0.21
  153 G   -4 -4  9 -4 -3 -2 -5  0  1 -8 -8 -4 -4 -4 -7 -2 -4 -8 -4 -8    1   1  79   0   1   2   0   8   3   0   0   1   1   1   0   2   1   0   1   0  2.32 0.93
  154 V   -4 -8 -7 -8 -4 -7 -8 -8 -6  3 -4 -7 -4 -6 -7 -7 -5 -8 -6  7    1   0   0   0   0   0   0   0   0  14   0   0   0   0   0   0   0   0   0  84  2.32 0.90
  155 D   -2 -2  3  5 -5  1  5 -4 -1 -5 -6  0 -4 -6 -4 -1 -1 -7 -5 -4    4   1  14  27   0   4  33   1   1   0   0   5   0   0   0   3   4   0   0   1  0.94 0.49
  156 D   -2 -1  0  3 -3  3  5 -4 -2 -5 -2  2 -4 -4 -4 -2 -2 -6 -4 -4    4   2   5  15   1  12  37   1   1   0   4  11   0   1   1   3   2   0   0   1  0.76 0.44
  157 A    5 -6 -6 -6  1 -5 -5 -4 -6  2  0 -5  0 -4 -4 -1 -1 -6 -5  2   51   0   0   0   3   0   0   1   0  12   8   0   3   0   0   4   3   0   0  16  0.97 0.52
  158 F   -8 -9 -9 -9 -8 -9 -9 -9 -7 -5 -5 -9 -4 10 -9 -7 -8 -5 -1 -5    0   0   0   0   0   0   0   0   0   0   0   0   0  97   0   0   0   0   1   0  3.56 1.19
  159 Y   -2 -2 -1 -1 -3  2  2 -4  4  0  0 -1  2  0 -4 -2  0 -2  4 -1    3   1   3   3   1  10  15   0   9   7   9   3   6   4   0   3   5   0  14   3  0.31 0.25
  160 T    0 -1  0  3  0  1  3 -3 -1 -2 -2  0 -1 -4 -4  0  3 -5 -3 -3    9   3   3  17   2   5  19   2   1   2   5   4   1   0   0   6  19   0   1   1  0.38 0.29
  161 L   -3 -6 -6 -7 -2 -6 -6 -6 -7  4  5 -6  3 -3 -7 -5 -1 -6 -5  2    2   0   0   0   1   0   0   0   0  23  50   0   7   1   0   0   4   0   0  12  1.19 0.53
  162 V    4 -5 -6 -6  1 -5 -5 -3 -5  1  1 -5  0 -4 -5 -2  0 -6 -3  4   30   0   0   0   3   0   0   1   0   7  13   0   2   0   0   2   6   0   1  34  0.81 0.45
  163 R   -1  6 -2 -1 -4  1  0 -3  0 -4 -3  3 -3 -5 -5 -2  0 -6 -4 -4    5  46   2   3   0   5   5   2   2   1   2  14   1   0   0   3   7   0   0   1  0.93 0.48
  164 E   -1  0  0  1 -4  4  4 -4 -3 -2 -2  2  0 -5 -4 -2 -2 -6 -5 -2    4   5   4   8   0  17  32   1   0   2   5  13   2   0   0   1   2   0   0   2  0.63 0.39
  165 I   -3 -7 -7 -8 -3 -7 -7 -8 -7  7  2 -7  2 -4 -7 -6 -4 -4 -5  2    2   0   0   0   1   0   0   0   0  63  14   0   5   0   0   0   0   0   0  13  1.70 0.68
  166 R   -4  4  0 -3 -2  0  1 -5 -1  0  1  2  1 -2 -1 -3 -3 -4  3 -2    0  24   4   1   1   3   9   0   1   7  13  15   4   1   4   1   0   0  12   2  0.45 0.32
  167 K   -1  4  1  0 -5  2  2 -5 -2 -6 -5  5 -3 -6 -4 -1 -3 -6 -5 -5    5  23   6   5   0  10  12   0   1   0   1  32   0   0   0   3   1   0   0   0  0.86 0.46
  168 H   -2  4  2 -1 -5  2 -1 -4  2 -4 -3  4  0  0 -4  0 -1 -2  1 -4    1  20  10   3   0   8   1   0   6   0   2  24   2   4   0   8   3   1   5   1  0.52 0.33
  169 K   -3  2  0 -2 -5  3  2 -4  0  0 -2  4  4 -4 -2 -2 -3 -5 -1 -2    1  12   5   1   0  14  12   0   2   6   3  24  11   0   2   2   1   0   2   3  0.48 0.31
  170 E   -3 -1 -1  2 -5  4  4 -4 -1 -5 -2  2  0 -5 -2  0 -2 -5 -4 -5    1   2   2   9   0  19  34   1   1   0   4  14   3   0   1   6   2   0   0   0  0.71 0.37
  171 K   -4  3 -3 -3 -6  4  4 -5 -3 -6 -5  5 -4 -6 -4 -3 -4 -6 -5 -5    0  15   0   0   0  21  25   0   0   0   0  40   0   0   0   0   0   0   0   0  1.25 0.48

                      K         Lambda
Standard Ungapped    0.1359     0.3190
Standard Gapped      0.0410     0.2670
PSI Ungapped         0.2356     0.3174
PSI Gapped           0.0721     0.2670
