
Last position-specific scoring matrix computed, weighted observed percentages rounded down, information per position, and relative weight of gapless real matches to pseudocounts
           A  R  N  D  C  Q  E  G  H  I  L  K  M  F  P  S  T  W  Y  V   A   R   N   D   C   Q   E   G   H   I   L   K   M   F   P   S   T   W   Y   V
    1 G    2 -7 -5 -6 -6 -6 -6  7 -6 -8 -8 -6 -7 -7 -6 -4 -6 -7 -7 -7   18   0   0   0   0   0   0  82   0   0   0   0   0   0   0   0   0   0   0   0  2.22 0.76
    2 S    2 -4  0 -1  7 -3  3 -4 -4 -5 -6 -2 -6 -7 -4  4  0 -7 -5 -4   14   1   5   3  19   0  21   0   0   0   0   2   0   0   1  29   5   0   0   1  0.99 0.54
    3 K   -1  0  4  0 -2  0 -1 -3  3 -1 -2  3  0 -2  0  0 -1 -5 -2 -1    5   5  19   4   1   5   3   1   8   3   3  16   3   2   4   7   4   0   1   4  0.28 0.22
    4 L   -3 -1 -3 -6 11 -3 -3 -6 -5 -3 -1 -5 -5 -1 -5 -1  0 -4 -7 -4    3   4   1   0  62   1   2   0   0   2   7   1   0   3   1   4   6   0   0   1  2.31 0.88
    5 E    0 -1 -2  1 -3  2  4 -2  0 -3 -4  0 -3 -3  1  1  1 -2 -3 -2    6   3   2   8   1  10  27   3   3   1   1   5   1   1   6   8   9   1   1   4  0.38 0.29
    6 G    1  0  1  0 -2  0  1  2  0 -3 -4  0 -2 -4  2  1  0 -1 -1 -2   12   4   8   5   1   5  11  14   2   1   1   5   1   0  11   9   5   1   2   3  0.23 0.19
    7 K   -1  3  0 -1  0  1 -1 -3  2 -2 -3  2 -1 -3  3  0 -1  0 -1 -1    4  18   5   3   2   6   4   1   5   2   2  15   1   1  12   6   3   1   2   6  0.31 0.23
    8 T    0 -3  0 -2 -1 -1  0 -3  0 -2 -3 -1 -3 -3  1  2  5 -4 -4  0    7   1   4   2   1   2   6   2   3   2   3   3   0   1   6  17  33   0   0   5  0.49 0.35
    9 C   -5 -10 -10 -10 12 -10 -10 -6 -10 -8 -8 -10 -9 -9 -5 -8 -8 -9 -9 -8    1   0   0   0  97   0   0   1   0   0   0   0   0   0   1   0   0   0   0   0  4.79 1.57
   10 G    0  0  0  0 -4  0  0  1  1 -4 -2 -1 -3 -4  4  2  0 -3 -3 -3    9   5   4   5   0   5   5  11   3   1   4   4   0   1  18  17   6   0   1   1  0.32 0.26
   11 P    0 -1 -1  1 -4  0  1 -2 -1 -3 -3 -1 -4 -4  5  1 -1 -3 -2 -2    9   3   3   8   0   4  10   2   1   1   3   3   0   1  31  11   3   0   2   2  0.59 0.38
   12 S   -2 -2  3  3 -6 -1  0  4 -1 -5 -4 -2 -2 -2 -4  1  1 -2  0 -5    2   2  12  17   0   3   6  28   1   0   1   2   1   2   0   9   7   1   3   1  0.54 0.34
   13 S   -3 -3 -1  1 -7  5  4 -3  3 -7 -5 -1 -1 -2 -6  0  0 -4  1 -6    2   1   3   6   0  27  27   2   6   0   1   4   1   2   0   7   6   0   5   0  0.85 0.51
   14 F   -6 -6 -9 -10 -9 -6 -9 -9 -1 -3 -2 -7 -2  9 -10 -6 -6  3  2 -4    1   1   0   0   0   0   0   0   2   2   4   0   1  79   0   1   0   3   5   1  2.80 1.04
   15 S    0  3 -2 -4 -2  4 -1 -4  4 -4 -1  1 -1 -3  0  0  2 -6 -1 -2    7  15   1   0   1  19   3   1   9   1   5   7   1   1   5   6  12   0   3   4  0.45 0.33
   16 C   -6 -11 -10 -11 12 -10 -6 -10 -10 -9 -9 -10 -9 -10 -10 -8 -5 -10 -4 -6    1   0   0   0  96   0   1   0   0   0   0   0   0   0   0   0   1   0   1   1  4.79 1.56
   17 P    1  1  0  2 -1  0  0  0  1 -2 -1  1 -1 -2  1  1 -1 -3 -2 -1   11   8   4  11   1   4   5   7   3   2   5   9   1   2   7   9   4   0   1   5  0.10 0.09
   18 G   -2 -2  6  1 -4 -2 -1  2  0 -4 -4 -2 -3 -4 -4  1  0 -3 -1 -3    3   3  31   8   0   1   4  16   2   1   2   2   1   1   1  12   7   0   2   2  0.65 0.37
   19 T   -2 -2  2  2 -4 -1 -1  2 -3 -3 -3 -1 -3 -5 -2  3  2 -5 -2 -3    2   2  10  11   0   2   4  17   1   1   3   4   1   0   2  23  13   0   2   2  0.43 0.29
   20 H   -2 -1  0 -1 -5 -1 -1  5  2 -3 -3  0 -3 -3 -3  0 -1 -3 -2 -3    3   4   5   4   0   3   4  44   4   2   2   6   1   1   1   8   4   0   2   2  0.65 0.35
   21 V   -1  3 -1 -1  0  2  1 -3  3 -1 -1  2 -1 -1 -3 -1  0 -2 -1  0    4  16   2   3   2  11  10   2   7   3   6  11   2   3   1   4   6   1   2   6  0.21 0.17
   22 C   -7 -6 -6 -6 12 -4 -10 -9 -9 -5 -6 -6 -4 -9 -9 -6 -8 -9 -5 -8    0   1   1   1  93   1   0   0   0   1   1   1   0   0   0   1   0   0   1   0  4.47 1.47
   23 V   -5 -4 -9 -9 -7 -5 -8 -9 -8  8  0 -4 -1 -3 -8 -8 -4 -8 -2  3    1   1   0   0   0   1   0   0   0  65   7   1   1   1   0   0   1   0   1  20  1.95 0.76
   24 P   -2 -3 -2  0 -8 -3 -2 -6  0 -5 -3 -1 -5 -3  8  0 -3 -4 -3 -6    4   1   2   6   0   1   3   1   3   1   3   4   0   1  60   8   1   0   1   0  1.58 0.72
   25 E    0  2 -1 -1 -4  2  0 -1 -2  0  1  1  0 -2 -1  1 -1  1 -2 -2    7  10   3   3   0  10   7   4   1   5  16  10   3   1   3  10   3   2   1   2  0.13 0.14
   26 R    0  1  0  1 -3  0  0 -1  1 -3 -2 -1 -2  0 -2  3  1  0  1 -2    8   9   4   8   0   5   7   4   4   1   4   2   1   4   2  21   9   1   4   2  0.18 0.18
   27 W   -3 -1 -2 -5 -7  1 -5 -5 -2 -5  1  0 -2  2 -6 -3 -5 10  2 -4    2   4   3   1   0   5   1   1   1   1  13   7   1   8   0   3   0  40   7   1  1.63 0.68
   28 L   -2  4 -3 -5 -3  2 -2 -5  1  0  1  1  0 -1 -6 -4 -2 -2 -2  4    3  20   1   0   0   8   2   0   3   3  12   9   2   2   0   0   2   1   2  27  0.55 0.34
   29 C   -8 -6 -4 -6 12 -4 -11 -6 -3 -8 -6 -10 -9 -10 -10 -8 -8 -1 -10 -8    0   1   1   1  93   1   0   1   1   0   1   0   0   0   0   0   0   1   0   0  4.48 1.44
   30 D   -8 -8  3  8 -10 -7 -3 -8 -7 -10 -10 -7 -10 -10 -8 -4 -7 -11 -10 -10    0   0  11  86   0   0   2   0   0   0   0   0   0   0   0   2   0   0   0   0  2.94 1.10
   31 G   -5 -2 -1 -2 -5 -2 -4  7 -2 -7 -7 -3 -5 -3 -8 -2 -5 -3 -3 -7    0   2   3   2   0   2   1  77   1   0   0   2   0   2   0   2   1   0   1   0  1.88 0.78
   32 D   -2  0  0  3 -5  1  2 -4  3  1 -3  0 -2  0 -5 -1  0  3 -1  1    2   4   4  15   0   6  15   0   7   7   2   6   1   5   0   4   5   4   2  10  0.29 0.23
   33 K   -1  0  3  2 -1  0  0 -3 -1 -2 -3  2 -1 -3  3 -1 -1 -2 -1  0    6   5  15  12   1   3   7   1   1   2   2  12   2   1  13   4   3   1   2   6  0.28 0.22
   34 D   -5 -8 -1  8 -10 -2 -1 -8  1 -10 -10 -7 -9 -10 -8 -7 -4 -11 -9 -10    1   0   3  86   0   2   3   0   3   0   0   0   0   0   0   0   1   0   0   0  2.80 1.07
   35 C   -8 -11 -10 -11 12 -11 -11 -10 -11 -9 -9 -11 -9 -10 -10 -8 -8 -10 -10 -8    0   0   0   0 100   0   0   0   0   0   0   0   0   0   0   0   0   0   0   0  5.07 1.57
   36 A    1 -1 -2  0 -1 -1  1  2 -1 -2 -2 -1 -2 -2  4  1 -1 -3 -3 -2   10   4   2   5   2   3   9  18   2   3   4   4   1   2  18   9   3   0   1   2  0.29 0.21
   37 D   -6 -6  2  8 -10 -5 -4 -3 -3 -7 -7 -6 -5 -6 -8 -5 -6 -3 -5 -9    0   0   7  84   0   1   1   2   1   0   1   0   0   0   0   1   0   1   0   0  2.62 1.02
   38 G   -1 -2  2 -3 -7 -1 -1  6  0 -6 -4 -1  0 -2 -7 -3 -4 -2 -3 -6    4   2   8   1   0   3   4  60   2   0   2   4   3   2   0   2   1   1   1   0  1.24 0.58
   39 A   -1 -2 -4 -2 -7 -2  0 -5 -3 -6 -4 -4 -7 -5 -7  7  0 -8 -3 -7    5   2   1   2   0   2   6   1   1   0   2   1   0   0   0  72   5   0   1   0  1.66 0.82
   40 D   -8 -8 -3  9 -9 -7 -5 -8 -2 -9 -9 -7 -2 -9 -8 -7 -7 -10 -9 -9    0   0   1  95   0   0   0   0   1   0   0   0   1   0   0   0   0   0   0   0  3.27 1.14
   41 E   -7 -7 -7 -5 -10 -5  8 -9 -7 -10 -9 -6 -9 -10 -8 -2 -7 -9 -2 -9    0   0   0   0   0   0  95   0   0   0   0   0   0   0   0   3   0   0   2   0  3.01 1.10
   42 S    0  0  0  1 -3  1  2 -2  0 -1  0  0  1 -2 -1  1  0  2 -2 -1    9   6   4   7   0   7  14   2   2   3   9   6   4   2   2   9   6   3   1   4  0.10 0.10
   43 I   -2 -1  4  3  3  0  0  1  1 -2 -2 -1 -3 -2  1  0 -1 -2 -1 -2    3   2  20  15   6   3   5   9   3   3   3   4   1   2   8   6   2   1   2   3  0.31 0.20
   44 A   -2 -3  0 -2 11 -2  0 -4 -3 -4 -4 -4 -3 -4 -5 -2 -3 -3 -4 -3    4   2   5   3  62   3   6   1   1   1   2   1   1   1   1   3   2   0   1   2  2.30 0.79
   45 A    1 -2 -1 -1  3  1 -1  1 -1 -1 -2 -1 -1 -3  2  1  0 -2 -2  1   13   2   3   3   6   6   4   9   1   3   4   2   2   1  10  10   6   1   1  12  0.14 0.13
   46 G   -1 -1  2  1  4  0 -1  2 -3 -4 -3 -1 -3 -4  0  1  3 -3 -3 -2    5   3  10   7   7   3   4  15   1   1   2   3   1   1   4   8  21   0   1   3  0.36 0.25
   47 C   -3 -5  0 -4 11 -6 -4 -3 -3 -4 -3 -5 -3 -5 -4 -2 -2 -2 -5 -2    2   1   4   1  68   0   2   2   1   1   4   1   1   1   1   4   3   1   0   3  2.71 0.98
   48 L    0  3 -1  0 -1  1  0 -1 -1 -1 -1  0 -1 -3  2  1  1 -2 -3 -1    8  16   3   4   1   5   5   5   2   3   7   4   1   1  10  10   8   0   1   5  0.15 0.14
   49 Y    1 -1  0 -1  3 -1  0 -3  0 -1 -2 -1 -1  1  3  1 -1 -2  2 -1   10   3   4   4   5   2   8   2   3   4   4   3   2   6  15  12   3   1   7   4  0.20 0.17
   50 N   -2 -2  4  3 -2 -1  0  0  0 -4 -4 -2 -3 -1  2  1  1 -2 -2 -3    3   2  21  16   1   3   7   8   2   1   2   2   1   3   9   8   8   1   2   2  0.45 0.30
   51 S   -1 -2  1 -1  4  3  4 -2  1 -3 -4  0 -2 -4 -3  1  0 -3 -2 -4    5   2   8   4   8  13  26   3   3   2   1   5   1   1   1  10   5   1   2   1  0.53 0.35
   52 T   -3 -3 -3 -3  3 -4 -3 -3 -1  0 -2 -3 -2  7 -4 -1  2 -1  2 -2    2   2   1   2   6   1   2   2   2   5   5   2   1  38   1   6  12   1   5   3  0.91 0.45
   53 G    0  2 -1 -1  2  2  0  0  1 -2 -2  0 -2 -3  2  1  2 -2 -1 -3    7   9   2   4   5   8   5   8   3   2   4   6   1   1   9  10  13   1   2   1  0.18 0.17
   54 S   -5 -4 -1 -3 11 -6 -5 -5 -6 -5 -2 -5 -6  1  0  0  0 -3 -4 -5    1   1   3   2  59   1   1   1   0   1   4   1   0   5   5   6   5   0   1   1  2.35 0.94
   55 G    1  0  1  1 -2  2  0  3 -1 -3 -2  0 -4 -4  0  1 -1 -2 -3 -2   11   4   6   7   1  10   5  20   1   2   5   5   0   1   4  11   3   1   1   2  0.26 0.21
   56 S    0 -1  4  0  3 -3 -1 -1  0 -5 -2 -3 -4  0 -3  3  0 -2  0 -4    8   3  20   5   6   1   4   6   2   0   5   2   0   3   1  20   6   1   3   1  0.47 0.31
   57 G   -1 -1 -1 -2 -4 -1 -2  6  1 -7 -5 -2 -5 -4 -2 -1  0 -9 -5 -4    5   4   3   2   1   3   3  55   3   0   1   3   0   1   2   5   6   0   1   1  1.12 0.57
   58 S    0 -2  2  2  5 -2 -1 -1 -3 -4 -4 -1 -3 -2  0  3  1 -4 -3 -4    8   2   8  10  12   2   4   5   1   1   2   4   1   2   4  22  10   0   1   1  0.46 0.32
   59 G   -1  0  0  0  2  0  0 -1  2  0 -1  0  2  1  0 -1  0  4  1 -1    5   5   5   5   5   5   5   5   5   5   5   5   5   5   5   5   5   5   5   5  0.09 0.08
   60 S   -2  0  1 -1  7  0  0 -2  1 -1 -3 -1  0 -1 -1  1  0 -7 -1 -1    4   5   6   4  21   4   6   4   3   4   3   4   3   3   3  11   6   0   3   4  0.52 0.34
   61 T   -2 -1  0 -1  6 -1 -2 -1  2  2 -2 -2  1  0 -2  1  1  1 -1 -1    3   3   5   4  15   3   3   6   4  12   4   2   3   4   3   9   7   2   3   5  0.33 0.22
   62 E    0 -1 -1  1  2  2  0  0  0  1 -2 -2  1 -2  1  1 -2  1 -1 -1    6   3   3   7   4   9   7   9   2   7   4   3   4   2   8  10   3   2   2   4  0.11 0.13
   63 E    0  1  1  2  2  3  1 -2  1 -3 -4  1 -1 -2  1  0 -1  0 -2 -3    8   7   6  10   5  11   9   3   3   2   2   8   2   2   8   7   5   1   1   2  0.24 0.22
   64 L    0  0  0 -1  1  0 -2  0 -1  0  1  0  0  0  0  1  0  0 -1  0    7   5   5   3   4   3   2   7   2   5  14   5   2   4   4  13   7   1   2   6  0.05 0.07
   65 R   -3  3  0  0 -1 -1  1 -3 -1 -1 -2 -1 -1 -2 -2  1 -2  8 -1 -2    3  15   4   6   1   3   9   3   2   4   4   4   1   2   2   9   3  18   2   3  0.64 0.43
   66 V   -2 -2 -1 -1  3 -2 -2  1 -3 -2 -1 -3 -2  4 -2 -1  0  5  2  1    4   3   3   4   6   2   3  10   1   3   7   2   1  14   3   5   5   8   7  11  0.35 0.24
   67 R   -3  6 -2 -1  2  1  1 -4  3 -4 -3  2  1 -3 -4 -1 -4  1 -2 -3    3  33   2   4   3   5   9   2   7   2   3  10   3   1   1   4   1   2   2   2  0.75 0.50
   68 L   -4 -1  2  0 10 -3 -3 -4 -2 -3 -1 -3 -10 -5 -3 -2 -4 -11 -5 -3    2   4   9   5  52   2   2   2   1   2   7   2   0   1   2   4   2   0   1   2  2.04 1.03
   69 A    1 -1 -2  5  0 -4 -2  2  0  2 -3 -2 -3 -2 -4  0 -2 -9 -3 -3   12   3   2  25   2   1   3  15   2  10   3   3   1   2   1   7   3   0   1   3  0.51 0.36
   70 S   -3 -1 -1 -2  0  3  0  1  1 -1 -2 -1 -2 -5  1  4 -1  0 -1 -3    3   3   4   3   2  11   5   9   3   4   5   3   1   1   8  25   4   1   2   2  0.36 0.34
   71 H   -4  0  1  1 -1 -1  2 -4  7 -9 -4 -1 -3 -2  3  0 -3 -1  2 -6    2   4   7   8   2   3  12   2  20   0   2   4   1   2  14   6   2   1   6   1  0.77 0.52
   72 L   -2  1 -1 -1 -2  1  3  0  0  0  0  1 -3 -1 -3  0 -1 -1 -1 -2    3   6   3   3   1   6  19   8   2   5  11  10   1   2   1   7   4   1   3   3  0.19 0.18
   73 R   -3  3 -1  0  1  1  0 -4  1 -3 -4  2 -3  3  0 -1 -2  5  4 -6    3  14   3   5   2   6   6   2   3   2   2  13   1   9   5   5   3   6  11   1  0.49 0.36
   74 K   -3  3  2  1 -1  3  2 -3  0 -3 -2  1 -2 -3 -1  1 -1 -2 -3 -2    3  12   8   7   2  11  13   2   2   2   4   9   1   1   4   9   5   1   1   3  0.30 0.28
   75 L   -1 -3 -4 -1 10  0  0 -4 -2 -6 -5  0 -4 -4 -5 -3 -4 -2 -1 -5    5   2   1   4  54   4   7   2   1   1   2   5   1   1   1   2   2   1   2   1  2.11 1.06
   76 R   -3  3  1  1 -6  3 -1 -3 -1  0  1  1  1 -3 -2 -1 -1 -6 -5  1    2  13   5   8   0  14   4   2   2   4  13   9   3   1   3   4   4   0   0   9  0.28 0.26
   77 K   -2  0 -1  1  4  3  1  0  3 -2 -3  2 -1 -4 -2  1  1  2 -4 -3    2   5   3   7   7  12   8   7   6   3   2  11   1   1   2   9   9   3   0   2  0.28 0.28
   78 R   -4  6 -1  0  1  0  1 -2 -2 -1 -4  2 -1 -6 -6 -2  1 -6 -1 -4    1  35   3   6   3   5   8   3   1   4   2  13   2   0   0   3   9   0   2   1  0.73 0.51
   79 L   -2 -1 -2 -3  3 -2  0 -2 -2  2  3 -2  4  0 -3 -2 -1  1 -1  0    3   4   2   1   6   2   6   3   1  12  29   2  10   4   1   3   4   2   2   5  0.34 0.27
   80 L   -1  0 -1  0  1 -2 -1 -1 -1  3  2 -1  1  0 -2 -1 -1 -1  0  1    4   5   2   5   3   1   3   5   2  19  19   4   3   4   2   5   3   1   3   7  0.10 0.13
   81 G    0 -4  2  0  2 -1 -1  5 -4 -1 -4  0 -5 -2 -2  1 -1 -6 -5 -5    8   0  10   5   4   2   4  37   0   4   1   6   0   2   2   9   4   0   0   0  0.58 0.42
   82 S    0  0  1  1  4  3  0 -1  0 -4 -1 -1 -1 -3  0  2  0 -5 -2 -2    7   4   6   6  11  12   7   4   2   0   5   2   1   1   5  16   5   0   1   3  0.24 0.26
   83 Y    0  0  0  1  1 -1  0 -1  2 -2 -3  1 -3 -1 -3  3  0 -4  2 -1    7   6   5   7   3   1   5   4   5   1   2   8   0   3   1  23   4   0   8   5  0.20 0.24
   84 T    0 -2  0 -1  3  0 -1  2 -3 -1 -1 -2  0 -4  0  2  3 -4 -2 -2    9   2   4   2   8   4   5  14   0   5   5   2   2   0   4  15  17   0   1   1  0.23 0.25
   85 E   -2  1  0  3  1  3  4 -2  0 -6 -6 -1 -5 -6 -2  2 -1 -6 -5 -5    3   7   3  13   4  12  31   2   2   0   0   3   0   0   2  14   3   0   0   0  0.67 0.49
   86 E   -2  0  3  1  3  1  5 -2  0 -3 -4  0 -5 -6 -2 -1 -4 -6 -5 -3    2   6  12   8   6   7  37   3   2   2   1   5   0   0   2   4   0   0   0   2  0.62 0.48
   87 L   -1  0 -4 -2  1 -2  0 -5 -1  2  3 -3  1  1 -2 -2 -3 -4 -1  1    5   5   0   3   3   2   7   0   1  13  36   0   4   6   1   3   0   0   1   9  0.35 0.30
   88 R   -1  5 -1 -2  0  0  1 -2  1 -5 -2  2 -1 -5 -1  0 -2  0 -4 -3    5  37   3   2   2   2   9   2   3   0   4  13   1   0   3   8   1   1   0   2  0.56 0.42
   89 V    3 -1 -2 -2  5 -2 -3 -2 -2  0  0 -2 -2 -2 -2  1 -1 -4  0  1   29   3   2   2  14   2   0   3   1   5   9   2   0   1   1   9   2   0   3  13  0.34 0.31
   90 R   -1  5 -2  1 -5  1  0  0 -3 -3 -4  1  0 -2  0  0 -2 -5 -1 -4    5  39   1   9   0   5   4   6   0   2   0   9   3   2   5   8   2   0   2   0  0.56 0.41
   91 L   -3  1 -4 -2  5 -3 -4 -5 -4  0  3 -2  0  3 -5 -2 -1 -3  1  0    0  10   0   3  13   0   0   0   0   5  35   2   2  12   0   4   4   0   4   7  0.49 0.35
   92 A    2 -1 -2  1  2  0  1  0 -2 -1 -2  2  0 -3 -3  2  0 -4 -1 -2   20   2   0   7   4   2  11   7   0   4   2  14   3   0   0  15   5   0   3   0  0.21 0.23
   93 S    2 -3  2  0 -3  0 -2 -3  1 -2 -2 -1 -3 -1 -3  4  1 -4  0 -3   16   0  12   6   0   4   0   0   3   2   4   2   0   2   0  37   8   0   4   0  0.44 0.37
   94 H   -2  2 -2  0  1  0 -1 -4  9 -5 -3  0 -4  0 -4 -3 -2 -5 -2 -5    3  12   0   6   4   3   4   0  52   0   3   6   0   4   0   0   3   0   0   0  1.19 0.54
   95 L   -2  1 -1 -4  1  0 -3 -4 -3  3  3 -2  2 -2 -4 -3  0 -3 -2  1    0   9   4   0   3   4   0   0   0  17  39   0   6   0   0   0   6   0   0  10  0.37 0.24
   96 R   -1  5 -2 -3  2 -1  1 -4  1 -1 -2  2  0 -4  0 -1 -2 -4 -3  0    3  41   0   0   5   0   8   0   4   4   2  14   3   0   4   4   0   0   0   8  0.47 0.28
   97 K   -2  2  1  1 -4  1  3  0 -2 -1 -2  4 -2 -4 -3 -1 -2 -4 -3 -3    0   9   7   7   0   5  20   7   0   5   5  35   0   0   0   0   0   0   0   0  0.41 0.23
   98 L   -2  0  0 -3 -3  0 -3 -1 -2  1  3  0  2 -1 -4 -2 -2 -3  1  1    0   5   7   0   0   5   0   5   0   7  48   5   5   0   0   0   0   0   5   7  0.28 0.19
   99 R   -3  7  1  0 -5  0  2 -4  0 -5 -4  2 -3 -5 -3 -2 -2 -4 -3 -4    0  69   5   3   0   0  14   0   2   0   0   6   0   0   0   0   0   0   0   0  1.07 0.36
  100 K    0  2 -1 -2 -4  4  0 -3 -2 -4 -4  5 -2 -4 -2 -1 -2 -4 -3 -3    7  10   0   0   0  26   0   0   0   0   0  57   0   0   0   0   0   0   0   0  0.80 0.27
  101 R   -2  6 -1 -2 -4  2  1 -3 -1 -4 -3  1 -2 -4 -3  0 -2 -4 -3 -4    0  73   0   0   0  11   8   0   0   0   0   0   0   0   0   8   0   0   0   0  0.97 0.26
  102 L   -2 -3 -3 -4  4 -3 -3 -4  2  3  3 -3  1  2 -4 -3 -2 -2 -1  1    0   0   0   0  12   0   0   0   8  29  37   0   0   9   0   0   0   0   0   5  0.38 0.12
  103 L   -2 -3 -4 -4 -2 -3 -4 -4 -4  2  4 -3  2  0 -4 -3 -2 -3 -2  2    0   0   0   0   0   0   0   0   0  11  69   0   5   0   0   0   0   0   0  15  0.56 0.13

                      K         Lambda
Standard Ungapped    0.1346     0.3173
Standard Gapped      0.0410     0.2670
PSI Ungapped         0.1541     0.3175
PSI Gapped           0.0472     0.2670
