  266         A         R         N         D         C         Q         E         G         H         I         L         K         M         F         P         S         T         W         Y         V    
  1 G   1  0.018137 -0.134765  0.227620 -0.005943 -0.245450 -0.064257 -0.064257  0.192771 -0.108579 -0.348086 -0.348086 -0.064257 -0.219264 -0.315958 -0.187136  0.308217  0.006251 -0.380522 -0.289772 -0.315958
  2 D   2 -0.273647 -0.251462  0.274016  0.581382 -0.914255  0.210976  0.473522 -0.424193 -0.286447 -0.918471 -0.962297 -0.028124 -0.619380 -0.988908 -0.322665  0.314751  0.106474 -1.146493 -0.810499 -0.743151
  3 L   3 -0.572633 -1.387588 -1.832863 -2.288363 -0.681921 -1.286145 -1.753559 -2.325103 -1.712815  1.238073  1.855096 -1.318723  1.027153  0.108561 -1.791392 -1.206111 -0.572751 -1.175620 -0.460069  0.813432
  4 A   4 -0.275994  0.069773 -0.003412  0.012364 -1.712090  0.718905  0.828532 -1.078296 -0.393074 -1.519835 -1.335517  0.444173 -0.747319 -1.713695 -0.841736  0.172490 -0.194223 -1.899927 -1.157370 -1.059878
  5 D   5 -0.215404  0.149167  0.124473  0.204439 -1.869149  0.749193  0.854492 -0.971511 -0.510594 -1.872839 -1.679396  0.567156 -0.960221 -2.023877 -0.788696  0.296147 -0.306869 -2.204525 -1.441870 -1.375950
  6 R   6 -0.315030  0.728412 -0.118453 -0.159346 -2.009501  0.927773  0.844408 -1.275227 -0.519735 -1.880898 -1.571207  0.772712 -0.838871 -2.086894 -1.000778  0.041993 -0.353883 -2.226851 -1.441273 -1.399954
  7 F   7 -0.804272 -2.100275 -2.465367 -2.804580 -0.911740 -1.946087 -2.327378 -3.014607 -2.285134  1.980781  1.886446 -1.995533  1.052416  0.269172 -2.421171 -1.627682 -0.773866 -1.429262 -0.486878  1.440003
  8 A   8  0.130435  0.236866 -0.119433 -0.366779 -1.777562  0.576614  0.548793 -1.032366 -0.609710 -1.785528 -1.528683  0.440104 -0.876556 -2.018475 -1.088484  0.276315 -0.282418 -2.339440 -1.454481 -1.256366
  9 E   9  0.230125 -0.016715 -0.084126  0.036154 -1.840003  0.427380  0.721993 -0.782790 -0.728788 -1.937245 -1.798543  0.280441 -1.155786 -2.182008 -0.887782  0.353482 -0.277610 -2.492695 -1.688711 -1.356358
 10 L  10 -0.574099 -1.670736 -2.135333 -2.550376 -1.037639 -1.497058 -1.894194 -2.810043 -1.918324  1.383873  1.535624 -1.606713  0.812721 -0.158870 -2.193726 -1.315977 -0.698969 -1.800055 -0.471090  1.008062
 11 E  11 -0.314063 -1.196060 -1.344487 -0.920745 -1.614989 -0.487437  0.158545 -1.990702 -1.402897 -0.216953 -0.260991 -0.828789 -0.282958 -1.110951 -1.606251 -0.625088 -0.598069 -2.121092 -1.191257 -0.028435
 12 R  12  0.089056  0.316070 -0.016242 -0.345690 -1.846054  0.336233  0.354203 -0.862447 -0.657925 -1.977445 -1.731793  0.624286 -1.047184 -2.135801 -1.043789  0.408839 -0.300377 -2.491980 -1.600168 -1.476711
 13 R  13 -0.225146  0.000055 -0.030078 -0.047879 -2.101625  0.455002  0.484261 -0.399261 -0.674128 -2.228871 -2.035483  0.207332 -1.249023 -2.189848 -1.098077  0.250793 -0.545285 -2.275826 -1.588875 -1.702537
 14 Y  14 -0.409753 -1.001185 -0.897631 -1.528775 -1.327023 -0.693552 -0.995750 -1.645093 -0.408662 -0.888934 -0.715215 -0.747623 -0.471553 -0.242041 -1.731296 -0.195520 -0.512487 -1.285664  0.160246 -0.807155
 15 D  15 -0.554000 -0.731508  0.270570  0.140510 -2.391879 -0.335541 -0.160558  0.524017 -0.909574 -2.613734 -2.597485 -0.259718 -1.759625 -2.545297 -0.308375  0.140015 -0.827916 -2.611316 -2.068054 -2.063345
 16 A  16  0.757771 -1.473441 -0.646620 -1.154482 -1.654719 -1.335098 -1.320776  2.209081 -1.703564 -2.080962 -2.075066 -1.379341 -1.637785 -2.041439 -1.548144  0.116197 -0.952585 -2.121344 -2.057780 -1.388582
 17 R  17 -0.769240  1.272347  0.129601 -0.603248 -2.291658  0.536856  0.311532 -1.661537 -0.404844 -2.047595 -1.694257  0.790967 -0.966118 -2.264401 -1.350744 -0.186645 -0.015017 -2.523221 -1.552790 -1.669738
 18 L  18 -0.532980 -2.168697 -2.341203 -2.725007 -1.038968 -1.788534 -2.149322 -2.498667 -2.131824  1.231327  0.960750 -1.904104  0.555864 -0.183039 -2.202151 -1.432546 -0.583604 -1.392523 -0.375712  1.200262
 19 G  19  0.369863 -1.459217 -0.090797 -0.875141 -1.991710 -1.232144 -1.290909  3.199990 -1.499016 -2.921043 -2.884984 -1.298690 -2.047744 -2.322400 -1.622140  0.722277 -1.051794 -1.898644 -2.233392 -2.254933
 20 V  20 -0.279109 -2.497992 -2.648879 -2.809234 -0.962494 -1.961143 -2.130958 -2.835357 -2.448769  2.234271  1.125767 -2.012023  0.837641 -0.212864 -2.226196 -1.661018 -0.472431 -2.186842 -0.551268  2.453795
 21 Y  21  0.172689 -1.530699 -1.594628 -2.115503 -0.998286 -1.101181 -1.453592 -1.702920 -0.311540 -0.650065 -0.653008 -1.437028 -0.560142  0.325530 -2.011989 -0.413684 -0.731782 -0.870204  1.182716 -0.466450
 22 V  22  0.399570 -2.161533 -2.514812 -2.662227 -0.860668 -1.735416 -1.897040 -2.337379 -2.216932  1.257678  0.691848 -1.814026  0.413619 -0.265669 -2.101499 -1.149614 -0.505374 -2.138184 -0.592091  1.534392
 23 P  23 -0.783641 -0.685694 -1.529025 -2.111007 -1.694444 -0.722651 -1.100560 -2.517271 -1.262499 -0.110763  0.097778 -0.536794  0.165242 -0.906690 -2.085646 -1.042266 -0.799537 -1.886574 -0.635393 -0.087290
 24 A  24 -1.464487 -1.108956  1.240396  3.000886 -2.584657  0.072477  1.034177 -0.884523 -0.402159 -2.487548 -2.973056 -0.610490 -2.099158 -2.528028 -1.154009  0.128556 -0.731027 -3.323767 -2.142042 -2.383641
 25 T  25 -0.500300 -1.601532 -1.814178 -2.504457 -1.124462 -1.447828 -1.927422 -2.737796 -2.255195  0.619379  1.263816 -1.454031  0.612326 -0.770586 -1.724198 -0.862592  0.290822 -2.120206 -1.221003  0.490360
 26 G  26 -0.203001 -0.665944  0.365003  0.709735 -2.305287  0.007806  0.487701 -0.008997 -0.907999 -2.482218 -2.532004 -0.165741 -1.727507 -2.573268 -1.220027  0.444614 -0.491435 -2.914213 -2.160088 -1.913222
 27 T  27 -0.149038 -0.857467  0.572879  0.115329 -1.599237 -0.439098 -0.231114 -0.738623 -1.169077 -1.860370 -1.904663 -0.535823 -1.362941 -2.183099 -1.124897  1.258151  1.798883 -2.555175 -2.002461 -1.336282
 28 T  28 -0.407169 -1.210131  0.611151 -0.256259 -2.765241 -0.988512 -0.930439  3.096152 -1.272186 -3.326946 -3.291757 -1.036618 -2.335173 -2.802938 -1.570513  0.144678 -1.333686 -2.424966 -2.523213 -2.607872
 29 A  29 -0.409120  0.360300 -0.383380 -0.521227 -2.334403  0.587252  0.664740 -1.549254 -0.733962 -2.052443 -1.761954  0.517140 -1.021967 -2.211342 -1.251397 -0.106621 -0.460721 -2.329515 -1.529799 -1.511436
 30 A  30 -0.340369 -0.753512 -0.788797 -1.130196 -1.724272 -0.246498 -0.212433 -1.946497 -1.137510 -0.878025 -0.961304 -0.546632 -0.595074 -1.546725 -1.516935 -0.076747  0.544282 -2.190551 -1.046234 -0.374074
 31 I  31 -0.485912 -2.349898 -2.642356 -2.928312 -0.996768 -1.981217 -2.312993 -2.823097 -2.048006  1.249122  0.861438 -2.117366  0.479118  0.431582 -2.526762 -1.539892 -0.799805 -1.265449  0.063447  1.152125
 32 E  32  0.421098 -1.075469 -0.348198 -0.539725 -1.688202 -0.532942 -0.363713  0.221432 -1.245556 -1.937726 -1.866886 -0.779288 -1.321551 -2.025699 -1.440638  0.667574 -0.165714 -2.459870 -1.847238 -1.402016
 33 Y  33 -1.255044 -1.620784 -1.748488 -2.451333 -1.784004 -1.273995 -1.661436 -2.772158  0.098956  0.124770 -0.141003 -1.596079 -0.151714  0.416548 -2.549273 -1.501754 -1.240798 -0.842718  1.321844 -0.007190
 34 R  34 -1.318841  1.161436  2.417482  0.018123 -2.856781  0.319233  0.124166 -0.564987  0.506927 -2.878419 -2.598809  0.427548 -1.643806 -2.737519 -1.811974  0.086722 -0.655663 -3.215755 -1.784140 -2.727327
 35 A  35  0.817082 -1.104785 -0.585502 -0.626728 -1.812564 -0.545657 -0.276553  0.529869 -1.424468 -2.209459 -2.196394 -0.789931 -1.580618 -2.482110 -0.479465  0.419444 -0.638090 -2.772509 -2.173950 -1.454948
 36 D  36 -1.389499 -0.972971  1.277913  2.957953 -2.764898  0.217329  1.313708 -0.916524 -0.309761 -2.725809 -3.124416 -0.409617 -2.201447 -2.652105 -1.244977  0.234862 -0.590828 -3.377850 -2.186896 -2.507699
 37 E  37 -0.649587  0.021619 -0.249302  0.311306 -2.704013  0.954008  1.692332 -1.703753 -0.630497 -2.087701 -1.998087  0.474521 -1.174342 -2.435526 -1.283127 -0.070267 -0.401964 -2.721632 -1.723707 -1.410878
 38 R  38 -0.577816  0.957651 -0.794370 -1.536893 -2.303296  0.163405 -0.301391 -2.020114 -0.805617 -1.706688 -1.327568  0.402223 -0.706863 -2.317935 -0.677619 -0.603127 -0.602720 -2.778483 -1.600461 -1.352143
 39 F  39 -1.512089 -2.317881 -2.566918 -2.919353 -1.620894 -2.081807 -2.496179 -2.942639 -1.059486  0.259108  0.375468 -2.301311  0.543068  3.112520 -3.187240 -1.753191 -1.460540  0.127426  1.752182 -0.264844
 40 A  40 -0.275624 -1.455760 -1.553638 -1.301608 -2.055706 -0.768910 -0.888685 -1.766621 -1.274629 -1.765597 -1.837953 -0.947952 -1.233028 -2.282412  2.130410 -0.552784 -0.651723 -2.839179 -1.440988 -1.094285
 41 F  41  0.346849 -1.334874 -1.527787 -2.054891 -1.067459 -0.762862 -1.423746 -1.828832 -1.755467 -0.307182  0.070601 -1.111182  0.751737 -0.959627 -1.090393  0.069317 -0.080036 -2.055092 -1.166680 -0.077940
 42 C  42  2.266160 -1.261935 -1.855475 -2.029790  1.057922 -0.953305 -1.419757 -0.776748 -1.960377 -1.034253 -0.890564 -1.244968 -0.579303 -1.880826 -1.454250  0.364856 -0.338179 -2.521080 -1.807349 -0.344487
 43 S  43  0.953381 -1.013471  0.942716 -0.019463 -1.033850 -0.055875 -0.049462  0.102253 -1.020120 -2.008967 -2.012173 -0.059082 -1.037231 -1.998270 -1.010264  3.809674  0.934335 -2.935486 -1.998270 -1.978557
 44 T  44 -0.166645 -1.693912 -1.327055 -1.995495 -0.886326 -1.408582 -1.628509 -2.520903 -2.350948  0.599071  0.372266 -1.452797  0.189272 -1.292731 -1.658563 -0.260709  2.107806 -2.267872 -1.533290  1.087132
 45 F  45 -0.917899 -2.272999 -2.153845 -2.508722 -1.358108 -2.006344 -2.224105 -2.757793 -1.503651  1.028900  0.351407 -2.162983  0.324603  1.246753 -2.719025 -1.172455 -0.778107 -1.352140  0.486012  0.654237
 46 K  46 -0.940722  1.984212 -0.014847 -1.010527 -2.933316  0.970155  0.949781 -1.959011 -0.984241 -2.943521 -1.967543  4.814458 -0.988197 -2.955399 -1.005544  0.003462 -0.956489 -2.964090 -1.977907 -1.971499
 47 A  47 -0.157523 -2.207770 -2.480687 -2.891048 -1.013939 -1.888429 -2.214119 -2.796504 -2.543037  1.498235  1.346770 -1.910369  0.754973 -0.310495 -2.213168 -1.280164 -0.124854 -2.187640 -0.909334  1.531847
 48 P  48 -0.702396 -1.821370 -2.106575 -2.265609 -1.748777 -1.297674 -1.755936 -2.403106 -1.503452 -0.692107 -0.293351 -1.488216  0.004454 -0.919131  0.464280 -1.094610 -0.962117 -1.957251 -0.857133 -0.546691
 49 L  49 -0.046141 -2.154058 -2.449063 -2.836369 -0.934456 -1.857445 -2.191751 -2.922317 -2.551709  1.846799  1.460426 -1.955125  0.758316 -0.625543 -2.295086 -1.257619 -0.313874 -2.499183 -1.062462  1.724811
 50 V  50  1.196686 -1.562505 -2.143343 -2.623394 -0.053488 -1.308824 -1.858827 -1.735776 -2.263047  0.225947  0.647024 -1.442619  0.562033 -1.114564 -1.874122 -0.335871 -0.421529 -2.353634 -1.433451  0.485878
 51 A  51  0.695304 -1.714250 -1.994103 -2.459055 -0.956707 -1.450169 -1.831889 -1.301522 -1.952391  0.128835  0.256570 -1.597723  0.102366 -0.904812 -1.999653 -0.604440 -0.639343 -2.086984 -0.983690  0.369017
 52 A  52  1.279222 -1.100215 -1.426973 -1.612538 -0.944242 -0.724487 -0.679962 -1.174136 -1.406498 -0.858444 -0.879155 -0.881554 -0.720790 -1.421977 -1.506178  0.124293 -0.104601 -2.307761 -1.052016 -0.228336
 53 V  53  0.022908 -2.232597 -2.485068 -2.732232 -1.003015 -1.773691 -2.008420 -2.615876 -2.373173  1.431677  0.912473 -1.837454  0.614865 -0.355665 -2.192364 -1.284075 -0.232025 -2.131914 -0.725079  1.700461
 54 L  54 -0.949740 -1.901090 -2.562925 -3.315708 -1.038274 -1.625670 -2.464813 -3.344780 -1.900969  0.923022  2.116590 -1.892621  1.152227  0.693019 -2.832023 -1.642822 -1.104005 -1.228864  0.248010  0.318642
 55 H  55 -0.549230  0.464953  0.015439  0.298473 -2.475702  0.703226  1.028489 -1.495919 -0.219421 -2.360905 -2.159160  0.605381 -1.320321 -2.438023 -1.350295  0.018781 -0.708701 -2.833707 -1.667920 -1.914187
 56 Q  56 -0.565583  0.852059 -0.215160 -0.326823 -2.551323  1.450184  0.942863 -1.592498 -0.510487 -2.370007 -1.828723  0.936642 -0.785013 -2.424121 -1.351439 -0.160267 -0.842725 -2.500734 -1.499444 -1.800654
 57 N  57  0.070202 -1.696932 -1.765176 -2.200885 -1.143000 -1.228217 -1.476347 -2.241708 -1.807366  0.844476  0.251053 -1.352569  0.279100 -0.970779 -1.950471 -0.814603 -0.339808 -2.487504 -0.940975  1.159698
 58 P  58 -0.805760 -0.774199  0.405544  1.715905 -2.684420  0.298745  1.171758 -0.558196 -0.606656 -2.694068 -2.874549 -0.158285 -1.965371 -2.651267 -0.935961  0.230586 -0.746951 -3.058471 -2.127548 -2.220425
 59 L  59 -0.139649  0.414854 -0.248503 -0.526213 -2.188132  0.710117  0.615690 -1.417414 -0.706890 -2.078293 -1.683861  0.805418 -0.957189 -2.357336 -1.019530  0.093096 -0.495769 -2.657533 -1.638655 -1.492279
 60 T  60 -0.247074 -1.432514 -0.128368 -0.634028 -2.494992 -1.159076 -0.960659  2.576671 -1.574072 -2.639216 -2.615456 -1.258937 -1.960435 -2.424741 -1.754478 -0.125098 -1.355078 -2.250036 -2.332441 -1.998413
 61 H  61 -0.705081  0.452804  0.038790 -0.172214 -2.387835  0.498644  0.585662 -1.422746 -0.534414 -2.193357 -1.845397  0.891953 -1.083665 -2.269193 -1.082259  0.126414 -0.517568 -2.647389 -1.629952 -1.787964
 62 L  62 -0.956544 -1.901901 -2.730300 -3.527461 -1.020301 -1.812168 -2.658551 -3.563460 -2.648730  1.621848  3.098767 -1.883367  1.684241  0.042717 -2.714374 -1.783622 -0.953408 -1.570139 -0.808433  0.823215
 63 D  63 -1.132480 -1.121052  1.204243  2.944729 -2.486701  0.160834  1.213147 -0.750076 -0.642333 -2.548204 -2.979732 -0.462167 -2.097809 -2.591625 -1.070609  0.539361 -0.345472 -3.292810 -2.294050 -2.334914
 64 K  64 -0.835039  0.154379 -0.189892  0.412476 -2.561525  1.018374  1.163171 -1.687474 -0.668094 -2.249957 -1.909626  0.421237 -1.095175 -2.399505 -0.963124 -0.102926 -0.492865 -2.520124 -1.698387 -1.769378
 65 L  65 -0.584350  0.593338 -0.410760 -1.199207 -2.075820  0.083542 -0.225272 -1.772771 -0.960477 -1.558935 -1.251860  0.512385 -0.583061 -2.168300 -0.986266 -0.278156 -0.126353 -2.578366 -1.649579 -1.138713
 66 I  66 -0.551578 -2.128149 -2.277421 -2.421427 -1.171630 -1.695893 -1.811247 -3.000043 -2.312866  1.919025  1.216324 -1.788159  0.761455 -0.567254 -2.240462 -1.455619 -0.517436 -2.464349 -0.937143  1.827902
 67 T  67 -0.465587 -0.437628 -0.577767 -1.033107 -1.863732 -0.295567 -0.306006 -1.896678 -0.816569 -1.314836 -1.234842 -0.242542 -0.754680 -1.855256 -0.674548 -0.082731  0.594551 -2.411017 -1.371291 -0.793068
 68 Y  68 -0.966979 -2.244685 -2.480792 -2.926524 -1.279480 -1.769650 -2.249680 -3.116812 -1.365265  1.446113  0.942920 -2.067487  0.552521  0.745698 -2.587230 -1.783035 -1.020717 -1.063993  1.240112  1.263456
 69 T  69 -0.353454  0.046475  0.191994 -0.373827 -2.033296 -0.014404  0.111715 -1.081909 -0.925103 -2.049051 -1.867980  0.299734 -1.213992 -2.349874 -0.898040  0.535243  0.747769 -2.599399 -1.884764 -1.478461
 70 S  70 -0.113119  0.015980 -0.526183 -0.444198 -2.229026  0.390318  0.570457 -1.359672 -1.029900 -2.046073 -1.826255  0.688187 -1.092466 -2.483040 -0.343410  0.075474 -0.551510 -2.797336 -1.841828 -1.381809
 71 D  71 -0.021571 -0.475357  0.132784  0.792916 -2.102395  0.256017  0.939292 -0.805667 -0.725759 -2.192332 -2.258089  0.122567 -1.509302 -2.301489 -1.119746  0.673414 -0.382662 -2.873967 -1.851744 -1.711278
 72 D  72 -1.142056 -0.996375  0.210335  2.348958 -2.431357  0.072710  0.994941 -1.252802 -0.746754 -2.173972 -2.540658 -0.435965 -1.739625 -2.270314 -1.145089 -0.147684 -0.833924 -3.054564 -2.007799 -1.970272
 73 I  73 -0.726182 -1.247503 -1.888496 -2.491995 -1.402724 -1.264301 -1.715532 -2.636251 -1.768831  0.422282  0.731921 -1.130317  0.399984 -0.643955 -1.963568 -1.178904 -0.528575 -1.572645 -0.693844  0.304995
 74 R  74 -0.349316 -1.429064 -1.358286 -1.318755 -1.618457 -0.830280 -0.673652 -2.026296 -1.708854  0.213946 -0.326061 -0.969544 -0.151897 -1.465144 -1.521799 -0.833031 -0.299154 -2.612464 -1.249467  0.688952
 75 S  75 -0.310716 -1.237296 -0.175395 -0.189150 -2.148413 -0.717261 -0.408826  0.258021 -1.283032 -2.212809 -2.293801 -0.864678 -1.594228 -2.180018 -0.536835  0.194413 -0.214153 -2.398477 -1.927209 -1.613591
 76 I  76 -0.861251 -1.581659 -0.631607 -1.308224 -2.215438 -1.071578 -1.254541  0.553610 -0.204932 -2.251573 -2.224449 -1.478797 -1.622885 -0.912632 -1.711466 -0.578965 -1.310600 -0.514066  0.221237 -1.837133
 77 S  77  0.800228 -1.042036  0.185499 -0.536268 -1.168428 -0.487554 -0.550694  0.502128 -1.194817 -1.941660 -1.924973 -0.599906 -1.232773 -1.933442 -1.232152  1.775051  0.285822 -2.378721 -1.817382 -1.547420
 78 P  78 -0.427691 -1.667163 -0.786323 -0.792720 -2.508459 -1.147421 -1.108467  0.919040 -1.675323 -2.768031 -2.811724 -1.128599 -1.971650 -2.968972  1.938775 -0.208986 -1.046451 -2.830946 -2.526639 -1.996295
 79 V  79 -0.409138 -1.980274 -2.137877 -2.446850 -1.030921 -1.697994 -1.908750 -2.641738 -2.341440  1.632163  0.994616 -1.706238  0.690073 -0.688724 -2.140624 -1.263344 -0.349051 -2.392695 -1.087253  1.622136
 80 A  80  0.094054 -0.795547 -1.006014 -1.808727 -1.051890 -0.803337 -1.252648 -1.855563 -1.670031 -0.363031 -0.008342 -0.884363  0.103631 -1.292315 -1.545493  0.051785  0.845160 -2.076889 -1.397749 -0.139023
 81 Q  81 -0.753389 -0.242749 -0.360834 -0.168157 -2.505216  0.629375  0.859602 -1.147763 -0.461206 -2.311693 -2.051740  0.277138 -1.176657 -1.656280 -1.429448 -0.108738 -0.861180 -1.655068 -0.984929 -1.792631
 82 Q  82 -0.739041 -0.073390 -0.802657 -1.236585 -1.891611 -0.018675 -0.312027 -2.007499 -1.101191 -1.203009 -0.773013  0.471726 -0.267371 -1.466626 -1.518361 -0.484679 -0.682300 -2.180652 -1.159182 -0.937576
 83 H  83 -0.894485 -0.268306 -0.347474 -1.178857 -2.139701 -0.281310 -0.474968 -1.682688  0.977357 -1.743864 -1.477062 -0.473248 -0.960226 -0.970068 -1.464023 -0.536395 -0.978712 -1.764545  0.087428 -1.607291
 84 V  84 -0.405816 -1.545808 -1.331236 -0.891246 -1.780154 -0.868889 -0.760181 -1.863800 -1.620736 -0.593752 -0.938718 -0.956207 -0.633211 -1.950716  0.100426 -0.664119 -0.522024 -2.914173 -1.693158 -0.158031
 85 Q  85 -0.255744 -1.280403  0.277964  0.054816 -2.508074 -0.838425 -0.575363  2.194912 -1.297697 -2.913979 -2.991279 -1.017226 -2.157199 -2.654232 -1.165301  0.111324 -1.120688 -2.492671 -2.398788 -2.231834
 86 T  86 -0.226399 -0.435065 -0.259719 -0.558810 -1.914204 -0.273153 -0.223288 -0.827283 -1.155774 -1.657386 -1.623294 -0.051801 -1.070813 -2.123192 -1.223820  0.205372  0.198163 -2.498126 -1.786092 -1.113220
 87 G  87 -0.398885 -0.452147 -0.004843 -0.350277 -2.273227 -0.019356  0.064221 -0.020612 -0.941485 -2.311360 -2.209383 -0.131393 -1.433431 -2.374383 -1.082023  0.220833 -0.194282 -2.383907 -1.830448 -1.647927
 88 M  88 -0.972844 -1.815997 -2.264116 -2.819169 -1.234400 -1.307785 -2.095254 -2.900755 -1.575646  0.903011  1.150153 -1.692654  1.467381  0.592790 -2.302645 -1.453169 -0.951813 -0.894790  0.394878  0.709790
 89 T  89  0.231531 -0.826622  0.049631 -0.676892 -1.263340 -0.506117 -0.545085 -1.198797 -1.491348 -1.576385 -1.521878 -0.427574 -1.053671 -2.140155 -0.227646  1.524574  2.335777 -2.476766 -1.979808 -0.968918
 90 I  90 -0.475632 -2.208848 -2.619611 -3.045899 -1.043546 -1.883240 -2.289012 -3.056383 -2.503620  1.903175  1.724528 -1.941077  0.976031 -0.341917 -2.406019 -1.653323 -0.586856 -2.054402 -0.731584  1.773164
 91 G  91 -0.147404  0.572350 -0.345213 -0.743674 -2.228871  0.183792  0.119856 -0.805224 -0.728312 -2.203330 -1.837750  0.362382 -1.154321 -2.188930 -1.525943  0.024516 -0.755810 -2.530268 -1.629517 -1.803381
 92 Q  92 -1.091285 -0.672529  0.251964  2.207425 -3.008665  1.049858  2.449391 -1.498355 -0.368810 -2.602877 -2.794648  0.034316 -1.844855 -2.564497 -1.104491  0.019567 -0.767705 -2.826021 -1.844804 -2.056230
 93 L  93 -0.533950 -1.925572 -2.694384 -3.467387 -0.900373 -1.796430 -2.573982 -3.398613 -2.702536  1.668817  2.847778 -1.852732  1.512698 -0.298771 -2.613403 -1.614887 -0.706504 -2.057555 -1.029657  1.106740
 94 C  94  0.372379 -2.026829 -2.498246 -2.901482  1.148831 -1.886995 -2.481404 -2.628491 -2.595062  0.778604  1.085408 -1.948859  0.541798 -0.970728 -2.346756 -0.863272 -0.606803 -2.346151 -1.442150  0.623686
 95 D  95 -0.496026 -0.102353 -0.222413 -0.232759 -2.261151  0.270710  0.599938 -1.663341 -0.479178 -1.887044 -1.788072  0.078740 -1.130265 -1.986951 -1.446244 -0.019687 -0.052556 -2.443979 -1.274574 -1.365664
 96 A  96  0.613852 -0.941385 -1.583499 -2.113645 -1.299435 -0.848120 -1.223193 -1.355821 -1.459768 -0.768689 -0.219103 -0.920805 -0.337252 -1.154167 -1.844190 -0.390030 -0.712976 -2.023863 -0.920944 -0.512421
 97 A  97  0.529380 -1.178261 -1.582761 -2.255681 -0.766105 -0.621504 -1.515036 -1.919077 -2.006207  0.190394  0.535053 -1.053225  1.824181 -0.960010 -1.591153  0.038830  0.211115 -1.945843 -1.451433  0.542949
 98 I  98 -0.657856 -2.362346 -2.628697 -2.970397 -0.995621 -2.056827 -2.479609 -3.353076 -2.713907  2.541583  1.849837 -2.209806  1.429264 -0.342075 -2.556865 -1.606757 -0.710885 -2.503175 -1.081207  2.115352
 99 R  99 -0.154439 -0.659293 -0.902850 -1.441759 -1.469340 -0.387022 -0.712689 -1.986608 -1.612764 -0.456919 -0.594271 -0.656186 -0.307961 -1.760520 -1.617606 -0.033679  0.724643 -2.524315 -1.584374 -0.069894
100 Y 100 -0.895096 -1.166560 -1.389220 -1.718491 -1.844555 -0.312939 -0.781375 -2.534322 -0.872708 -0.193401 -0.354876 -0.951466 -0.000570 -0.744174 -2.013418 -1.058856 -0.716153 -1.772719  0.032329  0.090015
101 S 101  0.915751 -0.991378  1.003066  0.039581 -1.046060 -0.011504 -0.005031  0.055236 -0.979008 -2.010270 -2.015017 -0.031358 -1.029373 -1.998313 -1.004900  3.813937  0.914852 -2.950979 -1.984646 -1.995291
102 D 102 -1.706283 -1.888687  0.907525  5.156811 -2.821590 -0.091779  1.674635 -0.628475 -1.010757 -2.938402 -3.805468 -0.972309 -2.833302 -2.901318 -1.017362  0.143054 -0.949019 -3.768702 -2.876106 -2.869919
103 G 103 -1.830561 -0.059715  5.500129  0.892150 -2.900252 -0.035083 -0.016538  0.083293  0.842392 -2.931659 -2.927254 -0.026513 -1.955591 -2.898865 -1.931903  0.977334 -0.037530 -3.819851 -1.951824 -2.891461
104 T 104 -0.098017 -1.242451 -0.210179 -0.615142 -1.325029 -0.881208 -0.696705 -1.608231 -1.672816 -0.876418 -1.091581 -1.014176 -0.922195 -1.855145 -1.274847  0.423050  2.037998 -2.481248 -1.806147 -0.276476
105 A 105  3.468940 -1.108324 -1.842144 -1.915455  0.171347 -1.076960 -1.115025  0.011146 -1.988613 -1.105528 -1.106961 -1.076960 -1.049285 -1.998876 -1.088177  0.930230 -0.006646 -2.871935 -2.001145 -0.191594
106 A 106  1.299588 -1.187404 -0.823682 -1.468606 -0.267009 -1.044082 -1.175953 -0.779409 -1.754781 -1.166630 -1.168543 -1.084764 -0.950487 -1.891363 -1.289193  0.801433  1.386891 -2.412568 -1.832019 -0.436102
107 N 107 -1.737736 -0.503324  3.874981  1.537293 -2.777384 -0.110796  0.249407 -0.486444  0.266547 -2.592975 -2.805524 -0.266502 -1.931716 -2.724624 -1.757454  0.568778 -0.230437 -3.700484 -2.006424 -2.539308
108 L 108 -0.384098 -1.576213 -2.223470 -2.744683 -1.173532 -1.291902 -1.880035 -2.856063 -2.313600  1.017359  1.410205 -1.383680  1.171081 -0.664162 -2.278020 -1.166910 -0.608425 -1.991232 -1.129678  0.851139
109 L 109 -0.840731 -2.125208 -2.875465 -3.646468 -0.801598 -1.984901 -2.813115 -3.718215 -2.876466  2.038673  3.137018 -2.039611  1.776708 -0.145501 -2.806063 -1.861077 -0.904012 -2.079930 -1.005589  1.325724
110 L 110 -0.687201 -2.170458 -2.610981 -3.047237 -1.081183 -2.004255 -2.508716 -3.103318 -2.402212  1.735186  1.832589 -2.133244  1.087278  0.317636 -2.696161 -1.559675 -0.950469 -1.840874 -0.581947  1.156630
111 A 111 -0.685201  0.536344  0.253819  0.718088 -2.614512  0.523900  1.081677 -1.165457 -0.486186 -2.583802 -2.453336  0.594951 -1.599806 -2.597697 -1.236881  0.017681 -0.631358 -2.901863 -1.957844 -2.148913
112 D 112 -0.718960  0.096971 -0.921159 -1.584282 -1.995451 -0.083082 -0.485682 -2.149247 -0.548582 -1.087395 -0.581109 -0.234303 -0.284920 -1.301602 -1.895437 -0.700879 -0.685841 -2.030842 -0.769056 -0.981466
113 L 113 -0.454902 -2.214827 -2.636002 -3.040655 -0.933780 -1.896631 -2.340454 -3.138331 -2.531141  1.974357  1.919951 -1.977112  1.097812 -0.174624 -2.444700 -1.598199 -0.640018 -2.175538 -0.763590  1.710939
114 G 114 -0.051410 -1.780383 -0.018442 -0.853871 -2.668751 -1.740577 -1.726260  5.022757 -1.761370 -3.502832 -3.507505 -1.756662 -2.621795 -2.676249 -1.696896 -0.012032 -1.722196 -1.847953 -2.658100 -2.635352
115 G 115 -0.115766 -1.367950 -0.053995 -0.562486 -1.990271 -1.248374 -1.209987  3.165785 -1.358492 -2.451879 -2.447413 -1.291358 -1.836209 -1.951393 -1.322718  0.039515 -1.178432 -1.561256 -1.966215 -1.889029
116 P 116 -0.537131 -1.016609 -0.952099 -0.637941 -1.639129 -0.521514 -0.466469 -1.031457 -0.924863 -1.469881 -1.467106 -0.572667 -0.993806 -1.742198  2.049353 -0.492350 -0.515326 -1.889319 -1.214304 -0.996478
117 G 117 -0.075991 -0.255502 -0.069535 -0.039587 -1.101001  0.119846  0.235355 -0.490936 -0.376158 -1.069020 -1.038536 -0.030413 -0.672868 -1.114899 -0.449623  0.159387 -0.216698 -1.339827 -0.764105 -0.785195
118 G 118  0.150787 -0.646849 -0.421243 -0.606821 -0.780149 -0.483189 -0.495789  0.106303 -0.796613 -0.554077 -0.686939 -0.547541 -0.484136 -0.856903 -0.705132 -0.063824 -0.124885 -1.075182 -0.808981 -0.240107
119 G 119 -0.199438 -0.925950 -0.791251 -0.997404 -0.685533 -0.781709 -0.872927 -0.814620 -0.877317 -0.025039 -0.041032 -0.805142 -0.087427 -0.129761 -0.943787 -0.427263 -0.236780 -0.937540 -0.375948  0.024773
120 T 120 -0.241233 -0.724058 -0.706115 -1.161235 -1.205756 -0.541294 -0.737890 -1.453830 -1.144491 -0.352647 -0.264258 -0.574133  0.013802 -1.021075 -1.169197 -0.377405 -0.114973 -1.724187 -1.015512 -0.157017
121 A 121  0.098790 -0.351390 -0.251729  0.618116 -1.991256  0.606790  1.077611 -0.901240 -0.850533 -1.998218 -1.952537  0.196293 -1.267084 -2.235734 -0.983642  0.261886 -0.471927 -2.577453 -1.766599 -1.390734
122 A 122  0.558547 -0.317568 -0.411184 -0.988824 -1.369632 -0.198424 -0.181844 -0.971468 -0.950796 -1.332594 -1.157864 -0.040055 -0.708506 -1.716551 -1.209572  0.309627 -0.085548 -2.197360 -1.351436 -0.818576
123 F 123 -0.495837 -1.952642 -2.161189 -2.346353 -0.998689 -1.514766 -1.811336 -2.641704 -2.097509  1.680938  1.128011 -1.660294  1.032559 -0.217031 -2.012247 -1.373434 -0.508871 -1.950912 -0.685786  1.678261
124 T 124 -0.783661 -0.091489  1.743933  0.008062 -2.016158  0.137613  0.038831 -0.955638 -0.267457 -1.940312 -1.818918 -0.021646 -1.183080 -2.193907 -1.318038  0.487312  0.694087 -2.592957 -1.574287 -1.556648
125 G 125  0.276180  0.048987 -0.336229 -0.456375 -1.716247  0.388235  0.283730 -0.950859 -0.769744 -1.783325 -1.546593  0.194844 -0.921002 -2.047878 -1.087931  0.255720 -0.355168 -2.449902 -1.567075 -1.264004
126 Y 126 -1.379372 -1.341831 -1.692682 -2.093241 -1.750639 -1.217488 -1.539821 -2.225481 -0.494452 -0.890747 -0.710179 -1.415491 -0.488707  1.258586 -2.566607 -1.304055 -1.059270  0.311873  1.447971 -1.025713
127 L 127  0.125830 -1.702759 -2.316304 -2.744332 -0.454585 -1.481539 -2.083105 -2.441037 -2.206450  0.767006  1.172564 -1.648400  0.872992 -0.396181 -2.157881 -0.963935 -0.673831 -1.812674 -0.936145  0.620617
128 R 128 -0.534361  1.837441 -0.134527 -1.015490 -2.431801  0.780799  0.327951 -1.538021 -0.176844 -2.382181 -1.822128  1.195555 -0.990703 -2.438330 -1.467883 -0.293626 -0.722194 -2.634086 -1.541275 -2.000194
129 S 129  0.092884 -0.090152  0.098899 -0.064789 -2.065316  0.350267  0.599045 -0.532781 -0.855912 -2.257826 -2.070726  0.250256 -1.276197 -2.376567 -1.204721  0.889206 -0.149254 -2.688926 -1.930159 -1.749291
130 L 130 -0.869389 -1.489330 -2.036659 -2.838763 -1.274962 -1.390653 -2.067004 -3.040115 -1.991459  1.004944  1.682453 -1.463924  1.050595 -0.406823 -2.481733 -1.350591 -0.809118 -1.700296 -0.814400  0.523749
131 G 131 -0.130629 -1.679329  0.045894 -0.805365 -2.803279 -1.588867 -1.602281  4.727024 -1.635148 -3.624048 -3.606802 -1.622895 -2.658552 -2.776011 -1.770602  0.011713 -1.705791 -1.997587 -2.633553 -2.741128
132 D 132 -1.028208 -1.879668 -1.348719 -0.398871 -1.519917 -1.180499 -1.075384 -2.158152 -1.654299 -0.246556 -0.241370 -1.592415 -0.162721 -0.621052 -2.067380 -0.955830 -0.978781 -2.083523 -0.971074 -0.491766
133 T 133 -0.402256 -0.088095  0.146935 -0.327138 -2.095343  0.132813  0.294642 -1.312563 -0.566457 -2.029192 -1.847891  0.381143 -1.184383 -2.249360 -0.924589  0.390000  0.341272 -2.607176 -1.612760 -1.460569
134 V 134 -0.574458 -0.921598  0.191223  0.073665 -2.069237 -0.315419 -0.042590 -0.878379 -0.722521 -1.528738 -1.848034 -0.553741 -1.210862 -2.049797 -1.464186  0.016164 -0.182354 -2.703593 -1.610391 -1.068298
135 S 135 -0.257351 -1.366447 -0.696792 -1.378390 -1.053070 -1.214714 -1.280229 -2.047201 -1.786336 -0.400549 -0.543789 -1.239245 -0.492405 -0.794558 -1.494585  0.383955  2.607382 -1.712633 -1.177491  0.040542
136 R 136 -0.619981  1.341813 -0.117014 -1.173892 -2.213265  0.412657 -0.043277 -1.608748 -0.042734 -1.885272 -1.567580  0.584033 -0.788418 -2.062682 -1.595551 -0.372401 -0.603777 -2.501717 -1.285458 -1.598133
137 L 137 -0.608601 -2.017113 -2.424800 -2.864112 -1.053631 -1.761216 -2.237804 -2.961242 -2.261724  1.462373  1.744398 -1.836421  1.027381 -0.028678 -2.169764 -1.441610 -0.753505 -1.895821 -0.682610  1.094310
138 D 138 -0.863369 -0.573739  0.372435  1.136261 -2.315581  0.142480  0.595973 -0.938478 -0.648402 -1.981906 -2.191534 -0.335227 -1.463170 -2.275523 -1.271657 -0.089171 -0.597891 -2.844504 -1.810812 -1.660914
139 A 139 -0.664976  1.969918  0.210544 -1.162725 -2.269818  0.274726 -0.162712 -1.219635  0.055215 -2.316243 -1.837009  0.665362 -1.074946 -2.168207 -1.414769 -0.357891 -0.668311 -2.367627 -1.367283 -2.159440
140 E 140 -0.911750 -0.686223 -0.796293 -1.335893 -1.833064 -0.592075 -0.815196 -1.446421 -0.921848 -1.410802 -1.160329 -0.438477 -0.719607 -1.087710 -1.253200 -0.591875 -0.389131 -0.774892 -0.603553 -1.144779
141 E 141 -0.675953 -0.677145 -0.707729 -0.317444 -2.213450  0.245637  1.052268 -1.828744 -0.830628 -1.175834 -0.998032 -0.214269 -0.432299 -1.589607 -1.208403 -0.320128 -0.511574 -2.178516 -1.314172 -0.771887
142 P 142 -0.540890 -0.835501 -1.084391 -1.069497 -1.968813 -0.466471 -0.629857 -1.348747 -1.266716 -1.594110 -1.363263 -0.610863 -0.572470 -2.052788  0.934585 -0.516996 -0.528763 -2.355397 -1.692558 -1.103221
143 E 143 -0.729655 -0.910223 -0.318010  0.836029 -2.207844  0.018921  0.756350 -1.186491 -0.835477 -1.788646 -1.859514 -0.483900 -1.262679 -1.868029 -1.111039 -0.168782 -0.565638 -2.214344 -1.546701 -1.452814
144 L 144 -0.570728 -1.304534 -1.752858 -2.166838 -1.065755 -1.034578 -1.626162 -2.480993 -1.868452  0.444193  1.250507 -1.233338  0.991721 -0.422650 -1.793646 -0.900754 -0.581083 -1.730593 -0.915184  0.157031
145 N 145 -0.787935 -0.413096  1.800837 -0.042531 -2.077852 -0.120160 -0.038045 -0.559607  0.254309 -1.934603 -1.916590 -0.281411 -1.276871 -1.953622 -1.314230  0.362667 -0.276507 -2.661739 -1.281418 -1.697590
146 R 146  0.037475 -0.109713 -0.464591 -0.343116 -1.866010  0.225172  0.521209 -1.232473 -0.762987 -1.720619 -1.559641  0.029519 -1.025558 -1.937716 -0.787283  0.199703 -0.164462 -2.339098 -1.387396 -1.224356
147 D 147  0.639302 -1.020457 -0.635188 -0.582691 -1.204958 -0.696111 -0.559647 -0.656922 -1.336350 -1.150072 -1.295099 -0.758821 -0.986230 -1.612577 -1.214334  0.191600 -0.111612 -2.299554 -1.509610 -0.674817
148 P 148 -0.469656 -0.957467 -1.086158 -1.307604 -1.731030 -0.709065 -0.802350 -1.482020 -1.058862 -0.964732 -0.926312 -0.739467 -0.644481 -1.222467 -1.068096 -0.523618 -0.537551 -1.663584 -0.919080 -0.724451
149 P 149 -0.431373 -0.892063 -0.772222 -0.251003 -2.115249 -0.206871 -0.019177 -1.384013 -1.136615 -1.934750 -1.803584 -0.272006 -1.211224 -2.322457  0.976576 -0.251213 -0.639699 -2.639911 -1.734468 -1.408811
150 G 150 -0.268458 -1.140354 -0.246443 -0.662517 -2.162617 -0.981211 -0.913622  1.248484 -1.299999 -2.224214 -2.209726 -0.897763 -1.607853 -2.130320 -1.084241 -0.139615 -0.973000 -2.096377 -1.923558 -1.684469
151 D 151 -0.897817 -0.778071 -0.055968  1.045044 -2.180975 -0.048664  0.434799 -0.855103 -0.803577 -2.059294 -2.204672 -0.473856 -1.488521 -1.987261 -1.274551 -0.120193 -0.690217 -2.290037 -1.589023 -1.792565
152 E 152 -0.709406 -1.128462 -0.829181 -0.728788 -2.283116 -0.648499 -0.429267 -0.737149 -1.014567 -1.795692 -1.758551 -0.664268 -1.258621 -1.745699 -0.203166 -0.546963 -0.838739 -2.175254 -1.159644 -1.307063
153 R 153 -0.690988  1.114235 -0.085306 -0.803432 -2.128654  0.276330  0.060984 -1.522418 -0.485475 -1.876825 -1.463904  0.441076 -0.854804 -2.029033 -1.413071 -0.271645 -0.250759 -2.224964 -1.451059 -1.643448
154 D 154 -1.510782 -0.797164  2.898659  2.195970 -2.560154 -0.121102  0.508496 -0.370813  0.127156 -2.642784 -2.954315 -0.473931 -2.087342 -2.589844 -1.437348  0.597102 -0.231734 -3.425879 -2.046823 -2.564247
155 T 155 -0.499460 -0.990097 -0.858937 -1.587181 -1.465201 -0.694730 -1.037683 -1.898888 -1.135673 -1.010325 -0.899396 -0.912113 -0.623614 -1.009749 -1.656791 -0.090007  1.330323 -0.936609 -0.418701 -0.512638
156 T 156  0.485493 -1.226459 -0.313074 -1.127144 -0.926170 -0.997282 -1.032175 -1.225280 -1.848968 -0.910558 -1.016635 -1.004025 -0.839443 -1.781431 -1.239651  1.212192  2.702568 -2.317572 -1.872937 -0.281998
157 T 157  0.290609 -1.010943  0.223765 -0.699763 -0.854553 -0.678782 -0.694067 -1.341602 -1.622469 -1.336914 -1.332425 -0.693696 -0.980711 -1.968426 -1.056759  1.801277  3.243012 -2.330280 -1.940408 -0.713501
158 P 158  0.617038 -1.686155 -1.944180 -1.464578 -1.837438 -1.041381 -1.080361 -1.412902 -2.036365 -1.845262 -1.910326 -1.037346 -1.331968 -2.998808  3.376363 -0.327798 -0.519092 -3.486464 -2.465262 -0.930568
159 H 159 -0.270911  0.964977 -0.290009 -1.185208 -2.169823  0.115042 -0.106158 -1.549382 -0.524513 -1.898889 -1.455284  0.559925 -0.880480 -2.151854 -1.627180 -0.226658 -0.652849 -2.709988 -1.474445 -1.587885
160 A 160  0.560214 -1.236515 -0.351706  1.603677 -1.889329 -0.161390  0.873108 -0.495679 -1.285476 -2.138440 -2.480868 -0.720143 -1.838203 -2.510707 -1.069813  0.466424 -0.520246 -3.251715 -2.363332 -1.580538
161 I 161 -0.437514 -1.533607 -2.196022 -2.824713 -0.748895 -0.902454 -2.002032 -2.835347 -2.089104  0.878819  1.440623 -1.467289  2.141267 -0.274929 -2.222442 -1.034281 -0.733129 -1.609492 -0.817657  0.772126
162 A 162  1.543140 -1.494572 -1.429205 -1.874406 -0.917919 -1.248325 -1.345715 -0.236586 -1.982205 -0.630376 -0.836252 -1.302647 -0.695281 -1.742957 -1.531299  0.203570 -0.003656 -2.635684 -1.771244  0.080935
163 L 163 -0.414204  0.450272 -0.203286 -0.896498 -2.178442  0.240216 -0.024022 -1.483113 -0.812190 -1.814406 -1.435652  0.404112 -0.804076 -2.166592 -1.570083 -0.065919 -0.221438 -2.638346 -1.646412 -1.404821
164 V 164 -0.630882 -1.867629 -1.781900 -2.365838 -1.201176 -1.582483 -2.004773 -2.686671 -2.169104  0.704050  1.239820 -1.702385  0.602202 -0.384311 -2.342115 -0.878928 -0.091778 -2.006613 -0.931098  0.411913
165 L 165 -0.965255 -2.000207 -2.747080 -3.533923 -1.097323 -1.806535 -2.686713 -3.479542 -2.364414  1.429820  2.629728 -1.970974  1.675544  0.451543 -2.834104 -1.755214 -1.035573 -1.324923 -0.334850  0.757751
166 Q 166 -0.280171  0.843513 -0.147558 -0.641884 -2.380693  0.793798  0.712123 -1.401889 -0.551918 -2.232590 -1.853412  0.703770 -1.049280 -2.454894 -1.432405 -0.034797 -0.472494 -2.689252 -1.655460 -1.661200
167 Q 167  0.160255  0.448952 -0.584971 -1.347742 -1.870550  0.081381 -0.189823 -1.510872 -0.939903 -1.622575 -1.108193  0.594153 -0.629154 -2.110765 -1.521158 -0.069374 -0.464392 -2.647227 -1.614954 -1.167239
168 L 168 -0.764762 -2.324222 -2.839351 -3.356026 -1.013370 -2.176355 -2.703605 -3.536440 -2.622094  2.196383  2.436606 -2.216878  1.324627  0.272520 -2.795539 -1.804149 -0.884435 -2.057410 -0.602306  1.567309
169 V 169 -0.699537 -1.557110 -1.667581 -2.117850 -1.507675 -1.093461 -1.454496 -2.270180 -0.851092 -0.441427 -0.354801 -1.459212 -0.307745 -0.124024 -2.268127 -1.043073 -0.680457 -0.582482  0.634566 -0.327493
170 L 170 -0.767557 -0.097627 -0.337162 -1.056815 -2.004309  0.019780 -0.297626 -2.009794 -0.970602 -1.320605 -0.786015 -0.066407 -0.510282 -1.666963 -1.756288 -0.343424 -0.253977 -2.376228 -1.256415 -1.136137
171 G 171 -0.494667 -1.170003  0.232758 -0.181305 -2.641138 -0.844100 -0.688167  2.340573 -1.044956 -3.185040 -3.160853 -0.989011 -2.246910 -2.546755 -1.553855  0.014834 -1.390541 -2.364716 -2.192603 -2.533356
172 N 172 -0.845226 -0.135527  0.595670  0.864271 -2.665789  0.488048  1.127179 -1.082120 -0.548930 -2.591963 -2.529226  0.460218 -1.629425 -2.613700 -0.893692  0.279127 -0.444961 -2.996912 -1.971155 -2.080335
173 A 173  0.257524 -1.561902 -1.842215 -2.174080 -0.945318 -1.346744 -1.619800 -1.776048 -2.021296  0.166005  0.219783 -1.342000  0.037255 -1.082636 -1.728634 -0.719626 -0.414303 -2.253417 -1.248875  0.386394
174 L 174 -0.602918 -1.838152 -2.347449 -3.007636 -1.055184 -1.712815 -2.281328 -2.880629 -2.411405  1.325975  2.101541 -1.703799  1.080850 -0.229278 -2.461708 -1.463417 -0.797932 -1.938326 -0.912631  0.874184
175 P 175  0.033436 -0.745295  0.549769  0.004563 -1.761671 -0.194850 -0.093276 -0.239319 -0.595915 -2.214304 -2.205711 -0.242049 -1.398949 -2.267661 -0.557040  1.453644  0.233494 -2.783523 -1.864826 -1.856985
176 P 176 -0.272737 -0.734039 -0.799118 -0.424016 -2.284733 -0.119864  0.138292 -1.355525 -1.108473 -2.171044 -2.068232 -0.078257 -1.361209 -2.579643  1.113538 -0.122699 -0.583056 -2.915408 -1.869093 -1.496888
177 D 177 -0.077420 -0.378904 -0.369424  0.175060 -2.265576  0.324427  0.959663 -1.191601 -0.873959 -2.136881 -2.084206  0.095317 -1.380541 -2.358124 -0.642728  0.265805 -0.363881 -2.722627 -1.785858 -1.517733
178 K 178  0.069984 -0.791444 -0.175706 -0.651679 -1.632827 -0.004334 -0.191099 -0.999190 -0.647531 -1.599117 -1.497971 -0.315176 -0.836315 -1.586005 -1.359895  0.901280 -0.180764 -2.207733 -1.020984 -1.294858
179 R 179 -0.423044  1.077543 -0.228997 -1.128141 -1.250845  0.116811 -0.413752 -1.489438 -0.676416 -2.167882 -1.759225  0.381176 -1.051696 -2.170634 -1.619489  0.035380 -0.110717 -2.380883 -1.450955 -1.879052
180 A 180  0.301923 -0.306900 -0.289850  0.249682 -2.010473  0.457565  0.781615 -0.908749 -0.918240 -2.061195 -2.001162  0.023846 -1.296911 -2.393483 -1.132878  0.347390 -0.367830 -2.795464 -1.883973 -1.429921
181 L 181 -0.887800 -0.141421 -1.103353 -1.366124 -2.192800  0.448162 -0.183245 -2.337706 -0.848035 -1.189802 -0.647445 -0.159002 -0.124217 -1.088704 -1.806954 -0.748696 -0.845709 -1.809309 -0.685518 -1.000034
182 L 182 -0.669114 -1.917146 -2.613513 -3.258082 -1.019598 -1.639365 -2.460769 -3.279221 -2.482337  1.607152  2.406089 -1.828715  1.885905  0.101039 -2.510808 -1.535478 -0.893698 -1.807412 -0.762553  1.110585
183 T 183 -0.836191 -0.749748 -1.760351 -2.532017 -1.483612 -1.039020 -1.588120 -2.824049 -1.753685  0.202112  0.690216 -0.857068  0.417661 -0.829011 -2.281478 -1.191666 -0.481645 -1.760701 -0.849635  0.056188
184 D 184 -0.633893 -0.359785  0.515665  1.062680 -2.528374  0.317130  0.825318 -0.535709 -0.744521 -2.575095 -2.607987  0.039073 -1.735217 -2.596704 -1.279722  0.312090 -0.435315 -2.937479 -2.095345 -2.082457
185 W 185 -1.320898 -2.300655 -2.658371 -2.956087 -1.375863 -1.812037 -2.357032 -2.654828 -1.948006  0.155826  0.230947 -2.207886  0.168810  0.229247 -2.825423 -1.776643 -0.922958  1.784142  0.346998 -0.044606
186 M 186 -0.930952 -1.338278 -2.059858 -2.969313 -1.110162 -0.870873 -2.114112 -3.033080 -2.114372  0.975172  2.196856 -1.294452  2.762571 -0.097825 -2.205136 -1.230709 -0.867762 -1.457234 -0.890886  0.614857
187 A 187 -0.385398 -0.319546 -0.944803 -1.540410 -1.763987 -0.368026 -0.569291 -1.730798 -1.378614 -0.941697 -0.569765  0.059355 -0.320023 -1.540049 -1.648399 -0.288188 -0.416127 -2.260783 -1.345053 -0.685849
188 R 188 -0.148972  0.187781  0.189708 -0.338540 -2.243004  0.070256  0.111610 -0.197067 -0.608812 -2.415339 -2.199811  0.017261 -1.430949 -2.409279 -1.486523  0.136821 -0.666019 -2.654722 -1.846499 -1.930904
189 N 189 -0.711834 -0.529727  1.585771 -0.155605 -1.417033  0.217240 -0.256919 -0.928991 -0.586192 -1.937382 -1.849055 -0.341277 -1.088313 -2.352578 -1.450079  0.662210  0.532161 -2.760646 -1.730110 -1.546206
190 T 190 -0.496775  0.252616 -0.203298 -0.680959 -2.215893  1.094040  0.457548 -1.688721 -0.807082 -1.860077 -1.533174  0.530080 -0.669139 -2.309878 -1.112874  0.095631  0.162771 -2.415865 -1.468561 -1.186416
191 T 191 -0.383363 -1.291282 -0.691468 -1.072489 -1.335116 -0.845785 -0.824397 -1.945578 -1.450513 -0.431948 -0.684851 -1.011813 -0.548134 -1.222721 -1.265150 -0.018859  1.543865 -1.947835 -1.101122  0.071257
192 G 192 -0.532722 -1.042746 -0.057349 -0.565476 -2.288365 -0.936379 -1.000547  1.225508 -1.045844 -2.569311 -2.487916 -1.118545 -1.732054 -1.548525 -1.885363 -0.021360 -1.073556 -1.757280 -1.459445 -2.214562
193 A 193 -0.646808 -0.278181  0.389916  0.273193 -2.314611 -0.024537  0.110687 -0.839993 -0.543549 -2.343647 -2.296741 -0.141517 -1.528780 -2.497198 -0.682674  0.063609 -0.329746 -2.852385 -1.875415 -1.902430
194 K 194 -0.575178 -0.195848  0.477786  0.131714 -2.227905  0.245904  0.390391 -1.030667 -0.266372 -2.216989 -2.121245  0.075154 -1.366189 -2.239152 -1.069668  0.224817 -0.272367 -2.623488 -1.497953 -1.766137
195 R 195 -0.771888  1.405220 -0.888462 -2.109684 -1.970965 -0.191824 -0.885638 -1.802755 -1.125266 -1.504798 -0.601945  0.522007 -0.291948 -1.862382 -1.994120 -0.849646 -0.895066 -2.150436 -1.533806 -1.510651
196 I 196 -0.878325 -2.270467 -2.505931 -3.050186 -1.130410 -2.156571 -2.572849 -3.462764 -2.606890  2.241825  2.185218 -2.206123  1.202974 -0.064880 -2.642604 -1.664973 -0.873308 -2.354261 -0.929581  1.526989
197 R 197 -0.390684  0.871756 -0.801886 -1.368107 -2.363462  0.002906 -0.343808 -1.515974 -1.049225 -2.233898 -1.833923  0.529713 -1.098005 -2.699096  0.306929 -0.435361 -0.648666 -2.914974 -2.010837 -1.728641
198 A 198  1.285455 -0.580286 -0.862529 -1.194672 -1.270554 -0.486955 -0.578089 -0.308158 -1.248605 -1.688292 -1.489415 -0.428389 -1.081693 -1.923929 -1.266676  0.643414 -0.331172 -2.565547 -1.634891 -1.116305
199 G 199 -0.310899 -1.456327 -0.595886 -1.335820 -2.255151 -1.207247 -1.436772  1.395534 -1.412997 -2.105678 -1.928781 -1.369011 -1.440786 -1.718373 -1.822413 -0.343668 -1.278238 -1.964414 -1.455286 -1.635404
200 F 200 -0.783896 -2.176626 -2.708367 -3.253835 -1.083327 -1.928922 -2.519984 -3.334913 -2.518179  1.635881  2.224023 -2.022824  1.245929  0.115623 -2.670699 -1.707430 -0.806066 -1.625286 -0.588204  1.151856
201 P 201 -0.752358 -1.567781 -1.440548 -0.843403 -2.585684 -0.807521 -0.786957 -1.385884 -1.677985 -2.618299 -2.600127 -0.831907 -1.740491 -3.315793  4.418683 -0.615509 -0.810639 -3.369154 -2.515307 -1.809054
202 A 202 -0.124987 -0.473991 -0.304812  0.385029 -2.223501  0.196879  0.721037 -1.035227 -0.952652 -2.265959 -2.225878  0.267188 -1.467779 -2.473390 -0.263037  0.293855 -0.485804 -2.902877 -1.953553 -1.650967
203 D 203 -0.483698 -1.231432  0.499070  0.616678 -2.584480 -0.710173 -0.239081  1.836553 -1.095890 -3.003036 -3.117364 -0.853778 -2.247094 -2.611209 -1.409565  0.322789 -0.990606 -2.606205 -2.339941 -2.428078
204 W 204 -0.625328 -2.183194 -2.464687 -2.690530 -1.206161 -1.613921 -1.965185 -2.043004 -2.079320 -0.319537 -0.514570 -1.911965 -0.273951 -0.435493 -2.376603 -1.303510 -0.267703  1.579602 -0.156230  0.039891
205 K 205 -0.553912  0.070910 -0.753415 -1.308762 -2.034777 -0.096745 -0.321258 -1.975508 -1.185754 -1.195704 -1.115020  0.311753 -0.557289 -1.963474 -1.228324 -0.389942 -0.044862 -2.465275 -1.513363 -0.702189
206 V 206 -0.424659 -2.640599 -2.584084 -2.602986 -1.048647 -2.028025 -2.106274 -2.916083 -2.544985  2.116527  0.875918 -2.111313  0.659861 -0.385923 -2.311877 -1.574601 -0.351078 -2.293795 -0.745540  2.325095
207 I 207  1.884110 -1.365906 -1.387187 -1.720403 -1.095419 -1.188810 -1.251458  0.884426 -1.635454 -1.620010 -1.611248 -1.313042 -1.309559 -1.746678 -1.509049  0.385811 -0.646377 -2.175105 -1.568473 -0.857015
208 D 208 -1.419250 -0.866288  1.233865  0.945456 -2.582084 -0.215829  0.193140 -0.897764  2.095016 -2.525370 -2.743793 -0.885267 -1.903869 -1.987301 -1.677446 -0.073712 -1.017369 -2.868102 -0.843338 -2.436704
209 K 209 -0.961774  2.037977 -0.006500 -1.042669 -2.937343  0.952488  0.907415 -1.971724 -0.961453 -2.918772 -1.945410  4.686934 -0.974076 -2.944103 -1.055022 -0.015225 -0.964698 -2.976354 -1.977921 -1.994983
210 T 210 -0.049201 -1.096382  0.045012 -0.961297 -1.117426 -0.909643 -0.932737 -1.696101 -1.626721 -1.009010 -1.107804 -0.962543 -0.951760 -1.821371 -1.125729  1.004225  3.363686 -2.190095 -1.706074 -0.317075
211 G 211  0.008714 -1.932973 -0.000787 -0.988008 -2.940820 -1.940468 -1.940468  5.806345 -1.960417 -3.916373 -3.908879 -1.910491 -2.929152 -2.952028 -1.958383  0.007887 -1.940832 -1.987507 -2.943070 -2.931686
212 T 212 -0.068380 -1.042198 -0.188741 -0.377314 -1.609030 -0.421013 -0.119242 -1.028903 -0.997803 -1.796693 -1.760848 -0.742617 -1.221720 -1.642280 -1.371263  0.779304  1.073924 -1.433755 -1.322271 -1.283105
213 G 213 -0.461505 -1.842726 -1.068226 -1.726634 -1.681369 -1.661476 -1.883885  0.170914 -1.968205 -0.808500 -0.676809 -1.743426 -0.728805 -1.314603 -2.148313 -0.600006 -0.769945 -1.983348 -1.546141 -0.671116
214 D 214 -0.451807 -1.095049  0.048343  0.962592 -2.189434 -0.116781  0.340623 -0.204116 -1.109524 -2.160454 -2.318555 -0.589683 -1.552410 -2.349441 -0.729963  0.280556 -0.608855 -2.774046 -2.082196 -1.743300
215 Y 215 -0.900111 -0.440725 -0.418620 -1.159205 -1.776109 -0.313882 -0.516032 -1.720787  0.045279 -1.235667 -1.138876 -0.513252 -0.815728 -0.623771 -1.625038 -0.519900 -0.328385 -1.239742  0.475897 -1.023068
216 G 216  0.311028 -1.174471 -0.036596 -0.391454 -1.860186 -0.945959 -0.867876  1.984860 -1.278049 -2.407469 -2.432133 -1.094765 -1.759423 -2.174103 -1.368110  0.240502 -0.906205 -1.989390 -2.033089 -1.810235
217 R 217  0.094308 -1.360093 -1.272459 -1.860880 -1.159081 -1.148954 -1.328576 -1.591637 -1.793511 -0.083810 -0.314702 -1.150466 -0.265774 -1.223649 -1.763405 -0.196945  0.401729 -2.247135 -1.195068  0.286505
218 A 218 -0.402434  0.597146 -0.661802 -1.356678 -1.975614  0.065702 -0.228594 -1.910233 -0.547616 -1.517840 -1.271560  0.074492 -0.746799 -1.682798 -1.701401 -0.429140 -0.249005 -2.263674 -0.895107 -1.153401
219 N 219 -1.209033 -0.522592  2.661298 -0.158847 -1.869978 -0.438727 -0.500101 -0.280356  1.748777 -2.592678 -2.603721 -0.693221 -1.762116 -2.205888 -1.879494  0.375454 -0.533540 -2.927241 -1.064725 -2.443350
220 D 220 -1.566835 -1.746978  0.420139  4.063291 -2.719839 -0.086216  1.576297 -1.297090 -1.012667 -2.294004 -3.012842 -0.910033 -2.267512 -2.439938 -1.209982 -0.068701 -0.901495 -3.500753 -2.453525 -2.267166
221 I 221  0.577805 -2.284176 -2.344461 -2.509875 -0.717083 -1.862185 -1.938696 -2.128429 -2.549299  1.606288  0.452682 -1.888670  0.314526 -1.052995 -1.957511 -0.927242 -0.104245 -2.758392 -1.305988  2.020122
222 A 222  1.694744 -1.538856 -0.884135 -1.431534 -1.617963 -1.498716 -1.502743  3.041339 -1.972824 -2.502970 -2.515467 -1.505091 -1.972366 -2.472443 -1.538959  0.466585 -1.016517 -2.434419 -2.480011 -1.549553
223 V 223 -0.622877 -2.525404 -2.680442 -2.938694 -1.074759 -2.233100 -2.449747 -3.306121 -2.504389  2.519371  1.492391 -2.283661  0.926202 -0.061050 -2.586122 -1.657453 -0.648402 -2.383703 -0.651000  2.217387
224 V 224 -0.092608 -2.585106 -2.803809 -2.948871 -0.941720 -2.142271 -2.287114 -3.005926 -2.708534  2.427716  1.316158 -2.156600  0.854910 -0.321795 -2.349180 -1.607029 -0.457020 -2.552970 -0.862368  2.531699
225 W 225 -1.497881 -1.324079 -1.551743 -1.727177 -2.079889 -0.699444 -0.933897 -2.030932 -0.637663 -1.684944 -1.381453 -1.235279 -0.841606  0.075397 -2.437560 -1.171613 -0.807458  1.398490  0.894060 -1.507961
226 S 226 -0.277161 -1.141899 -1.271506 -1.667075 -1.678747 -0.943146 -1.243874 -1.661135 -1.390255 -1.119174 -0.775915 -0.966094 -0.580032 -1.685040  0.219847 -0.438020 -0.303127 -2.425061 -1.379753 -0.812513
227 P 227 -0.709284 -0.922103 -0.852702 -0.110906 -2.533983 -0.165214  0.112708 -1.463925 -1.226355 -2.488484 -2.435017 -0.069677 -1.585272 -2.987156  2.696872 -0.343051 -0.702080 -3.154265 -2.248088 -1.758018
228 T 228 -0.914398 -0.936748  1.222567  1.370013 -2.443335 -0.282259  0.247206  0.453699 -0.493844 -2.637627 -2.842273 -0.524192 -2.011773 -2.409893 -1.306639  0.327628 -0.600394 -2.765795 -1.984000 -2.280882
229 G 229 -0.351787 -0.129897  0.216451 -0.680924 -2.532749 -0.519375 -0.612106  2.063992 -0.907315 -3.030946 -2.806421 -0.318911 -1.913559 -2.574132 -1.537411 -0.050087 -1.240468 -2.215494 -2.144731 -2.398272
230 V 230 -0.012155  0.613821 -0.230435 -0.784913 -2.056734  0.322921  0.182411 -1.055859 -0.560210 -2.105477 -1.799374  0.559536 -1.029578 -2.324375 -0.976580  0.175503 -0.329345 -2.624910 -1.675606 -1.573406
231 P 231 -0.699613 -0.325698 -0.934282 -0.646919 -2.381180 -0.345115 -0.372670 -1.635026 -0.955699 -2.390260 -2.278626 -0.258047 -1.481202 -2.816257  2.094129 -0.511829 -0.668514 -3.052783 -2.060906 -1.843567
232 Y 232 -1.220706 -2.182633 -2.453632 -2.996094 -1.419473 -1.773491 -2.322206 -3.099451 -0.825692  0.791809  0.630345 -2.117743  0.220536  1.536257 -2.837398 -1.814016 -1.293223 -0.376966  2.200905  0.484851
233 V 233  0.320510 -2.266521 -2.420156 -2.598625 -0.868598 -1.867381 -1.989442 -2.542423 -2.436622  1.726604  0.808407 -1.906773  0.459762 -0.632710 -2.113840 -1.041864 -0.229131 -2.570126 -0.954810  1.914034
234 V 234 -0.405304 -2.375561 -2.750995 -3.114492 -0.937012 -2.094679 -2.482086 -3.165883 -2.615043  2.194558  1.843812 -2.148878  1.108880 -0.101257 -2.541899 -1.624691 -0.735382 -2.284663 -0.752697  1.897205
235 A 235  1.913739 -1.607842 -1.699565 -1.940532 -0.059858 -1.257016 -1.324053 -0.930510 -2.128418 -0.191357 -0.650022 -1.261900 -0.533899 -1.703278 -1.398417  0.455331  0.357070 -2.768815 -1.705005  0.570303
236 V 236 -0.043894 -2.573513 -2.690891 -2.806858 -0.893474 -2.051325 -2.163411 -2.855198 -2.700271  2.443105  1.098897 -2.079794  0.840130 -0.570212 -2.193584 -1.545747 -0.287075 -2.653110 -0.980935  2.718324
237 M 237 -1.324396 -1.991595 -2.408887 -3.076968 -1.178377 -1.567574 -2.420519 -3.060489 -1.116816  0.459250  1.133059 -1.972671  1.133221  1.884621 -2.881212 -1.621269 -1.358334 -0.206034  1.611404 -0.020716
238 S 238  0.016091 -1.637076 -1.058636 -1.696183 -1.019456 -1.278605 -1.419364 -1.800195 -1.892577  0.074505 -0.199908 -1.335184 -0.201513 -1.055653 -1.658697  0.139498  1.346845 -2.142409 -1.199725  0.457158
239 D 239 -0.605128  0.112314  0.412306 -0.136984 -2.138120  0.214795  0.272975 -1.082349 -0.631686 -2.135630 -1.912919  0.413260 -1.177708 -2.159590 -1.302563  0.339526  0.313109 -2.410285 -1.580116 -1.633703
240 R 240 -0.614922 -0.243395  0.655559  0.209481 -2.315968  0.137392  0.164854  0.173865 -0.593819 -2.529962 -2.393114 -0.100838 -1.541082 -2.385634 -1.410898  0.245043 -0.674339 -2.471987 -1.831420 -2.089247
241 A 241  0.123222 -1.174991 -0.602904 -0.983139 -1.393675 -0.679651 -0.763288 -1.011062 -1.303476 -1.196528 -1.214149 -0.792343 -0.813794 -1.719915 -0.300745  0.419195  0.128218 -2.420657 -1.545203 -0.810640
242 G 242 -0.364358 -0.245925 -0.176794 -0.436597 -1.854852 -0.078764  0.011328 -0.902288 -0.680493 -1.681063 -1.557312  0.100348 -0.992113 -1.756795 -0.764938  0.102480 -0.278772 -2.133782 -1.332761 -1.276517
243 G 243 -0.374328 -0.718300  0.303302  0.376580 -1.861566 -0.203375  0.123646 -0.462768 -0.685961 -1.814181 -1.845478 -0.400669 -1.307370 -1.865201 -0.898647  0.181535 -0.388930 -2.321556 -1.464063 -1.469769
244 G 244 -0.279354 -0.703915  0.189101  0.411032 -1.874329 -0.028453  0.334502 -0.742864 -0.864497 -1.796152 -1.834969 -0.339212 -1.209516 -2.049275 -0.862166  0.461400  0.007328 -2.516905 -1.723458 -1.394736
245 Y 245 -0.293092 -0.388924 -0.615408 -0.557090 -1.902069 -0.032636 -0.000142 -1.228041 -1.050952 -1.530888 -1.369075 -0.077340 -0.752950 -1.901301 -0.513674 -0.075011 -0.411212 -2.356856 -1.512552 -1.102602
246 D 246 -0.610441 -0.658187 -0.057767  0.701542 -1.937610 -0.028530  0.350252 -1.083873 -0.759255 -1.817491 -1.931485 -0.396140 -1.287806 -1.865137 -0.830297  0.076886 -0.443422 -2.076649 -1.469746 -1.568516
247 A 247  0.647872 -0.916245 -0.925155 -1.191531 -1.082685 -0.630290 -0.765168 -0.593213 -1.189768 -0.850550 -0.849693 -0.852678 -0.557861 -1.309952 -1.280855  0.051392 -0.142762 -1.950567 -1.161998 -0.407406
248 E 248 -0.218050 -0.295811 -0.401335 -0.273778 -1.914415  0.235491  0.439350 -1.224720 -0.827519 -1.752363 -1.682572  0.119411 -1.050336 -2.095089 -0.094625  0.037009 -0.288082 -2.386323 -1.512358 -1.188298
249 P 249 -0.155879 -0.553883 -0.282026 -0.001578 -1.805859  0.249753  0.583256 -1.020656 -0.663208 -1.588529 -1.607636 -0.205309 -1.035472 -1.759301 -0.829804  0.079549 -0.277189 -1.926190 -1.193375 -1.078077
250 R 250 -0.197857  0.180680 -0.026014 -0.597985 -1.411084 -0.192298 -0.336572 -0.958478 -0.618691 -1.181934 -1.092483 -0.195223 -0.694228 -1.598298 -1.256067 -0.115080 -0.303051 -2.133933 -1.302631 -1.004905
251 E 251 -0.772107 -0.533809  0.390763  0.616495 -1.787792  0.066918  0.538085 -1.106462 -0.546876 -1.319045 -1.434272 -0.286537 -0.895322 -1.608146 -1.085524 -0.028168 -0.447730 -2.184972 -1.354858 -1.169850
252 A 252  0.304040  0.225909 -0.421156 -0.360063 -1.581074  0.270179  0.322883 -0.758289 -0.793652 -1.674973 -1.456316  0.400584 -0.918731 -1.926066 -0.766597  0.124315 -0.431028 -2.216952 -1.515275 -1.174563
253 L 253  0.075063 -1.432842 -1.769587 -2.115404 -0.862679 -1.165490 -1.486508 -2.091053 -1.891207  0.784013  0.795304 -1.230286  0.489340 -0.631478 -1.701435 -0.774857 -0.119616 -1.851117 -0.908416  0.880938
254 L 254 -0.780047 -2.112249 -2.337208 -2.618789 -0.872059 -1.960458 -2.298015 -3.063558 -2.226067  2.398894  1.721265 -2.059873  1.236124  0.045483 -2.351521 -1.528145 -0.772890 -2.045056 -0.712637  1.831865
255 A 255  1.619664 -0.397804 -0.751143 -1.151958 -0.976361 -0.371456 -0.518614  0.277204 -1.186521 -1.521310 -1.428052 -0.476822 -1.032853 -1.918230 -1.039571  0.595563 -0.267575 -2.324976 -1.678115 -0.856233
256 E 256 -0.425641  0.352469  0.132507  0.406170 -2.200350  0.769674  1.083823 -1.016603 -0.421677 -2.131862 -1.933977  0.608321 -1.168119 -2.202858 -1.050869  0.147920 -0.512585 -2.421229 -1.591713 -1.659141
257 A 257  0.127314 -1.925257 -2.174808 -2.324445 -0.631042 -1.724325 -1.871846 -2.377725 -2.216804  1.773402  1.061896 -1.737302  0.582929 -0.499792 -1.903806 -1.061115 -0.332892 -2.230253 -0.960768  1.711348
258 A 258  1.242762 -0.995799 -0.309044 -0.867379 -0.888172 -0.738731 -0.764095  0.799334 -1.366735 -1.568009 -1.578808 -0.726164 -1.115895 -1.790207 -1.039552  1.339595  0.283828 -2.171528 -1.780616 -1.044503
259 T 259 -0.310202  1.676731 -0.076626 -0.824288 -2.045057  0.645269  0.374970 -1.225103 -0.465962 -2.109149 -1.569428  1.414271 -0.864762 -2.219155 -1.161623 -0.104095 -0.576914 -2.349650 -1.559733 -1.721630
260 C 260  0.186440 -1.081010 -1.451949 -1.608545 -0.947573 -0.814247 -1.029114 -1.821655 -1.584333  0.313201  0.248676 -0.934886  0.205420 -0.947729 -1.462811 -0.485474 -0.226565 -2.016509 -1.046870  0.445419
261 V 261  0.177409 -1.916349 -2.129828 -2.289583 -0.575356 -1.577900 -1.733528 -2.229090 -2.181642  1.711562  0.967742 -1.595305  0.630941 -0.613660 -1.731393 -1.084990 -0.188949 -2.158025 -0.931605  1.892847
262 A 262 -0.731967 -1.477869 -1.721678 -2.152436 -1.195752 -1.041761 -1.499404 -1.946754 -0.342609 -0.266551 -0.246485 -1.409287 -0.218770  0.760535 -2.018094 -1.153388 -0.842599  0.495611  1.720620 -0.201272
263 G 263 -0.657011 -0.193426  0.499451  1.262644 -2.078330  0.479740  1.063761 -0.710736 -0.407678 -2.059977 -2.114749  0.118980 -1.396507 -2.092614 -0.813357  0.154241 -0.453353 -2.362078 -1.633940 -1.705394
264 V 264 -0.263307 -0.810706 -0.778995 -1.105717 -1.201943 -0.440007 -0.539564 -1.119300  0.194963 -0.863806 -0.834556 -0.779169 -0.613479 -0.149633 -1.342547 -0.371096 -0.516392 -0.674343  0.599296 -0.662026
265 L 265 -0.670071 -1.300479 -1.630328 -1.955360 -0.726781 -1.189502 -1.561765 -1.973020 -1.290018  0.830767  1.249724 -1.249434  0.795624  0.812436 -1.729808 -1.086892 -0.662045 -0.605604  0.110159  0.446050
266 A 266  0.365417 -0.180007 -0.149124 -0.203452 -0.070297 -0.109711 -0.109711 -0.047907 -0.257780 -0.138521 -0.170459 -0.109711 -0.116131 -0.280170 -0.164038  0.263146  0.054328 -0.444208 -0.280170 -0.044780
