  114         A         R         N         D         C         Q         E         G         H         I         L         K         M         F         P         S         T         W         Y         V    
  1 P   1 -0.644097 -1.288195 -1.288195 -0.644097 -1.932292 -0.644097 -0.644097 -1.288195 -1.288195 -1.932292 -1.932292 -0.644097 -1.288195 -2.576390  4.508682 -0.644097 -0.644097 -2.576390 -1.932292 -1.288195
  2 M   2 -0.733672 -1.508157 -1.569184 -1.974985 -0.446067 -1.258448 -1.631220 -2.131710 -0.826818  0.289387  0.305998 -1.427105  0.250480  0.712201 -1.964126 -0.952934 -0.610513 -0.724270  0.633872  0.112722
  3 F   3 -0.440015 -1.831109 -2.095708 -2.326039 -0.417492 -1.717156 -1.983167 -2.475147 -1.955858  1.569309  1.365641 -1.719782  0.703312  0.165995 -1.989040 -1.256497 -0.612023 -1.591318 -0.508498  1.204059
  4 I   4 -0.613489 -0.076238  0.319167 -0.085915 -1.833583  0.452920  0.616115 -1.248484 -0.339228 -1.312690 -1.289948  0.185508 -0.696434 -1.622881 -1.086371  0.065634 -0.086946 -2.016668 -1.101225 -0.947904
  5 V   5 -0.453994 -1.777129 -1.958371 -2.255953 -0.741304 -1.548826 -1.819351 -2.459475 -1.987316  1.684614  1.380599 -1.570526  0.861268 -0.099704 -1.877655 -1.153353 -0.375398 -1.747256 -0.648487  1.452726
  6 N   6 -0.656570  0.087108  0.230741 -0.198052 -1.760561  0.277442  0.237151 -1.242288 -0.195928 -1.531272 -1.386994  0.465331 -0.807623 -1.394810 -1.138425  0.116955 -0.194654 -1.910493 -0.904297 -1.251778
  7 T   7  0.035576 -0.961557 -0.356924 -0.992740 -0.659351 -0.843999 -0.887540 -1.545503 -1.560167 -0.318910 -0.427488 -0.846254 -0.456660 -1.305979 -0.928112  0.507126  2.756454 -1.624662 -1.359890  0.261488
  8 N   8 -1.017199 -0.179265  3.391782  0.478106 -1.926804 -0.051372 -0.041155 -0.112429  0.330632 -2.014243 -2.003842 -0.018701 -1.313410 -2.055345 -1.242225  0.982860  0.168275 -2.748016 -1.456695 -1.952451
  9 V   9 -0.241723 -1.534839 -1.757276 -1.948624 -0.870283 -1.096141 -1.274213 -2.117084 -1.755283  1.218582  0.699438 -1.085405  0.517098 -0.667365 -1.569682 -1.092387 -0.269123 -1.923195 -0.746541  1.485470
 10 P  10 -0.124007 -0.426229 -0.407481 -0.556001 -1.508465 -0.075655 -0.142888 -1.040920 -0.902943 -1.610494 -1.442661  0.206092 -0.896341 -1.987966  0.777127  0.228498 -0.227525 -2.277594 -1.520470 -1.141009
 11 R  11  0.000610 -0.670531 -1.144409 -1.470091 -1.056879 -0.587830 -0.779831 -1.667320 -1.279798 -0.126751  0.026974 -0.470344  0.001089 -0.980563 -1.277714 -0.364267 -0.337195 -1.902248 -0.971090 -0.012493
 12 A  12 -0.032501 -0.996586 -0.015027  0.594862 -1.327905 -0.261444  0.159675 -0.711272 -1.018207 -1.316986 -1.572937 -0.471523 -1.084695 -1.753677 -0.569491  0.696151  0.135869 -2.369311 -1.631713 -1.026662
 13 S  13 -0.290969 -0.051706  0.199830  0.388843 -1.895111  0.311956  0.603805 -0.701343 -0.650227 -1.926074 -1.872029  0.412493 -1.171425 -2.043780 -0.787290  0.404571 -0.390958 -2.397500 -1.605511 -1.521309
 14 V  14 -0.433248 -1.221930 -0.969940 -0.339642 -1.536657 -0.418359  0.017496 -1.693507 -1.266227 -0.102225 -0.625912 -0.762170 -0.384875 -1.226511 -1.331469 -0.594414 -0.433381 -2.217780 -1.155642  0.201176
 15 P  15 -0.420732 -0.316000 -0.555988 -0.513933 -1.925167  0.169236  0.131283 -1.390115 -1.027796 -1.767579 -1.607857  0.390733 -0.941733 -2.206496  0.738952 -0.034755 -0.121937 -2.377212 -1.635100 -1.146335
 16 D  16 -0.224451 -0.090704 -0.012223  0.210216 -1.963270  0.501243  0.863108 -1.107149 -0.574295 -1.856328 -1.751031  0.547305 -1.065344 -1.884640 -0.894003  0.353357 -0.425646 -2.344219 -1.396096 -1.389473
 17 G  17  0.124239 -0.589445 -0.021536  0.442681 -1.789104 -0.027879  0.494333 -0.207346 -0.862719 -1.922359 -1.985031 -0.147927 -1.381787 -2.085735 -0.944810  0.459859 -0.294823 -2.437761 -1.789354 -1.412954
 18 F  18 -0.880633 -1.867246 -2.202468 -2.602844 -1.086634 -1.871223 -2.186544 -2.730124 -1.745204  1.073244  1.361331 -1.858241  0.679635  1.292110 -2.528911 -1.398109 -0.858706 -1.106296  0.133645  0.485211
 19 L  19 -0.296344 -1.250935 -1.721226 -2.132541 -0.965596 -1.069154 -1.353414 -2.310748 -1.746059  0.521971  1.025060 -0.960804  0.553519 -0.658424 -1.873377 -0.878454 -0.648787 -1.962650 -0.979898  0.370603
 20 S  20 -0.125579  0.017278 -0.115819 -0.432498 -1.710446  0.263328  0.358885 -1.256206 -0.948166 -1.560761 -1.291428  0.886535 -0.748203 -1.957717 -1.018333  0.578203  0.075759 -2.381005 -1.569323 -1.088282
 21 E  21 -0.417302  0.091035 -0.031047  0.388967 -2.190362  0.549913  1.193319 -1.062316 -0.665597 -2.002563 -1.913197  0.493032 -1.221203 -2.190572 -1.088929  0.124405 -0.419164 -2.366624 -1.664004 -1.480795
 22 L  22 -0.182476 -1.737858 -2.160938 -2.619784 -0.651024 -1.622606 -2.051013 -2.543350 -2.159150  1.193113  1.579919 -1.636721  0.830714 -0.085730 -2.132794 -1.060042 -0.413558 -1.776339 -0.769397  0.889875
 23 T  23  0.342771 -1.061608 -0.182395 -0.815268 -0.599651 -0.686111 -0.744130 -0.309643 -1.056649 -1.385866 -1.431755 -0.754129 -0.970015 -1.602510 -1.165270  1.142361  0.648921 -2.035201 -1.395207 -1.027485
 24 Q  24 -0.284641  0.233439 -0.080800 -0.349605 -1.957719  0.601147  0.522834 -1.169993 -0.430668 -1.875738 -1.602300  0.740146 -0.906620 -1.885133 -1.103648  0.196378 -0.485868 -2.221483 -1.198276 -1.397825
 25 Q  25  0.447295 -0.853864 -1.212480 -1.579727 -0.950696 -0.610070 -0.817988 -1.493703 -1.190558 -0.442015 -0.195558 -0.765725 -0.186185 -1.084081 -1.459218 -0.193722 -0.207061 -2.024776 -1.066305 -0.188644
 26 L  26 -0.348645 -1.818294 -2.151115 -2.554858 -0.796621 -1.561487 -1.977753 -2.615638 -2.099856  1.506647  1.386642 -1.653999  0.979313 -0.200631 -2.047617 -1.221613 -0.343050 -1.777716 -0.638114  1.375791
 27 A  27  1.699121 -0.770744 -0.906995 -1.179098 -0.454776 -0.507968 -0.553803 -0.438198 -1.388318 -1.065746 -1.088226 -0.554215 -0.781443 -1.706793 -0.973638  0.990906  0.201553 -2.384459 -1.572350 -0.490689
 28 Q  28 -0.444951  0.018573 -0.076779 -0.049542 -2.049132  0.479226  0.789935 -1.352547 -0.740122 -1.704239 -1.525812  0.657327 -0.900075 -2.015467 -1.085607  0.180278 -0.216771 -2.390512 -1.542335 -1.219553
 29 A  29 -0.166266 -1.158100 -1.463513 -1.883755 -1.126422 -1.098721 -1.300915 -2.042846 -1.533165  0.625619  0.315880 -1.125752  0.214701 -0.908308 -1.792060 -0.684327 -0.312010 -2.187737 -1.054548  0.626925
 30 T  30 -0.791925 -1.652499 -1.980834 -2.452924 -1.122065 -1.367815 -1.951119 -2.692509 -1.870888  0.678286  1.243982 -1.522068  0.882194 -0.216353 -1.288904 -1.165027 -0.412214 -1.540825 -0.549634  0.423344
 31 G  31 -0.360432 -0.877449  0.412339 -0.153572 -2.398544 -0.515206 -0.510404  2.250451 -0.977590 -2.879274 -2.813384 -0.659644 -1.936704 -2.444807 -1.367656  0.190904 -1.097835 -2.128202 -2.096978 -2.238285
 32 K  32 -0.693493  1.318307 -0.256350 -1.078185 -2.250182  0.476232  0.356530 -1.703003 -0.936826 -1.971191 -1.347007  2.827451 -0.590753 -2.195116 -1.089969 -0.184697 -0.612207 -2.423239 -1.579070 -1.313145
 33 P  33 -0.645565 -1.166517 -0.918554 -0.407889 -2.252432 -0.505568 -0.427434 -1.337730 -1.262317 -2.335610 -2.310363 -0.495248 -1.517734 -2.871491  3.382813 -0.144668 -0.475670 -3.048722 -2.197480 -1.712421
 34 P  34 -0.356391 -0.348705 -0.568654  0.200388 -2.410714  0.645801  1.810241 -1.601522 -0.748588 -1.612401 -1.602905  0.233338 -1.041752 -2.147517 -0.688888 -0.157057 -0.531879 -2.478530 -1.610374 -0.963481
 35 Q  35 -0.151058 -0.289391  0.345887  0.431333 -1.853453  0.400965  0.637394 -0.711075 -0.644741 -1.947258 -1.909633  0.159247 -1.142112 -2.098086 -0.933643  0.842333 -0.186278 -2.521074 -1.686295 -1.590478
 36 Y  36 -1.039080 -0.644359 -1.089697 -1.791559 -1.647910 -0.556176 -1.033696 -1.839560  0.231632 -1.210389 -0.992103 -0.777388 -0.671057  0.293896 -2.070107 -0.842403 -1.051761  0.060469  1.576503 -1.177717
 37 I  37 -0.456002 -2.066160 -2.302827 -2.541091 -0.739002 -1.761604 -2.022938 -2.816559 -2.321042  2.035203  1.224963 -1.802666  0.944935 -0.336986 -2.099875 -1.448966 -0.324423 -2.158951 -0.817552  2.023891
 38 A  38 -0.052872 -1.144211 -1.293541 -2.017239 -0.595386 -0.662076 -1.454518 -1.874339 -1.636538  0.232905  0.488847 -1.032630  1.583856 -0.603014 -1.658379 -0.296432 -0.239073 -1.585807 -1.051255  0.390077
 39 V  39 -0.093325 -2.245517 -2.226581 -2.412431 -0.705577 -1.697413 -1.803029 -2.553642 -2.345747  2.014034  0.847040 -1.723967  0.681175 -0.805525 -1.821364 -1.286058  0.150537 -2.412622 -0.980766  2.450601
 40 H  40 -0.267251 -0.708475 -0.298245 -1.066761 -1.433507 -0.439230 -0.648038 -1.182797 -0.375857 -1.079869 -1.007293 -0.689463 -0.584528 -1.507823 -1.347960  0.080663  0.175147 -2.142805 -1.101826 -0.766540
 41 V  41 -0.715683 -2.210957 -2.428821 -2.676819 -1.060322 -1.890293 -2.136630 -2.910812 -2.106078  1.743144  1.404466 -1.955023  0.809792  0.437621 -2.358004 -1.568902 -0.719144 -1.662095 -0.197863  1.466494
 42 V  42 -0.793297 -0.066501  0.139112  0.160024 -2.246763  0.476297  0.872542 -1.537840 -0.359457 -1.620476 -1.617061  0.185746 -0.967078 -2.017578 -1.277904 -0.136867 -0.410767 -2.501962 -1.382546 -1.225241
 43 P  43 -0.599468 -1.164601 -0.421608  0.145507 -2.088526 -0.448867 -0.144954 -0.721618 -0.416439 -2.149571 -2.246529 -0.785044 -1.592627 -2.120317  0.405696 -0.122199 -0.481040 -2.460707 -1.431647 -1.658989
 44 D  44 -0.602519 -0.992076  0.908716  0.941421 -2.170623 -0.344577  0.171530  0.608799 -0.645691 -2.398310 -2.597071 -0.648585 -1.812156 -2.341718 -1.264894  0.398320 -0.678285 -2.682353 -2.013526 -2.020991
 45 Q  45 -0.043811 -0.882740 -1.080888 -1.152386 -1.242629  0.008175 -0.399502 -1.480804 -1.262712 -0.820939 -0.790844 -0.525098 -0.340589 -1.599929 -1.170878 -0.341938 -0.410038 -2.146328 -1.142292 -0.307628
 46 L  46 -0.427566 -0.744351 -0.766316 -0.969462 -1.183828 -0.430780 -0.699063 -1.494625 -0.926054 -1.485027 -1.310918 -0.526945 -0.752401 -1.734401 -0.267553 -0.208364 -0.534750 -2.224765 -1.318617 -1.194450
 47 M  47 -0.887332 -1.367639 -1.957903 -2.577551 -1.102923 -0.916517 -1.847273 -2.839780 -1.855348  1.171792  1.586841 -1.366076  2.243902  0.007955 -2.150301 -1.220342 -0.841695 -1.416728 -0.641814  0.883580
 48 A  48 -0.414911 -1.229914 -1.189544 -1.685271 -1.068950 -0.975957 -1.307324 -1.700879 -1.026283 -0.593348 -0.465903 -1.201311 -0.290019 -0.385179 -1.864959 -0.332392 -0.068956 -0.947573 -0.114846 -0.501320
 49 F  49 -1.445717 -1.670042 -2.131202 -2.517804 -1.726533 -1.813033 -2.097798 -2.484423 -0.812791 -0.197307  0.031584 -1.831745  0.155595  2.634890 -2.809597 -1.543949 -1.413323  0.121947  1.307308 -0.720426
 50 G  50  0.392433 -1.069482 -0.161589 -0.868376 -1.818557 -0.961585 -1.010209  2.173852 -1.300029 -2.460157 -2.425715 -0.978445 -1.738994 -2.199660 -1.477092  0.347591 -0.933592 -2.126183 -2.027884 -1.810193
 51 G  51 -0.021433 -1.300656 -0.040368 -0.789326 -2.311071 -1.345743 -1.346854  3.535831 -1.564028 -2.955230 -2.903800 -1.325584 -2.168114 -2.466407 -1.641453  0.003510 -1.359552 -1.989659 -2.392738 -2.244026
 52 S  52 -0.008187 -0.390490  0.578927 -0.157535 -1.514266 -0.032124  0.062394 -0.883736 -0.895049 -1.687074 -1.586493  0.053792 -0.982126 -1.998369 -1.032166  1.421680  1.026994 -2.504687 -1.743353 -1.332203
 53 S  53 -0.534669 -0.962273 -0.062977  0.176443 -1.821959 -0.310814  0.131398 -1.104337 -0.785703 -1.770555 -1.838711 -0.462063 -1.263523 -1.463079 -1.090025  0.284339  0.080398 -2.264961 -1.333165 -1.403440
 54 E  54 -0.710258 -0.736332  0.095264  1.965834 -2.521626  0.524363  1.879390 -1.233201 -0.722484 -2.191571 -2.435887 -0.102771 -1.702809 -2.437882 -0.983733  0.070005 -0.584798 -2.932060 -2.034132 -1.717272
 55 P  55 -0.681484 -1.388580 -1.203331 -0.588885 -2.484107 -0.630190 -0.588957 -1.508720 -1.490094 -2.520483 -2.482322 -0.588387 -1.664854 -3.192096  4.124956 -0.517401 -0.691009 -3.336256 -2.398549 -1.743488
 56 C  56  0.776648 -1.675949 -1.756557 -2.093178  1.356628 -1.438531 -1.842909 -1.370826 -1.784813 -0.559825 -0.614289 -1.545161 -0.510380 -1.225290 -1.842633 -0.225786 -0.305895 -1.893077 -1.062132 -0.183850
 57 A  57  1.423209 -1.530434 -1.854862 -2.059407  0.171587 -1.330313 -1.553282 -1.053188 -1.668385 -0.460589 -0.641209 -1.432401 -0.581415 -0.978618 -1.522742 -0.091250 -0.179683 -1.969756 -0.806516  0.083522
 58 L  58 -1.098137 -1.894141 -2.121612 -2.689156 -1.413365 -1.316678 -1.988907 -2.890214 -0.961394  0.536550  0.580388 -1.802278  0.463761  1.018848 -2.615057 -1.477219 -1.082340 -0.824879  1.247253  0.313708
 59 C  59 -0.233332 -2.274510 -2.475606 -2.786937 -0.293061 -1.910797 -2.319685 -2.511657 -2.544366  1.485623  1.041021 -1.976655  0.822395 -0.623876 -2.240228 -1.349915 -0.648047 -2.287486 -1.099402  1.512790
 60 S  60 -0.714119 -0.292834  0.249827  0.334003 -2.425192  0.602851  1.392682 -1.628812 -0.390661 -1.948022 -1.922645  0.178374 -1.126954 -2.121177 -1.330516  0.339336 -0.091148 -2.639172 -1.519372 -1.441934
 61 L  61 -0.553382 -2.487086 -2.824208 -3.145532 -0.836782 -2.177154 -2.522638 -3.372673 -2.753616  2.548379  2.024811 -2.195709  1.192137 -0.182963 -2.544040 -1.802221 -0.656257 -2.392614 -0.848307  2.262897
 62 H  62 -0.598695 -0.074316  0.003601 -0.788350 -1.890261  0.034176 -0.113808 -1.635154 -0.367208 -1.662709 -1.508201  0.358146 -0.813287 -1.751363 -1.447882  0.199987  0.057175 -2.380338 -1.116055 -1.253079
 63 S  63  0.629911 -1.418004 -0.691712 -1.274900 -0.781708 -0.867906 -1.023277 -1.169540 -1.622952 -0.390028 -0.593845 -0.923778 -0.224018 -1.336987 -1.523936  1.205773  0.235303 -2.595615 -1.488599 -0.291055
 64 I  64 -0.821104 -1.976944 -2.268363 -2.682905 -1.167074 -1.940867 -2.235854 -3.118657 -2.142948  1.749853  1.269209 -1.963595  0.751525  0.111608 -2.564222 -1.409026 -0.661133 -2.003693 -0.517956  1.258868
 65 G  65 -0.127795 -1.268798 -0.110572 -0.703792 -2.358202 -1.125300 -1.062874  2.710310 -1.511495 -3.000000 -2.955612 -1.176442 -2.145149 -2.633400 -1.309283  0.029234 -1.218730 -2.218511 -2.403299 -2.254186
 66 K  66 -0.131873 -0.776026 -0.001744 -0.832049 -1.929106 -0.668798 -0.689925  0.530414 -1.187300 -2.029253 -1.990190 -0.332958 -1.335219 -2.253360 -1.317531  0.277007 -0.378752 -2.476226 -1.947253 -1.425263
 67 I  67 -0.679173 -1.084100 -1.813072 -2.535931 -1.398067 -1.363910 -1.821518 -2.769623 -1.873384  0.787081  0.895903 -1.323268  0.594255 -0.613419 -2.171147 -1.225605 -0.561222 -2.251946 -0.958498  0.544832
 68 G  68 -0.205526 -0.843720  0.540093  0.049337 -2.023365 -0.381285 -0.238756  0.239275 -1.149794 -2.440686 -2.413900 -0.399729 -1.637842 -2.535822 -0.849157  0.915806  0.293274 -2.756205 -2.220461 -1.886903
 69 G  69 -0.229692 -0.809843 -0.972702 -0.732339 -2.271932 -0.504565 -0.396343 -0.975237 -1.323996 -2.064247 -2.053020 -0.451686 -1.391674 -2.614284  0.920847 -0.316136 -0.746170 -3.016157 -2.073051 -1.440732
 70 A  70 -0.098569 -0.560315 -0.209848  0.606835 -2.430725  0.550179  1.639333 -1.215104 -0.888464 -2.081091 -2.128916  0.063806 -1.430577 -2.442347 -0.996691  0.464632 -0.258223 -2.881504 -1.966376 -1.432210
 71 Q  71 -0.440311 -0.101531 -0.364108 -0.518867 -2.150994  0.952602  0.605383 -1.651170 -0.830739 -1.736456 -1.417209  0.209600 -0.650550 -2.192549 -1.302607 -0.096890 -0.178000 -2.426329 -1.456657 -1.092429
 72 N  72 -1.235879  0.197790  2.093819 -0.377467 -2.170563 -0.007947 -0.167493 -1.140305 -0.154461 -2.280476 -2.005295  0.823498 -1.273055 -2.253134 -1.571455  0.275991 -0.182978 -2.740848 -1.426426 -1.979796
 73 R  73 -0.609443  0.820776 -0.227903 -0.742321 -2.414402  0.475582  0.529982 -1.524567 -0.819651 -2.271225 -1.803683  1.391221 -1.022471 -2.495714 -1.008190 -0.161498 -0.770293 -2.780961 -1.793675 -1.720261
 74 S  74 -0.061709  0.775361 -0.094741 -0.632800 -2.266268  0.685714  0.669355 -1.236501 -0.731902 -2.267512 -1.849992  1.110822 -1.041278 -2.525964 -1.295191  0.271256 -0.425299 -2.795317 -1.835796 -1.649517
 75 Y  75 -1.246251 -1.655472 -1.684011 -2.742450 -1.554464 -1.393547 -2.047877 -2.975727 -0.428999  0.385725  0.881944 -1.734140  0.605902  0.541368 -2.665984 -1.456847 -1.120083 -1.182235  0.819720 -0.020267
 76 S  76  0.874516 -1.412219 -0.704233 -1.334644 -0.725428 -1.008674 -1.078579 -1.117642 -1.595633 -0.572028 -0.900950 -1.037087 -0.654724 -1.458886 -1.478875  1.166315  0.847805 -2.538407 -1.416382 -0.256010
 77 K  77  0.581780 -0.042759 -0.618245 -0.747627 -1.834490  0.182105  0.263208 -1.081420 -1.178349 -1.857324 -1.611675  0.778675 -1.017427 -2.333161 -1.146362  0.422903 -0.368523 -2.851280 -1.851225 -1.152016
 78 L  78  0.383291 -0.339320 -0.942396 -1.202670 -1.739501 -0.259875 -0.193857 -1.401674 -1.276540 -1.272072 -0.912250 -0.092264 -0.659154 -1.942112 -1.451837 -0.093143 -0.408310 -2.685663 -1.682579 -0.812029
 79 L  79 -0.917213 -2.470513 -2.852088 -3.266849 -1.114649 -2.332707 -2.763921 -3.553068 -2.594093  2.307685  2.189933 -2.376385  1.252543  0.623929 -2.905517 -1.824980 -0.956983 -1.982158 -0.445686  1.608520
 80 C  80 -0.155166 -1.572986 -1.413977 -1.840011  0.513177 -1.024891 -1.624692 -1.942233 -1.548166 -0.954621 -0.806076 -1.449069 -0.393319 -0.544868 -2.058968 -0.086136  0.184813 -1.540928 -0.720534 -0.731017
 81 G  81 -0.287599 -0.139649  0.066383  0.721404 -2.487466  0.577204  1.330083 -0.941062 -0.784059 -2.519684 -2.441756  0.416274 -1.598421 -2.676612 -1.057370  0.351937 -0.411364 -2.956457 -2.098468 -1.869167
 82 L  82 -0.619509 -1.644159 -1.786077 -2.263230 -1.509328 -1.397896 -1.566790 -2.571708 -1.139886  0.213638  0.375271 -1.572119  0.085410  0.171377 -2.393348 -1.045283 -0.744854 -1.680642 -0.179231  0.014294
 83 L  83 -0.846092 -2.271024 -2.752160 -3.302963 -0.716446 -2.072945 -2.706197 -3.472705 -2.554204  1.903336  2.273019 -2.168499  1.384282  0.207433 -2.788022 -1.718579 -0.903026 -1.904647 -0.607723  1.303765
 84 A  84 -0.340346 -0.321974 -0.075098 -0.290001 -2.197479  0.667587  0.932468 -1.496037 -0.293562 -1.890432 -1.785394  0.108541 -1.016542 -2.134528 -1.361949  0.244668 -0.218221 -2.543041 -1.309746 -1.274461
 85 E  85 -0.634853  0.184672  0.238085  0.757264 -2.752688  0.974164  1.735965 -1.406281 -0.642904 -2.550453 -2.369927  1.024009 -1.460941 -2.689201 -1.136103  0.293800 -0.369373 -2.913133 -1.963507 -1.863483
 86 R  86 -0.652829 -0.268514 -0.344837 -0.645437 -2.348214  0.252367  0.627774 -1.936365 -0.252246 -1.414740 -1.453983  0.244662 -0.865974 -2.006204 -1.468231 -0.263775 -0.403173 -2.628661 -1.255808 -0.890925
 87 L  87 -0.808884 -1.973049 -2.697992 -3.482527 -0.824081 -1.913292 -2.709824 -3.511141 -2.681811  1.470622  2.808214 -1.944349  1.449610  0.010556 -2.623730 -1.643182 -0.688870 -1.820374 -0.877624  0.782224
 88 R  88 -0.197825 -1.066614  0.311410 -0.556202 -2.588066 -1.017039 -0.962913  2.785225 -0.930097 -3.260318 -3.182972 -0.843117 -2.277973 -2.631364 -1.654301  0.230808 -1.339427 -2.373421 -2.238761 -2.551163
 89 I  89 -0.581785 -2.491391 -2.613052 -2.862896 -1.057682 -2.172858 -2.333697 -3.302124 -2.695376  2.639494  1.487561 -2.059390  0.899773 -0.515015 -2.353323 -1.702913 -0.562334 -2.717777 -0.983458  2.478993
 90 S  90 -0.394811 -0.962107 -0.610647 -0.240280 -2.330044 -0.290190 -0.123398 -1.200871 -1.222967 -2.397365 -2.306340 -0.289785 -1.522597 -2.893481  1.739299  0.127610 -0.542546 -3.261445 -2.285736 -1.799222
 91 P  91 -0.195566 -0.675842 -0.888097 -0.934691 -2.283627 -0.159301 -0.291461 -1.141625 -1.284643 -2.276286 -2.072975  0.063643 -1.294011 -2.792433  1.381139 -0.068715 -0.669657 -3.047437 -2.093870 -1.547162
 92 D  92 -0.815417 -0.907347  0.808307  1.905185 -2.479888  0.250764  1.266475 -0.941500 -0.623347 -2.346635 -2.628066 -0.311427 -1.801005 -2.501698 -1.204064  0.468670 -0.357266 -3.159198 -2.083203 -1.985469
 93 R  93 -0.829901  2.595616  0.277491 -0.849609 -2.606264  0.635801  0.161233 -1.574020  0.029662 -2.632748 -2.099564  1.043943 -1.200343 -2.583680 -1.697179 -0.432309 -0.784300 -2.796988 -1.689312 -2.500834
 94 V  94 -0.492101 -2.358811 -2.091710 -2.415904 -1.038493 -1.943258 -2.169069 -1.934341 -2.375738  1.361305  0.413084 -2.069664  0.390652 -0.528946 -2.292826 -1.239834 -0.526555 -2.259032 -1.036757  1.438888
 95 Y  95 -1.465030 -1.701532 -1.748245 -2.404580 -1.825672 -1.126161 -1.596087 -2.723521  0.306147 -0.362625 -0.468735 -1.643526 -0.372642  1.631495 -2.641995 -1.533284 -1.349320  0.153272  3.201493 -0.424459
 96 I  96 -0.690184 -2.631769 -2.734237 -2.897257 -0.976378 -2.358735 -2.524443 -3.374433 -2.751538  2.979959  1.682197 -2.378199  1.070970 -0.199696 -2.550078 -1.785195 -0.621551 -2.583746 -0.913860  2.615615
 97 N  97 -0.632590 -0.099203  0.068494 -0.942087 -1.992404 -0.102069 -0.100961 -1.734215 -0.768247 -1.254797 -1.157408  0.209329 -0.673737 -1.857589 -1.574917 -0.099897  0.004411 -2.566277 -1.377702 -0.871925
 98 Y  98 -1.517033 -2.522057 -2.594531 -2.846530 -1.531156 -2.299441 -2.563219 -2.994263 -0.978570  0.674163  0.442631 -2.478226  0.234113  3.336292 -3.213176 -1.811068 -1.508588  0.052639  2.274218  0.027110
 99 Y  99 -0.739660 -0.913528 -0.626451 -0.772856 -1.917314 -0.248466 -0.195079 -1.892459 -0.189048 -1.082648 -1.204900 -0.667369 -0.775327 -0.833192 -1.713744 -0.399037 -0.341947 -1.809691 -0.199280 -0.789670
100 D 100 -1.096611 -1.024958  0.350501  2.406838 -2.746989  0.327273  1.780944 -1.223125 -0.635798 -2.471614 -2.826460 -0.298689 -1.999038 -2.566352 -0.163543  0.023307 -0.729888 -3.129651 -2.137290 -2.067051
101 M 101 -0.272368 -1.590002 -1.788714 -2.226167 -0.951937 -1.092993 -1.558885 -2.409449 -1.865030  0.825770  0.636057 -1.276700  0.763287 -0.873440 -1.539083 -0.932117 -0.333077 -2.188963 -1.018621  0.998136
102 N 102 -0.405134 -0.706626 -0.035531  0.229760 -2.183409  0.061068  0.413225 -0.990579 -0.961660 -2.281445 -2.251572 -0.032920 -1.474297 -2.596646  0.745046  0.249396 -0.367147 -2.908875 -2.022766 -1.692264
103 A 103  0.338834 -0.270806 -0.810373 -0.992682 -1.719106 -0.352531 -0.300656 -0.635496 -1.140494 -1.778201 -1.609268 -0.182579 -1.105112 -2.087310 -0.005420 -0.020067 -0.354713 -2.396299 -1.661412 -1.175433
104 A 104 -0.100079 -0.643566 -0.248327 -0.011246 -1.825472  0.156871  0.639748 -0.972343 -0.096573 -1.858987 -1.818798 -0.246183 -1.203764 -1.676550 -1.097264  0.348418 -0.380042 -1.825949 -1.032215 -1.412390
105 N 105 -1.243325 -0.634601  1.837765  0.625570 -1.895147  0.023844  0.047234 -0.926692  0.215433 -1.981735 -1.950669 -0.489267 -1.178324 -1.773316 -1.595849  0.259817 -0.441734 -2.600513 -1.255875 -1.935441
106 V 106 -1.585335 -2.426492 -2.899310 -3.014376 -1.198251 -1.822416 -2.370062 -2.361270 -1.857040 -0.303738 -0.234293 -2.269389  0.078429  0.846168 -2.900465 -2.021113 -1.192384  3.440574  0.825938 -0.390048
107 G 107  0.752689 -1.468859 -0.349803 -0.972285 -1.913569 -1.391449 -1.402324  3.615040 -1.645100 -2.726507 -2.728984 -1.422951 -2.058225 -2.290566 -1.478452  0.322395 -1.203205 -1.927053 -2.284677 -1.926398
108 W 108 -1.403926 -1.737978 -2.043567 -2.379668 -1.344909 -1.343284 -1.808652 -2.014251 -1.027539 -0.803148 -0.662179 -1.544494 -0.291397  0.908129 -2.476052 -1.436838 -0.904016  2.309454  1.178271 -0.820568
109 N 109 -0.817352 -0.085414  2.238961  0.221460 -2.198443 -0.082085 -0.124449  0.444508 -0.155134 -2.376978 -2.272728  0.061204 -1.499709 -2.308126 -1.374176  0.483021 -0.459819 -2.666233 -1.752362 -2.099676
110 N 110 -0.053729 -1.383553  0.166480 -0.695372 -2.286357 -1.364873 -1.360535  4.030196 -1.309948 -3.001627 -2.990503 -1.346707 -2.212719 -2.271735 -1.535418  0.128878 -1.399938 -1.672698 -2.166778 -2.296306
111 S 111 -0.087731 -0.126443  0.016575 -0.642915 -1.194148 -0.168017 -0.290365 -0.689584 -0.883561 -1.167415 -1.037720  0.206755 -0.536390 -1.431906 -0.911274  0.632703  0.703332 -1.702484 -1.251915 -0.794502
112 T 112 -0.145787 -0.653102  0.145397 -0.686738 -0.796325 -0.618283 -0.654613 -1.231981 -1.140804 -0.548495 -0.572494 -0.591750 -0.526991 -1.264439 -0.755814  0.427827  2.333840 -1.486994 -1.217726 -0.045692
113 F 113 -0.844744 -1.437607 -1.499816 -1.588525 -0.909674 -1.331055 -1.474660 -1.603620 -0.768422  0.326975  0.253259 -1.401286  0.393468  2.140712 -1.845047 -0.969309 -0.832619  0.032366  0.951975 -0.038963
114 A 114  0.642196 -0.404395 -0.321098 -0.460067 -0.348724 -0.404395 -0.404395  0.561082 -0.599036 -0.614150 -0.614150 -0.404395 -0.509273 -0.703913 -0.404395  0.194640 -0.039298 -0.759585 -0.703913 -0.314632
