  140         A         R         N         D         C         Q         E         G         H         I         L         K         M         F         P         S         T         W         Y         V    
  1 P   1 -0.367537 -0.735073 -0.735073 -0.367537 -1.102610 -0.367537 -0.367537 -0.735073 -0.735073 -1.102610 -1.102610 -0.367537 -0.735073 -1.470146  2.572756 -0.367537 -0.367537 -1.470146 -1.102610 -0.735073
  2 V   2 -0.114844 -1.057498 -1.176740 -1.241330 -0.475236 -0.828845 -0.878957 -1.234431 -1.082674  0.938455  0.419998 -0.814366  0.347673 -0.070237 -0.954946 -0.772798 -0.159714 -1.007626 -0.248027  1.138037
  3 T   3  0.099536 -1.207365 -1.236168 -1.336462 -0.420699 -0.936616 -1.018088 -1.355229 -1.286213  0.513185  0.078582 -0.983669  0.050553 -0.277979 -1.020304 -0.514097  0.215615 -1.258359 -0.500536  0.791283
  4 E   4 -0.313674 -0.863203 -0.936309 -0.684136 -1.148011 -0.431496 -0.059426 -1.247736 -0.349274 -0.419544 -0.507593 -0.688698 -0.427228  0.316085 -1.226669 -0.487546 -0.655191 -0.673453  0.413959 -0.353763
  5 T   5 -0.495106 -0.731577 -0.303990 -0.462598 -1.416281 -0.453993 -0.489403 -0.639452 -0.941166 -1.233604 -1.231656 -0.287968 -0.706518 -1.665377  1.064518 -0.214187 -0.108544 -1.811459 -1.380202 -0.808860
  6 V   6  0.093896 -1.148730 -1.194896 -1.272924 -0.780450 -0.769623 -0.873861 -1.375340 -1.423703  0.398835 -0.035003 -0.900738 -0.008455 -0.976491 -0.547044 -0.492011  0.263081 -1.698373 -0.953958  0.776627
  7 D   7 -0.393921 -0.714306 -0.501895 -0.225609 -1.475985 -0.370439  0.046520 -0.823447 -0.575584 -0.673819 -1.029127 -0.523728 -0.677107 -1.110639 -0.971893 -0.421264 -0.521489 -1.770071 -0.925749 -0.359695
  8 G   8 -0.169815 -0.357005 -0.281553 -0.693167 -1.520536  0.008884 -0.296949 -0.153992 -0.771888 -1.280271 -1.275658 -0.338289 -0.736313 -1.588736 -0.565871 -0.149731 -0.517878 -1.727756 -1.129239 -0.833318
  9 Q   9 -0.350824 -0.482779 -0.362034  0.018142 -1.573606  0.526285  0.340781 -0.769417 -0.715404 -1.356656 -1.226020 -0.225558 -0.609090 -1.651140 -0.025674 -0.007940 -0.528154 -1.787986 -1.239121 -1.006773
 10 G  10  0.238563 -0.482955 -0.191198 -0.178887 -1.504977 -0.186861 -0.158394  0.721185 -0.882886 -1.798078 -1.724864 -0.385589 -1.198931 -1.802943 -0.682837  0.109563 -0.666679 -1.816230 -1.543165 -1.301999
 11 Q  11 -0.044088  0.113589  0.030365 -0.220370 -1.591525  0.610453  0.427165 -0.232029 -0.405498 -1.690689 -1.488741  0.001825 -0.868305 -1.743446 -0.752224  0.098044 -0.266201 -1.673853 -1.205005 -1.190308
 12 A  12 -0.161362 -0.528316 -0.112668 -0.434492 -1.440909 -0.189961 -0.166094  0.409840 -0.846514 -1.583413 -1.549143 -0.263050 -1.018960 -1.735358 -0.711428 -0.078364 -0.662953 -1.740636 -1.406915 -1.083666
 13 W  13 -0.370587 -0.498959 -0.511062 -0.794582 -1.672492 -0.122700 -0.482663  0.179648 -0.924567 -1.680531 -1.407617 -0.591221 -0.881356 -1.450919 -0.943339 -0.338491 -0.726656 -0.942400 -1.137067 -1.303137
 14 R  14 -0.313128  1.187754 -0.562562 -1.168508 -1.528676  0.044311 -0.358871 -1.276999 -0.583970 -1.568396 -1.210560  0.399119 -0.731211 -1.833257  0.051736 -0.474618 -0.398568 -1.972160 -1.270182 -1.318950
 15 H  15 -0.278239 -0.504640 -0.599712 -0.987985 -1.311475 -0.184226 -0.390390 -1.086272 -0.163057 -0.670454 -0.864926 -0.507102 -0.478393 -0.926343 -0.933467 -0.240424 -0.410987 -1.489633 -0.276904 -0.393945
 16 H  16 -1.842148 -1.507738 -1.816952 -2.259500 -1.490606 -1.024488 -1.556790 -1.705171  0.640629 -1.877574 -1.476965 -1.701737 -0.904911  0.686954 -2.499315 -1.691027 -1.469975  4.127160  2.043376 -1.896557
 17 N  17 -0.195790 -0.072482 -0.026531 -0.369298 -1.678497  0.227981  0.534917 -1.292860 -0.864544 -1.342894 -1.264814  0.469715 -0.821996 -1.853152 -0.946600  0.257849  0.629540 -2.096308 -1.442670 -0.737330
 18 G  18 -0.053155 -1.120990 -1.219892 -0.910350 -1.895908 -0.556306 -0.690460 -0.787348 -1.286943 -2.073511 -2.004266 -0.655104 -1.337187 -2.498816  2.818295 -0.329545 -0.657335 -2.634010 -1.930941 -1.362441
 19 F  19 -0.655309 -1.954530 -2.280414 -2.645232 -0.919478 -1.755545 -2.116135 -2.767976 -2.202931  1.706601  1.787747 -1.755545  0.954076  0.063771 -2.005545 -1.495339 -0.584270 -1.756403 -0.612570  1.363286
 20 D  20 -1.017073 -0.916808  0.315620  1.739512 -2.399884  0.223392  1.217492 -1.133833 -0.692787 -2.206922 -2.455708 -0.200864 -1.692442 -2.453545  0.509311  0.055812 -0.501064 -2.842556 -1.995034 -1.808164
 21 F  21 -0.887597 -1.413267 -1.381909 -1.591365 -1.516370 -0.833744 -1.191269 -1.899135 -0.580598 -0.795889 -0.661747 -1.190330 -0.364566  0.098961 -0.536888 -0.640853 -0.889662 -0.853499  0.406925 -0.834576
 22 A  22 -0.346935  0.500207 -0.338079 -1.062472 -1.834796  0.246960  0.062697 -1.420684 -0.976002 -1.455963 -1.071350  1.788034 -0.545074 -1.967877 -0.940563 -0.119013 -0.383157 -2.281211 -1.414633 -0.820088
 23 V  23 -0.654480 -1.048252 -1.046952 -0.956832 -1.514082 -0.181454 -0.484017 -1.823955 -1.285997 -0.209847 -0.167001 -0.837202  0.243476 -0.832982 -1.531776 -0.668708 -0.314056 -1.723818 -0.867948  0.005863
 24 I  24 -0.763249 -2.153863 -2.424342 -2.694820 -0.890325 -2.026787 -2.297265 -3.023167 -2.259919  2.235577  1.865684 -2.026787  0.996381  0.366192 -2.379476 -1.616228 -0.763249 -1.825018 -0.479268  1.681616
 25 K  25 -0.465476  0.980873 -0.122964 -0.650832 -2.112587  0.906800  0.687480 -1.498988 -0.792825 -2.130347 -1.544023  2.286580 -0.774101 -2.295742 -0.637579  0.136420 -0.157089 -2.253324 -1.541355 -1.376555
 26 E  26 -0.638407  0.509297  0.057384  0.545100 -2.431235  1.201047  1.715989 -1.273593 -0.210631 -2.171640 -1.946061  0.660992 -1.052070 -2.203397 -1.007930  0.121480 -0.585251 -2.298255 -1.497721 -1.686104
 27 L  27 -0.777487 -1.737661 -2.324100 -2.962787 -0.840914 -1.669140 -2.312922 -3.078886 -2.301398  1.691012  2.625690 -1.695684  1.429286  0.121274 -2.355071 -1.497287 -0.716990 -1.637260 -0.698363  1.008246
 28 K  28  0.024459  0.768423 -0.540693 -1.039434 -1.557609  0.615535  0.229578 -1.403708 -0.805488 -1.720867 -1.284327  1.516352 -0.634894 -1.983872 -1.073636 -0.025880 -0.573811 -2.233135 -1.364321 -1.117877
 29 T  29 -0.550153 -0.072969  0.235118  0.495072 -2.188722  0.514105  1.304344 -1.321511 -0.701533 -1.893131 -1.793281  0.768742 -1.110074 -2.151797 -0.951705  0.321257  0.153177 -2.405626 -1.687758 -1.299586
 30 A  30  1.757242 -1.145099 -1.235130 -1.476139 -0.416658 -0.888606 -0.946755 -0.531165 -1.683411 -0.517300 -0.678691 -0.900705 -0.532939 -1.530961 -0.893653  0.668623  0.361475 -2.347180 -1.557569  0.099704
 31 A  31  0.554948 -1.922659 -2.129873 -2.185831  0.422406 -1.328703 -1.615672 -1.980273 -2.165121  1.045377  0.230266 -1.498939  0.285505 -1.120868 -1.631212 -0.851478 -0.225492 -2.287765 -1.132957  1.584805
 32 S  32 -0.300218  0.858839 -0.299002 -1.152240 -1.817001  0.407934 -0.028184 -1.485861 -0.810288 -1.585779 -1.154231  1.047325 -0.298640 -1.890816 -1.172812  0.050987 -0.095889 -2.165993 -1.354583 -1.104218
 33 Q  33 -0.718587 -0.146069 -0.038983  0.235609 -2.105573  1.067629  0.808689 -1.540393 -0.664412 -1.835039 -1.465222  0.358018 -0.775947 -2.114835 -0.876002  0.060500  0.009461 -2.216998 -1.457583 -1.317915
 34 Y  34 -1.409390 -0.989544 -1.033828 -1.791103 -1.986375 -0.589029 -0.986336 -1.948028  1.342413 -1.330324 -1.215094 -0.675575 -0.861494  1.068640 -2.140412 -1.091858 -1.468428  0.050256  2.922639 -1.248307
 35 G  35  0.007835 -1.703551  0.012100 -0.837197 -2.566334 -1.682922 -1.670129  5.065824 -1.703551 -3.419894 -3.419894 -1.687187 -2.557805 -2.574169 -1.707815  0.048398 -1.683616 -1.740543 -2.569905 -2.569905
 36 A  36 -0.480358 -1.184807 -1.678830 -1.842176 -1.523344 -0.923451 -1.337024 -2.230829 -1.858873 -0.481168 -0.103279 -1.001420 -0.194710 -1.761385  0.725654 -0.796548 -0.399880 -2.558344 -1.648441 -0.331103
 37 T  37 -0.631302 -0.251011  0.541846 -0.370858 -1.758201 -0.187638 -0.118517 -1.405265 -0.537174 -1.262507 -1.311617 -0.237021 -0.827821 -1.716932 -1.330876  0.158175  0.722809 -2.337524 -1.353568 -0.894477
 38 A  38  1.599671 -0.945650 -0.244863 -0.707108 -0.658300 -0.474225 -0.473882  0.105228 -1.268818 -1.336271 -1.316997 -0.486572 -0.870795 -1.685933 -0.957655  2.032301  0.355410 -2.477601 -1.718826 -1.013633
 39 P  39 -0.437466 -1.115354 -0.868069 -0.551772 -2.262128 -0.402486 -0.108850 -1.417602 -1.227530 -2.153838 -2.067242 -0.492928 -1.412294 -2.774661  2.946999 -0.293420 -0.616633 -3.026137 -2.098718 -1.491660
 40 Y  40 -1.373954 -2.039870 -1.867243 -1.873984 -1.622895 -1.522917 -1.756569 -2.344965 -0.403641 -0.096325 -0.229735 -1.924870 -0.231794  2.040394 -2.580152 -1.444134 -1.368581 -0.056261  2.248333 -0.417214
 41 T  41 -0.388801 -1.432700 -1.143439 -1.649077 -0.883803 -1.417978 -1.485966 -2.071858 -1.608023 -0.203176 -0.341752 -1.327107 -0.345077  0.136957 -1.758755 -0.206017  1.564534 -1.274075 -0.537588  0.060031
 42 L  42 -0.615957 -0.227154 -1.052862 -1.495655 -1.738535  0.130375 -0.310796 -2.075152 -1.343401 -0.498354  0.046985  0.094865  0.511035 -1.391532 -1.582473 -0.532826 -0.593412 -2.064553 -1.275037 -0.312335
 43 A  43  0.912290 -0.291431 -0.401521 -1.098304 -1.248566 -0.167440 -0.425875 -0.537738 -1.178612 -1.350487 -1.232667 -0.332737 -0.829565 -1.971615 -1.097320  0.436312  0.182488 -2.432863 -1.649957 -0.744158
 44 I  44 -0.450799 -1.195120 -1.674710 -1.851263 -1.447297 -0.207740 -0.822456 -2.400476 -1.686218  0.314324  0.722403 -0.968336  0.603421 -0.949992 -1.642738 -0.900635 -0.691735 -2.014633 -0.984002  0.364022
 45 V  45 -0.581442 -1.993359 -2.562865 -3.131428 -0.854863 -1.769789 -2.341962 -3.183460 -2.575287  2.026757  2.569040 -1.779610  1.420889 -0.252902 -2.341962 -1.667906 -0.603847 -2.026301 -0.887805  1.635000
 46 E  46 -0.688781 -0.248361  0.130740  1.805417 -2.669218  0.671771  2.169361 -1.162793 -0.430797 -2.425477 -2.560160  0.325918 -1.790104 -2.476898 -0.978388  0.083210 -0.616807 -2.812339 -1.954891 -1.889834
 47 S  47  0.489278 -0.640386 -0.049437 -1.075494 -1.001677 -0.425901 -0.734432 -0.645538 -0.851733 -1.336293 -1.244515 -0.599232 -0.806397 -1.445195 -1.380689  0.810695  0.254126 -2.069195 -0.962566 -1.000329
 48 V  48 -1.050121 -1.920467 -2.419174 -3.012649 -1.150948 -1.601928 -2.289320 -3.059638 -1.905424  1.124668  1.838954 -1.844486  0.929571  0.402019 -2.537135 -1.664927 -0.980420 -0.716267  0.111688  0.592373
 49 A  49  1.369176 -0.887342 -0.590240 -1.010760 -0.864163 -0.429337 -0.564728 -0.177160 -1.272947 -1.231177 -1.153035 -0.647411 -0.498755 -1.684745 -1.076639  1.126370  0.250447 -2.304239 -1.657713 -0.692251
 50 D  50 -0.073484 -0.468854  0.609223 -0.119344 -1.766355 -0.180715 -0.185262  0.086369 -0.957320 -2.044916 -1.948230 -0.407689 -1.315145 -2.171760 -1.228822  0.889645  0.492168 -2.403296 -1.895741 -1.601565
 51 N  51 -0.314422 -0.168330  0.428366 -0.551851 -1.739222  0.181724 -0.146769 -0.966242 -0.122204 -1.674632 -1.535879 -0.219255 -0.824755 -1.609474 -1.367689  0.453030 -0.004703 -2.121024 -0.911251 -1.370476
 52 W  52 -0.665575 -1.276312 -1.493874 -1.622972 -1.187483 -0.984524 -1.210803 -1.079453 -1.226764 -1.931847 -1.632304 -1.262370 -1.108613 -1.079442 -1.035457 -0.786409 -0.637983  0.960184 -0.532257 -1.589654
 53 L  53 -0.846499 -1.418607 -1.966507 -2.843811 -1.023031 -1.111107 -2.052929 -2.997659 -1.969232  1.005085  2.122925 -1.359783  1.684404 -0.136511 -2.213579 -1.249193 -0.410748 -1.428043 -0.515594  0.632926
 54 T  54 -0.231879 -1.423997 -1.125631 -1.688994 -0.998332 -1.156340 -1.366290 -2.137028 -1.977840  0.157569  0.289063 -1.156340 -0.007384 -1.255728 -0.866972 -0.108259  1.487588 -2.077696 -1.424436  0.445508
 55 P  55 -0.790285 -1.280893 -1.433279 -0.948672 -2.459545 -0.513415 -0.645147 -1.781977 -1.442792 -2.298531 -2.213424 -0.360607 -1.400226 -3.032925  4.196450 -0.664305 -0.763950 -3.182310 -2.218608 -1.518333
 56 T  56 -0.443627 -0.973830  0.053885 -0.406748 -1.735493 -0.472223 -0.390378 -1.178747  0.679606 -1.578673 -1.669330 -0.879670 -1.200435 -0.744675 -1.539992  0.064997 -0.515446 -1.823227  0.008374 -1.423073
 57 D  57 -1.622163 -1.678192  0.571268  4.094834 -2.489267 -0.198171  1.316872 -1.179584 -0.917449 -2.014116 -2.888657 -0.949003 -2.189270 -2.361360 -1.097691 -0.185386 -0.858579 -3.376959 -2.360154 -2.055192
 58 W  58 -1.609455 -2.308508 -2.948261 -3.118070 -1.215746 -1.749126 -2.391685 -2.257729 -1.889045 -0.571202 -0.259313 -2.243060  0.002195  0.393743 -2.902470 -2.075141 -1.245292  4.153819  0.606916 -0.670552
 59 N  59 -0.651196 -0.054863 -0.263120 -0.337456 -2.158363  0.357507  0.633401 -1.567378 -0.659318 -1.524119 -1.463720  0.332528 -0.847466 -1.612556 -1.315358 -0.161075 -0.144114 -2.132153 -1.168931 -1.040733
 60 T  60 -0.674451 -0.595629  0.441144 -0.663666 -1.806687 -0.053840 -0.418974 -1.182710 -0.460776 -1.214255 -1.281901 -0.535359 -0.719414 -1.261052 -1.570611 -0.024606 -0.042709 -2.043790 -0.741896 -0.923742
 61 L  61 -0.732829 -1.837013 -2.331495 -2.878989 -0.934122 -1.698340 -2.222133 -3.174679 -2.460609  1.706890  2.469903 -1.721137  1.229403 -0.293720 -2.258483 -1.505383 -0.454237 -1.964687 -0.964133  1.174654
 62 V  62  1.458119 -1.304846 -1.671268 -1.869557 -0.566519 -0.972399 -1.176752 -0.817743 -1.754943 -0.249138 -0.341004 -1.112911  0.094496 -0.934161 -1.400315  0.092126 -0.269132 -2.066750 -1.232905  0.294079
 63 R  63 -0.744312  2.081306 -0.209198 -1.403090 -2.136029  0.616162 -0.028437 -1.585172 -0.525468 -2.150057 -1.389183  1.795279 -0.391311 -2.243621 -1.335597 -0.314925 -0.729885 -2.363303 -1.599507 -1.826786
 64 A  64  1.311844 -1.268649 -1.625436 -1.932066  0.155862 -0.881470 -1.338948 -1.264067 -1.862512 -0.105333 -0.120991 -1.069314  0.503083 -1.249479 -1.260324  0.221856 -0.053986 -2.155057 -1.452049  0.373233
 65 V  65 -0.031224 -1.863953 -2.062217 -2.149106  0.190028 -1.525038 -1.790514 -2.298526 -2.109728  0.525980  0.138212 -1.563479  0.003916 -0.988900 -1.263966 -0.850945 -0.440058 -2.273716 -1.194234  0.664226
 66 L  66 -0.809178 -1.833083 -2.387431 -3.166425 -1.073171 -1.800670 -2.519441 -2.631963 -2.527159  1.273599  2.565800 -1.813017  1.201081 -0.283274 -2.454664 -1.592523 -0.961253 -1.679501 -1.023781  0.613381
 67 S  67  0.091247 -0.720511  0.799554 -0.110659 -1.572380 -0.266472 -0.090259 -0.087291 -0.907615 -1.898278 -1.821846 -0.152001 -1.200853 -2.055630 -0.886120  1.470016  0.497877 -2.539843 -1.838746 -1.552914
 68 G  68 -0.604850 -0.353223 -0.601895 -0.747147 -2.340498 -0.469546 -0.691502 -0.029302 -1.241767 -2.455385 -2.234771 -0.389670 -1.297493 -2.626195  1.071503 -0.319102 -0.947382 -2.591460 -2.180386 -1.939520
 69 G  69  1.098776 -1.214751 -0.713711 -1.136560 -1.404423 -0.973906 -1.044303  1.552654 -1.619826 -1.879217 -1.936621 -0.981276 -1.424404 -2.115659 -0.906126  0.478587 -0.464357 -2.221859 -2.006085 -1.098820
 70 D  70 -0.890249 -0.152095 -0.022866  0.995954 -2.321633  2.006806  1.400964 -1.292419 -0.555961 -2.469547 -2.203351  0.359032 -0.944099 -2.559933 -0.628916  0.010019 -0.842962 -2.382638 -1.597532 -1.836706
 71 H  71 -1.324087 -1.329558 -1.378617 -2.245408 -1.728841 -0.932924 -1.504503 -2.393981  0.369744 -0.631422 -0.331395 -1.101879 -0.287296  1.462835 -2.401562 -1.287081 -1.342674 -0.029072  2.616594 -0.745915
 72 L  72 -0.213862 -1.431315 -1.875354 -2.101661 -1.166871 -1.014809 -1.142089 -2.506525 -1.973403  0.708781  1.174799 -1.208522  0.775064 -0.738032 -1.815833 -0.877588 -0.415104 -2.055335 -1.135126  0.628703
 73 L  73 -0.555097 -1.183302 -1.689722 -1.822225 -1.398478 -0.532663 -0.936866 -2.620746 -1.840400  0.419399  1.162247 -0.996777  0.603673 -0.951292 -1.923849 -0.979212 -0.630328 -2.101865 -1.147346  0.243781
 74 W  74 -2.329228 -2.606027 -3.280617 -3.279111 -1.676735 -1.891759 -2.585435 -1.985019 -1.747868 -1.804414 -1.275160 -2.585435 -0.643104  1.123846 -3.282508 -2.382810 -1.635552  7.393219  1.499634 -1.957818
 75 K  75 -0.819217  1.056995 -0.306605 -0.730442 -2.391795  0.965815  0.683137 -1.848357 -0.701047 -1.910649 -1.334980  1.633766 -0.403661 -2.183997 -1.080379 -0.309982 -0.815210 -2.380736 -1.477119 -1.422731
 76 S  76  0.892488 -1.057121 -0.445780 -0.250615 -1.200200 -0.457212 -0.316174 -0.108307 -1.386788 -1.447611 -1.535624 -0.630011 -0.976287 -1.915274 -1.001000  0.892573  0.012745 -2.527521 -1.863129 -0.940797
 77 E  77 -0.159473 -0.493103 -1.027896 -0.604700 -2.000619  0.376051  0.725762 -1.548404 -0.990155 -1.716429 -1.286600  0.074961 -0.817069 -1.576785 -1.435327 -0.245537 -0.777023 -1.179399 -1.094997 -1.226252
 78 F  78 -1.821669 -2.099261 -2.409313 -2.898848 -1.617754 -1.535768 -2.217442 -2.265357 -0.881829 -1.058270 -0.517047 -2.090433 -0.363874  1.479726 -2.978311 -1.873226 -1.379545  3.722979  2.140257 -1.263074
 79 F  79 -0.825953 -0.029080  0.257822 -0.481063 -2.237654 -0.024710  0.139530 -1.097933 -0.058966 -1.690841 -1.607193  0.064768 -1.047308 -1.573770 -1.579616 -0.201649 -0.735691 -2.257920 -0.992583 -1.464064
 80 E  80 -0.878018 -0.218008 -0.068995  1.205252 -2.620024  0.883892  1.924772 -1.522940 -0.599480 -2.003439 -2.105788  0.402916 -1.335230 -2.290434 -1.059215 -0.099236 -0.544054 -2.595441 -1.679417 -1.450164
 81 N  81 -0.545559  0.086622 -0.317963 -0.541891 -2.294568  0.728882  0.800992 -1.535943 -0.375712 -1.650276 -1.328308  0.120385 -0.586261 -1.746048 -1.362274 -0.270130 -0.798293 -2.218519 -1.184044 -1.259168
 82 C  82  1.032567 -1.529148 -1.964120 -2.275600  1.010904 -1.456635 -1.848421 -1.595342 -2.115984 -0.070598  0.198436 -1.454034 -0.143450 -1.264322 -1.787680 -0.256334 -0.310455 -2.214110 -1.434254  0.130808
 83 R  83 -0.716989  1.147828 -0.076942 -0.415453 -2.555342  1.494967  1.123445 -1.388578 -0.397616 -2.345867 -1.800196  1.370541 -0.812902 -2.212455 -1.208613 -0.133943 -0.840500 -2.229702 -1.375967 -1.785742
 84 D  84 -0.232853 -0.134607 -0.355917 -0.176295 -1.933879  0.326048  0.478767 -1.386125 -0.973136 -1.605470 -1.515999  0.085245 -0.968507 -2.064994 -0.805071  0.033444  0.077841 -2.423890 -1.641338 -1.086947
 85 T  85 -0.418005 -1.136437 -1.582351 -1.835368 -1.382972 -0.062254 -0.893379 -2.125704 -1.571941 -0.131480 -0.103797 -0.948526  0.316818 -1.023175 -1.709635 -0.795699 -0.150975 -0.922309 -0.713326  0.274590
 86 A  86  0.666085 -1.234357 -1.713049 -1.919568 -0.796758 -1.019339 -1.135084 -1.669829 -1.866126  0.401134  0.230270 -1.091845  0.231216 -1.155871 -1.482246 -0.398257 -0.279883 -2.321884 -1.325403  0.679167
 87 K  87  0.011792  0.525553 -0.597964 -0.840030 -1.809049  0.137575  0.085202 -1.520419 -0.839258 -1.485252 -1.295055  0.473937 -0.823867 -2.062583 -1.063099 -0.121364 -0.244999 -2.541425 -1.591482 -1.064072
 88 R  88  0.131286  0.141648 -0.260604 -0.790337 -1.683699  0.532458  0.060111 -1.329315 -0.867370 -1.438746 -1.280913  0.335561 -0.661335 -2.080048 -1.096065  0.120755 -0.071894 -2.471699 -1.485955 -0.872399
 89 N  89 -0.879153 -0.320985  2.616226 -0.034060 -2.232699 -0.118926 -0.258405  0.101504  0.340706 -2.308122 -2.177273 -0.234629 -1.438456 -2.204000 -1.585754  0.544959 -0.265173 -2.755827 -1.439796 -2.054810
 90 Q  90  0.084597  0.004363 -0.426977 -0.951388 -1.693777  0.610634 -0.137783 -1.276308 -0.725372 -1.721570 -1.427354 -0.121649 -0.721561 -2.060685 -0.584674  0.106873 -0.170779 -2.052709 -1.327268 -1.203628
 91 Q  91  0.278088 -0.224089 -0.742102 -1.160953 -1.586032  0.077525 -0.477474 -0.128402 -1.079337 -1.927497 -1.575139 -0.387274 -0.975964 -2.146578 -1.049953 -0.075181 -0.712688 -2.240094 -1.675135 -1.360358
 92 A  92  0.447523 -0.174737 -0.542889 -0.486359 -1.454621  0.071873 -0.133608 -0.788823 -0.929211 -1.815461 -1.649096 -0.221113 -1.007030 -2.006641 -0.803333  0.269371 -0.422118 -2.426255 -1.489281 -1.341885
 93 G  93 -0.205782 -0.566260 -0.069368 -0.538045 -2.334357 -0.258969 -0.441332  1.326105 -1.179960 -2.735250 -2.566705 -0.563735 -1.699805 -2.563936 -0.668499  0.183364 -0.622983 -2.243078 -2.124997 -2.027823
 94 N  94 -0.465105  0.042560  0.212563 -0.617387 -2.112513  0.009997  0.028115 -0.885934 -0.789299 -1.734613 -1.615663  0.096517 -0.981772 -1.987277 -1.154621  0.004992 -0.328461 -2.494971 -1.590653 -1.330730
 95 G  95 -0.515193 -0.558811  0.329807 -0.002865 -1.942976 -0.289842 -0.307006 -0.586318 -0.968417 -1.691745 -1.677334 -0.558850 -1.057949 -2.144869 -0.799665 -0.086455 -0.324148 -2.625853 -1.847227 -1.359120
 96 W  96 -0.954521 -1.826829 -2.106302 -2.482969 -1.243195 -1.427253 -1.912962 -1.856980 -1.964395 -0.335829 -0.014641 -1.673942 -0.073245 -0.386826 -2.284622 -1.239956 -0.290595  1.500633 -0.333744 -0.295822
 97 D  97 -0.558296 -0.963159  0.788566  0.514373 -1.538442 -0.547062 -0.227116 -1.194264 -1.108478 -1.460095 -1.671036 -0.675923 -1.295477 -2.044308 -0.629430  0.647883  1.799346 -2.494168 -1.881141 -1.014969
 98 F  98 -0.491910 -1.590019 -1.948150 -2.318989 -1.284781 -1.438397 -1.662584 -2.062831 -1.534817  0.550093  0.590200 -1.451902  0.218579  0.227365 -2.179296 -1.190302 -0.871986 -1.415496 -0.008290  0.443380
 99 D  99 -1.190441 -1.010225  0.797216  3.228886 -2.544889  0.493740  1.717921 -0.915207 -0.551982 -2.511706 -2.933645 -0.226524 -2.034919 -2.517829 -0.867418  0.286361 -0.698878 -3.104852 -2.172038 -2.264049
100 M 100 -0.705432  0.391901 -0.798894 -1.444246 -1.924690  0.600343 -0.217866 -1.960153 -0.593262 -1.082299 -0.464792  0.367716  0.726047 -1.525882 -1.537237 -0.576489 -0.862909 -1.975763 -1.147977 -0.796110
101 L 101 -0.847891 -2.033169 -2.587401 -3.188239 -0.955462 -1.922230 -2.510901 -3.381010 -2.408836  2.059073  2.641161 -1.956669  1.434448  0.101881 -2.576881 -1.744525 -0.847891 -1.924605 -0.703242  1.388101
102 T 102 -0.479162 -0.983360 -1.427168 -2.203364 -0.678017 -0.915190 -1.566240 -2.493710 -1.934467  0.313680  0.787192 -0.800435  0.924522 -0.999365 -1.743986 -0.703442  0.233758 -1.931337 -1.274087  0.392130
103 G 103 -0.065885 -1.685293  0.112908 -0.760372 -2.333100 -1.633718 -1.628272  4.615852 -1.557408 -3.351537 -3.364624 -1.658553 -2.507809 -2.562998 -1.737321  0.089941 -1.603447 -1.848274 -2.506943 -2.565768
104 S 104 -0.767175 -0.672349 -0.142351  0.494313 -2.059100  0.362466  0.664014 -1.645310 -0.705303 -1.327467 -1.514195 -0.294227 -0.693919 -1.847819 -1.240704 -0.053132 -0.085990 -2.457368 -1.480268 -0.917602
105 G 105  0.076246 -1.227233 -0.059438 -0.818579 -2.460399 -1.386218 -1.397037  3.807237 -1.402511 -3.214701 -3.178772 -1.371779 -2.352390 -2.588728 -1.509992  0.040429 -1.427187 -2.043171 -2.436572 -2.444194
106 N 106 -0.548207 -0.361773 -0.275831 -0.061701 -2.093377  0.428994  0.312698 -1.488212 -0.721059 -1.839366 -1.736398 -0.242281 -0.746588 -2.296062  0.060180 -0.141099 -0.598177 -2.680306 -1.729300 -1.402313
107 Y 107 -1.197168 -1.884339 -1.986040 -2.330136 -1.449713 -1.403719 -1.862686 -2.307279 -0.602081 -0.462592 -0.321473 -1.842057 -0.086730  1.572637 -2.511026 -1.321686 -0.794862  1.076309  1.875039 -0.557074
108 S 108  0.207481 -0.804544  0.235041 -0.290508 -1.661451 -0.335230 -0.213271  0.068004 -1.029127 -1.622604 -1.667019 -0.487302 -1.127485 -1.993391 -1.230627  0.610822 -0.383242 -2.531218 -1.776564 -1.242922
109 S 109 -0.342041 -0.497393  0.753823 -0.074187 -1.526825  0.272977 -0.059836 -0.791681 -0.561930 -1.759539 -1.647308 -0.220968 -0.997338 -1.919794 -1.222779  0.564466  0.283978 -2.196340 -1.329961 -1.354256
110 T 110 -0.202822 -0.985408 -0.499048 -0.762351 -1.609758 -0.390472 -0.473695 -1.318499 -1.160213 -1.247482 -1.289282 -0.653321 -0.776022 -1.963138  0.983242 -0.093393  0.027742 -2.439877 -1.609044 -0.767230
111 D 111 -0.289566 -0.251272  0.266768  0.379929 -1.977329  0.831940  0.987503 -0.984100 -0.412095 -1.872535 -1.764384  0.027387 -1.046838 -2.094097 -0.700521  0.289513 -0.184054 -2.293559 -1.458705 -1.352836
112 A 112 -0.036089 -0.447308  0.065705  0.111238 -1.850791  0.448023  0.312537 -0.389126 -0.798875 -1.931796 -1.841725  0.116254 -1.089450 -2.152615 -1.071822  0.419262 -0.391109 -2.409474 -1.643790 -1.369466
113 Q 113 -0.761529  0.823429 -0.051323 -0.080499 -2.512561  4.019511  1.591159 -1.675041 -0.007571 -2.533370 -1.711566  0.821171 -0.067298 -2.548167 -0.805885 -0.003018 -0.844763 -1.769471 -0.889414 -1.690393
114 M 114  1.184772 -1.032469 -1.547950 -1.925794 -0.596682 -1.007171 -1.282446 -1.384294 -1.856087  0.072568  0.129543 -1.071593  0.018033 -1.218137 -1.404592  0.000278  0.329924 -2.223146 -1.418672  0.407427
115 Q 115 -0.377226  0.256835  1.020115 -0.428285 -2.080320  0.751642  0.167939 -0.673809 -0.076928 -2.058220 -1.751455  0.249788 -0.951465 -2.241571 -1.338760  0.164218 -0.509292 -2.536862 -1.395354 -1.598393
116 Y 116 -1.156737 -1.580024 -2.025526 -2.671572 -1.186596 -1.296510 -1.998024 -2.850226 -0.860327  0.646327  0.998295 -1.645293  0.813706  1.042740 -2.465754 -1.462165 -1.167162 -0.568249  1.371939  0.224044
117 D 117 -0.739209 -1.106274 -0.953116 -0.592891 -1.906492 -0.448977 -0.556241 -1.561217 -1.104008 -1.502733 -1.250818 -0.675431 -0.791418 -2.097131  1.522742 -0.406712 -0.503818 -2.514792 -1.700205 -1.182085
118 P 118 -0.839501 -0.513410 -0.657023 -0.801832 -1.986974 -0.392508 -0.565909 -1.548376 -1.064524 -1.517439 -1.533470 -0.372424 -0.949491 -2.082460  0.693627 -0.622507 -0.513402 -2.013166 -1.536319 -1.150325
119 G 119  0.083282 -0.890981 -0.404528 -0.578362 -2.069917 -0.300495 -0.335387  1.332673 -1.028411 -2.334286 -2.257685 -0.636372 -1.461751 -2.237109 -0.621039  0.019771 -1.003312 -2.032990 -1.834307 -1.602110
120 L 120  0.265804 -1.121423 -1.452698 -1.358104 -1.147519 -0.641527 -0.560147 -1.591849 -1.567802  0.111035  0.104512 -0.870828  0.124132 -1.144463 -1.434186 -0.593145 -0.463072 -2.106933 -1.175917  0.431536
121 F 121 -0.990254 -1.659314 -2.035031 -2.581823 -0.950546 -1.355179 -1.900212 -2.756339 -1.164894  0.693013  1.361018 -1.600364  0.576878  0.811662 -2.339243 -1.420092 -0.981944 -0.718748  0.946187  0.239258
122 A 122 -0.097885 -1.205688 -0.748048  0.124602 -1.565503 -0.374621  0.120781 -1.256056 -0.918788 -0.978618 -1.313751 -0.733984 -0.912128 -1.768700 -0.809911 -0.183064 -0.478414 -2.563430 -1.502242 -0.575790
123 Q 123 -0.272305 -0.167121 -0.534918 -0.206106 -1.836067  1.770159  0.621403 -1.535381 -0.705591 -1.509223 -1.143228 -0.042393 -0.296942 -1.778964 -1.092105 -0.083706 -0.524733 -1.913091 -1.047885 -1.003002
124 I 124 -0.097179 -2.010141 -1.930974 -2.043994 -0.563038 -1.811439 -1.838834 -2.343153 -2.107046  1.814056  0.700375 -1.820888  0.337513 -0.456566 -1.905105 -0.826135 -0.171292 -2.137299 -0.925267  1.634420
125 Q 125  0.074155  0.695007  0.154502 -0.901358 -1.434853  0.182943 -0.191551 -0.964262 -0.756010 -1.650548 -1.306283  0.426213 -0.783277 -1.978024 -1.159019  0.405681  0.360798 -2.244708 -1.540185 -1.253086
126 A 126  0.257489  0.030320 -0.022769 -0.290770 -1.598744  0.561634  0.541892 -0.996197 -0.559718 -1.637200 -1.467945  0.316915 -0.835037 -1.945873 -0.970791  0.505249 -0.006797 -2.273097 -1.412221 -1.106499
127 A 127  1.132882 -1.208858 -1.308838 -1.551948 -0.150844 -0.956604 -1.129482 -1.207020 -1.666079 -0.041896 -0.240328 -1.083543 -0.200570 -1.231956 -1.253441  0.307645  0.022283 -2.245096 -1.383712  0.187678
128 A 128  2.068508 -1.048812 -1.309048 -1.475991  0.473253 -1.035505 -1.147779  0.282691 -1.618756 -1.190170 -1.184241 -1.024288 -1.010460 -1.718974 -1.031577  0.566696 -0.278317 -2.173639 -1.697411 -0.556292
129 T 129 -0.593527 -0.852517 -1.587995 -2.146494 -0.612680 -1.116966 -1.475699 -2.521562 -1.766891  0.599394  1.030775 -1.023252  0.483722 -0.774564 -1.953814 -1.038723 -0.376133 -1.908857 -1.068170  0.323032
130 K 130 -0.292618  1.251400 -0.064670 -0.754739 -2.028412  1.123391  0.274101 -0.687540 -0.501042 -2.196069 -1.634615  0.928395 -0.763132 -2.230160 -1.151841 -0.141228 -0.756274 -2.088940 -1.448435 -1.706760
131 A 131  2.789790 -0.718524 -1.314554 -1.427105 -0.161340 -0.716507 -0.692925 -0.089412 -1.463662 -0.864873 -0.858869 -0.720366 -0.815887 -1.607108 -0.755263  0.744425  0.090491 -2.341312 -1.564126 -0.112776
132 W 132 -1.819008 -2.141318 -2.753510 -2.916457 -1.395622 -1.686678 -2.298355 -1.959414 -1.562544 -1.066544 -0.331189 -2.141716 -0.167177  1.280920 -2.906710 -1.991729 -1.373302  4.822790  1.158290 -1.348082
133 R 133 -0.600209  1.520594 -0.398725 -1.202580 -2.027721  0.213213 -0.095967 -1.360646 -0.596974 -1.780771 -1.182268  1.238384 -0.671634 -1.613662 -1.342731 -0.512334 -0.804859 -2.021000 -1.205871 -1.562696
134 K 134  0.022756  0.465548 -0.237250 -0.622215 -1.744498  0.492190  0.523831 -0.994644 -0.652515 -1.662260 -1.362805  1.237187 -0.717275 -1.914767 -0.943467  0.283583 -0.481895 -2.181976 -1.380749 -1.117151
135 L 135 -0.557821 -1.852676 -2.179990 -2.522723 -0.760992 -1.637448 -1.992238 -2.713169 -2.155348  1.959904  1.853786 -1.657215  1.099836 -0.090698 -2.012269 -1.439029 -0.519275 -1.780264 -0.668549  1.645050
136 P 136  0.166125 -0.085414 -0.779701 -0.857915 -1.527944 -0.092892 -0.339290 -0.900141 -0.971177 -1.735849 -1.549733 -0.090670 -0.967148 -2.165655  1.387657 -0.026156 -0.361858 -2.313725 -1.648621 -1.219815
137 V 137 -0.435842  0.243521  0.063973 -0.198503 -1.564932  0.154318  0.064157 -0.834522 -0.475544 -1.402648 -1.364091  0.192513 -0.786732 -1.717792 -0.238705  0.008952 -0.377576 -2.012376 -1.278046 -1.144460
138 K 138  0.030426  0.281186 -0.557479 -0.951544 -1.147678 -0.105776 -0.305708 -0.875631 -0.819407 -1.042439 -0.681965  0.447844 -0.443352 -1.397286 -0.227249 -0.104314 -0.294476 -1.655378 -1.137790 -0.753674
139 G 139  0.383737 -0.848428 -0.212582 -0.527969 -1.188999 -0.831173 -0.802425  2.044259 -1.008958 -1.657052 -1.654177 -0.784607 -1.263947 -1.421602 -0.883501  0.123154 -0.645766 -1.167248 -1.403200 -1.154589
140 D 140 -0.362843 -0.082203  0.041101  0.807890 -1.245866  0.561281  1.485405 -0.602382 -0.041101 -0.965226 -1.006327  0.239539 -0.684585 -0.965226 -0.321742  0.000000 -0.321742 -1.006327 -0.684585 -0.684585
