  128         A         R         N         D         C         Q         E         G         H         I         L         K         M         F         P         S         T         W         Y         V    
  1 M   1 -0.164335 -0.204227 -0.355273 -0.506318 -0.164335 -0.066494 -0.355273 -0.519608 -0.355273  0.217517  0.355295 -0.204227  0.728579  0.000000 -0.355273 -0.190937 -0.164335 -0.204227 -0.164335  0.190915
  2 A   2  0.179177 -0.421817 -0.615839 -0.873968 -0.484121 -0.020297 -0.518617 -0.631178 -0.764014 -0.183876  0.051757 -0.366914  0.775045 -0.506976 -0.652111  0.038042 -0.247332 -0.845985 -0.647453 -0.027917
  3 Y   3 -1.911633 -1.922200 -1.922200 -2.867449 -1.911633 -0.976952 -1.922200 -2.867449  1.879929 -0.945248 -0.945248 -1.922200 -0.945248  2.899152 -2.878017 -1.911633 -1.911633  1.901065  6.648443 -0.955816
  4 S   4 -0.380798  0.566242  0.576178 -0.554844 -2.040921  1.114070  0.306993 -1.245844  0.305810 -2.306540 -1.911581  0.328165 -0.832335 -2.234189 -1.290346  0.985436  0.227122 -2.465630 -1.279208 -1.932073
  5 E   5 -0.918342 -0.213193  0.084454  1.835510 -3.213510  1.600557  2.946520 -1.599857 -0.427553 -2.789895 -2.771011  0.601176 -1.701928 -2.876563 -0.724191  0.071525 -0.865490 -2.994372 -2.027883 -2.048426
  6 K   6 -0.693341 -0.372453 -1.049679 -1.813920 -1.975231 -0.454716 -0.632564 -2.437319 -1.620937 -0.199560 -0.415589  0.863618 -0.037636 -1.751377 -1.691164 -0.813120 -0.457987 -2.791764 -1.394227  0.354142
  7 V   7 -0.448282 -2.868780 -2.916514 -2.972968 -0.984570 -2.347251 -2.402077 -3.384336 -2.935321  3.234445  1.524798 -2.349195  1.014391 -0.543013 -2.407909 -1.932787 -0.418283 -2.884749 -0.996651  3.308219
  8 I   8 -0.895582 -1.524738 -2.303343 -3.087018 -1.228502 -1.322975 -2.191602 -3.344233 -2.338249  1.408077  2.189875 -1.296100  1.860526 -0.362543 -2.473001 -1.466300 -0.866287 -2.016284 -1.019263  0.965621
  9 D   9 -1.734270 -1.466320  0.789498  4.879348 -3.137189  0.444693  2.486293 -1.202430 -0.766462 -2.949157 -3.676631 -0.495514 -2.683723 -2.943163 -1.004872  0.017483 -0.958364 -3.700971 -2.698104 -2.731696
 10 H  10 -1.899885 -0.065292  0.707863 -1.163619 -2.876182 -0.081165 -0.147346 -2.066528  7.059783 -2.747832 -2.698628 -0.990306 -1.823386 -0.805529 -2.056495 -1.041701 -1.920984 -1.816683  2.033536 -2.756870
 11 Y  11 -1.338349 -2.012365 -1.618878 -2.441890 -1.745854 -1.476627 -1.977263 -2.224147  0.343054 -0.904432 -0.894826 -1.913733 -0.684759  2.575903 -2.908444 -1.125475 -1.509118  0.470257  3.553076 -1.113153
 12 E  12 -0.919769  0.858077  0.082354 -0.698424 -2.634120  0.712976  0.715239 -1.905841 -0.601061 -2.148993 -1.566922  1.401282 -0.631633 -2.124421 -1.537011 -0.125853 -0.639110 -2.573411 -1.485304 -1.693858
 13 N  13 -1.670471  0.173328  3.864938  0.313670 -2.695340  0.060063  0.034442 -0.667705  1.869326 -2.853424 -2.771414  0.050853 -1.806263 -2.500147 -1.882811  0.539864 -0.408292 -3.372091 -1.231796 -2.779298
 14 P  14 -0.983919 -1.878907 -1.933869 -0.997541 -2.977716 -0.937777 -0.957081 -1.980818 -1.953859 -2.984205 -2.963975 -0.911727 -1.964034 -3.954384  6.754360 -0.954397 -0.983919 -3.957830 -2.960932 -2.003971
 15 R  15 -1.115625  3.366131  0.070460 -1.635875 -2.902078  1.002705  0.134515 -2.017217  1.013699 -2.813419 -2.022217  1.544867 -0.995586 -2.574398 -1.813718 -0.824442 -1.089031 -2.721619 -1.255127 -2.653019
 16 N  16 -1.890611 -0.098038  4.720706  0.490162 -2.959557 -0.117805 -0.140040 -0.142045  1.902922 -2.969333 -2.960933 -0.273059 -1.990034 -2.518021 -2.023706  0.568838 -0.436463 -3.462791 -1.261712 -2.936126
 17 V  17 -0.314049 -0.841695 -1.766022 -2.334378 -1.605689 -0.899307 -1.248687 -2.397255 -1.362976  0.176781 -0.291191 -0.621672  0.064870 -0.823079 -1.985338 -1.140744 -0.613807 -2.255310 -0.582617  0.632004
 18 G  18 -0.162872 -1.572102 -0.074578 -1.137128 -2.887946 -1.731919 -1.838901  4.938548 -1.616759 -3.726971 -3.628839 -1.725535 -2.695471 -2.780756 -2.022734 -0.146839 -1.906131 -1.955664 -2.605699 -2.861648
 19 S  19 -0.048005 -0.619297 -0.555771 -0.773997 -1.873827 -0.042337  0.286325 -1.664961 -1.191229 -1.237115 -1.052278 -0.039179 -0.650761 -1.972659 -1.218444  0.528544  0.133416 -2.722180 -1.692267 -0.815620
 20 F  20 -1.015931 -1.547919 -2.475654 -3.156232 -1.346251 -1.730165 -2.412193 -3.334859 -2.325462  1.477087  1.946547 -1.748388  1.391629  0.138641 -2.697412 -1.695682 -0.999669 -1.959891 -0.742475  0.869872
 21 D  21 -0.958471 -0.881323  0.144781  2.216714 -2.988898  0.604669  2.293784 -1.434503 -0.744156 -2.622902 -2.889895  0.001517 -2.026244 -2.861023 -0.204959  0.061539 -0.593074 -3.263123 -2.307390 -2.004045
 22 N  22 -1.167087 -0.398772  0.874310  1.385054 -2.851916  0.265749  0.949154 -0.901090 -0.637134 -2.838548 -2.840190  0.657897 -1.879750 -2.911686 -0.338698  0.102035 -0.792163 -3.310399 -2.269721 -2.329795
 23 N  23  0.706520 -1.091688 -0.632686 -0.859678 -1.467990 -0.713022 -0.570248 -0.821679 -1.119662 -1.676744 -1.694161 -0.686195 -1.243473 -1.638146 -0.250742  0.348682 -0.283300 -2.591668 -1.410798 -1.130890
 24 D  24 -1.072998 -1.202355  1.299429  2.756043 -2.388575 -0.033854  0.983671 -0.595191 -0.732876 -2.455672 -2.876662 -0.569203 -2.065121 -2.509667 -1.155166  0.592663 -0.187582 -3.247544 -2.301669 -2.253273
 25 E  25  0.327875 -0.755136 -0.967800 -0.944436 -1.214249 -0.536318 -0.457784 -0.964589 -1.139148 -0.977845 -0.991025 -0.429463 -0.706179 -1.450687 -0.321516 -0.124001 -0.383136 -2.109101 -1.270545 -0.541287
 26 N  26 -0.442989 -0.163046  0.469542  0.255865 -1.440362  0.351938  0.523518 -0.675537 -0.232980 -1.411140 -1.356574  0.134782 -0.829125 -1.361816 -0.838947  0.233407 -0.198943 -1.665439 -0.945919 -1.120894
 27 V  27 -0.017174 -1.460059 -1.377113 -1.395454 -0.711705 -0.936591 -0.964154 -1.556088 -1.368871  0.968419  0.205958 -1.050846  0.257021 -0.629553 -1.176146 -0.778059  0.019334 -1.637075 -0.557068  1.395298
 28 G  28 -0.275284 -1.070927 -0.170025 -0.923135 -1.866362 -1.048337 -1.065536  1.816035 -0.038283 -1.952924 -2.035622 -1.182138 -1.489807 -1.555733 -1.463609 -0.261037 -1.212347 -1.552631 -1.161571 -1.531681
 29 S  29 -0.373374 -1.043170 -0.668726 -1.184663 -1.391789 -0.652846 -0.580318 -1.950960 -0.638682 -0.254947 -0.689635 -0.860501 -0.432835 -1.294352 -1.376017 -0.149238  1.103437 -2.062990 -0.896312  0.246496
 30 G  30  0.285038 -1.546450 -0.669569 -1.237867 -1.915117 -1.329842 -1.319082  2.147219 -1.389438 -1.810148 -2.087623 -1.424429 -1.514783 -1.968546 -1.615982 -0.183221 -1.093486 -2.039782 -1.849984 -1.092890
 31 M  31 -0.901861 -0.604836 -0.528089 -0.346414 -2.102979  0.181105  0.537675 -2.089752 -0.631903 -0.981205 -0.670542 -0.260774 -0.278899 -1.544945 -1.474786 -0.446599 -0.443012 -2.256927 -1.247945 -0.769585
 32 V  32 -0.222720 -2.028342 -1.771735 -1.917117 -1.395837 -1.431137 -1.493484 -0.968307 -2.086901  0.483440 -0.174644 -1.588189 -0.012262 -1.121560 -1.872480 -1.120697 -0.632566 -2.156451 -1.217100  1.007870
 33 G  33 -0.510803 -1.271099  0.344933 -0.705906 -2.508616 -1.170688 -1.097682  2.509436 -0.584162 -2.742140 -2.787949 -1.206661 -2.018722 -2.048596 -1.781895 -0.118730 -1.344195 -1.985208 -1.679504 -2.161692
 34 A  34 -0.195654 -0.466854  3.028187  0.258368 -2.011218 -0.255000 -0.161255 -0.160332 -0.139507 -2.272088 -2.333920 -0.256629 -1.600088 -2.585801 -1.582109  1.253990  0.136563 -3.572501 -2.009228 -2.004648
 35 P  35 -0.705971 -1.920465 -2.016694 -1.285299 -2.597493 -1.074054 -1.104512 -2.021579 -2.055706 -2.214646 -2.161983 -1.112396 -1.494571 -3.363954  5.045359 -0.941934 -0.907635 -3.675023 -2.668212 -1.443679
 36 A  36  1.010216 -1.010554 -0.897924 -1.364954 -1.001054 -0.663573 -0.749204 -1.254228 -1.789319 -0.846987 -0.621590 -0.628052 -0.495976 -1.750603 -1.330275  0.869776  0.968239 -2.565954 -1.790892 -0.347205
 37 C  37 -0.042554 -2.951505 -2.928947 -2.944838  8.681579 -2.927756 -3.907305 -2.971266 -2.842616 -1.020269 -1.023160 -2.950956 -1.010232 -1.922623 -2.975113 -0.990253 -1.010875 -1.949671 -1.847575 -1.020269
 38 G  38 -0.014120 -2.010639 -0.042359 -1.026499 -2.966540 -2.010639 -2.010639  5.848363 -2.010639 -3.880082 -3.908322 -2.010639 -2.938301 -2.952421 -2.010639 -0.028239 -1.982400 -2.010639 -2.966540 -2.910062
 39 A  39 -1.961034 -1.957666  0.971534  5.894334 -3.003987  0.033014  2.041660 -1.013307 -0.983213 -2.988940 -3.966313 -0.962326 -2.970973 -2.991860 -0.998260  0.002920 -0.995340 -3.972153 -2.973893 -2.968053
 40 V  40 -0.073332 -0.970699 -1.331246 -1.223995 -1.805022 -0.278794 -0.095014 -2.155452 -1.492195 -0.113300 -0.682799 -0.633632 -0.190890 -1.779218 -1.616811 -0.625302 -0.256257 -2.806299 -1.429192  0.518538
 41 M  41 -0.831586 -2.102009 -2.638058 -3.190029 -0.890317 -1.609718 -2.501225 -3.474058 -2.635602  2.289419  2.184138 -1.945991  2.491111 -0.173393 -2.481846 -1.629720 -0.806545 -2.077880 -0.987488  1.964914
 42 K  42 -0.678186  1.034106 -0.093296 -0.955028 -2.326891  0.499636  0.326027 -1.965606 -0.763231 -2.088733 -1.593659  1.462128 -0.863006 -2.439410 -1.350836  0.035536  0.413635 -2.600537 -1.720990 -1.453360
 43 L  43 -0.901053 -2.283949 -2.946193 -3.611456 -1.022753 -2.110332 -2.824493 -3.803498 -2.893387  2.405842  3.053946 -2.162249  1.781903  0.009542 -2.847876 -1.949842 -0.901053 -2.190416 -0.893759  1.701789
 44 Q  44 -1.150373 -0.168165 -0.718928 -1.059746 -2.362219  1.107110 -0.020413 -2.162660  0.134005 -1.920009 -1.512073 -0.386013 -0.544795 -0.703411 -1.877140 -0.570647 -0.724773 -1.007265  0.661743 -1.551785
 45 I  45 -0.762136 -2.543200 -2.961822 -3.353663 -1.020167 -2.246161 -2.699925 -3.633101 -2.901612  2.715482  2.334695 -2.308083  1.460261 -0.158571 -2.730030 -1.941945 -0.785049 -2.274243 -0.906360  2.267515
 46 K  46 -0.791882  1.517601 -0.113786 -0.844891 -2.739419  1.019550  0.789316 -1.920205 -0.716066 -2.553663 -1.783570  2.908304 -0.882616 -2.697797 -1.260773 -0.137261 -0.864642 -2.864377 -1.780500 -1.841980
 47 V  47 -0.521143 -2.734758 -2.945653 -3.173491 -1.018895 -2.201160 -2.443368 -3.400273 -2.857425  2.814663  1.767020 -2.225838  1.200808 -0.293496 -2.483320 -1.956144 -0.498657 -2.570901 -0.805728  2.873702
 48 N  48 -1.130376 -0.600875  1.121025  2.433669 -2.870741  0.528327  1.764607 -0.879209 -0.555947 -2.777158 -3.009725  0.254493 -2.046914 -2.801467 -1.167000  0.464027 -0.643625 -3.351294 -2.315213 -2.393210
 49 D  49 -1.233753 -1.333719  0.600491  2.738498 -2.964717 -0.040653  1.289611 -0.276070 -0.820171 -2.970934 -3.392098 -0.576677 -2.448807 -2.920924 -0.415207 -0.002002 -1.004644 -3.353743 -2.520049 -2.542251
 50 E  50 -1.152189 -0.512809  1.459502  1.996627 -2.486636  0.412189  1.210595 -0.874266 -0.327473 -2.426819 -2.598735  0.198932 -1.758176 -2.479080 -1.062217  0.390472 -0.310143 -3.003151 -1.967191 -2.108718
 51 G  51 -0.330078 -0.987018  0.203730 -0.091268 -2.234363 -0.643596 -0.501633  2.367652 -0.924493 -2.657499 -2.639509 -0.815952 -1.876984 -2.183041 -1.208873  0.032210 -1.065196 -1.804544 -1.909826 -2.030948
 52 I  52 -0.624681 -0.484090 -1.420104 -2.071701 -1.674970 -0.921074 -1.125264 -2.602515 -1.812705  0.381857 -0.158315 -0.123385  0.016359 -1.577502 -1.887442 -1.003280 -0.064924 -2.764986 -1.426662  0.724561
 53 I  53 -0.795125 -2.964788 -2.975259 -3.004285 -1.012371 -2.753727 -2.770383 -3.776569 -2.931961  3.712330  1.791325 -2.759913  0.998100 -0.217246 -2.782754 -1.993815 -0.795125 -2.977159 -0.981444  3.140636
 54 E  54 -0.090014 -0.461252 -0.581549 -0.261222 -2.165225  0.293856  1.006844 -1.756355 -1.179225 -1.419876 -1.436486  0.232991 -0.888296 -2.222667 -1.276504  0.149863  0.069718 -2.783955 -1.803142 -0.736578
 55 D  55 -1.619329 -1.409150  0.875264  4.574414 -2.997545  0.269381  2.021669 -1.048972 -0.785491 -2.916775 -3.605809 -0.564336 -2.635187 -2.908874 -1.084191  0.038197 -0.946074 -3.719659 -2.678332 -2.738731
 56 A  56  1.276311 -2.175508 -2.524914 -2.579159 -0.463114 -1.826267 -1.870858 -1.976665 -2.580341  1.457576  0.407768 -1.826267  0.162495 -1.187606 -1.868485 -0.732949 -0.256548 -2.943381 -1.432018  1.935005
 57 R  57  0.018998  1.082303 -0.080281 -1.116262 -1.904849  0.325636  0.073259 -1.068456 -0.980290 -2.465742 -1.898461  1.939508 -1.043618 -2.553633 -1.288889  0.739322 -0.351351 -2.771911 -1.935989 -1.888357
 58 F  58 -2.002765 -2.827733 -2.860392 -2.999813 -1.996230 -2.637994 -2.813208 -2.957745 -0.619960 -0.211007 -0.204371 -2.827471 -0.157502  5.229902 -3.815631 -2.014472 -1.967441  1.363572  3.352825 -1.015279
 59 K  59 -0.897826  0.503761 -0.089708 -0.066520 -2.691545  1.083060  1.134187 -1.907158 -0.829565 -2.320750 -1.832495  1.743569 -0.930484 -2.573089 -1.241255  0.015343 -0.517888 -2.684053 -1.780731 -1.649785
 60 T  60  0.155306 -1.499223 -0.115776 -1.018489 -1.806486 -1.403246 -1.389677  1.397600 -1.971980 -2.107537 -2.204574 -1.410031 -1.746068 -2.365398 -1.470265  0.593467  1.462406 -2.154892 -2.369971 -1.189828
 61 Y  61 -1.440318 -1.384718 -1.370515 -1.334322 -2.297128 -0.678775 -0.758028 -2.377520 -0.130728 -1.249786 -1.167939 -1.187208 -0.653361  1.553103 -2.571683 -0.948205 -1.326776 -0.701937  1.305386 -1.385415
 62 G  62  0.006207 -1.993793  0.006207 -0.993793 -2.987585 -1.987585 -1.987585  5.962755 -1.993793 -3.987585 -3.987585 -1.987585 -2.987585 -2.993793 -1.993793  0.024830 -1.981378 -2.006207 -2.993793 -2.993793
 63 C  63  0.000000 -3.000000 -3.000000 -3.000000  9.000000 -3.000000 -4.000000 -3.000000 -3.000000 -1.000000 -1.000000 -3.000000 -1.000000 -2.000000 -3.000000 -1.000000 -1.000000 -2.000000 -2.000000 -1.000000
 64 G  64  1.389588 -1.457820 -0.561465 -1.182914 -1.335351 -1.240936 -1.245141  1.995915 -1.842760 -2.283094 -2.313232 -1.245542 -1.740228 -2.384710 -1.343420  1.049177 -0.243605 -2.536623 -2.374898 -1.495981
 65 S  65  0.496933 -1.911267 -1.269956 -1.677411 -0.877108 -1.529710 -1.529710 -1.796333 -2.084866  0.845207 -0.056714 -1.529710 -0.116771 -1.122888 -1.895804  0.736055  0.071979 -2.958639 -1.558385  0.608118
 66 A  66  2.412174 -1.031247 -0.551484 -1.082388 -0.331151 -0.596835 -0.618295 -0.117746 -1.537647 -1.452782 -1.442108 -0.599729 -1.004797 -2.008687 -1.073860  2.221694  0.464277 -2.981847 -1.996110 -0.937695
 67 I  67 -0.897836 -1.567581 -1.934149 -2.112374 -1.468096 -0.460024 -1.423607 -3.210696 -2.050967  1.437449  0.705825 -1.496618  0.927183 -0.993684 -2.225496 -1.209006 -0.653223 -2.503417 -1.080961  1.263461
 68 A  68  3.831004 -1.000000 -1.831004 -1.887336 -0.056332 -0.943668 -0.943668  0.000000 -1.943668 -1.056332 -1.056332 -0.943668 -1.000000 -2.000000 -1.000000  1.168996  0.056332 -3.000000 -2.000000 -0.112664
 69 S  69  1.150329 -1.057433  0.492782 -0.383268 -0.774473 -0.272348 -0.285377 -0.299455 -1.259319 -1.706649 -1.738023 -0.272348 -0.968625 -1.984313 -1.041746  3.235073  1.289631 -2.880318 -1.984313 -1.489076
 70 S  70  1.887933 -1.057656 -0.315499 -0.941545 -0.678838 -0.575768 -0.581954 -0.237462 -1.555221 -1.433860 -1.454923 -0.575768 -0.984085 -1.986440 -1.049635  2.316301  1.093621 -2.841635 -1.995135 -0.918933
 71 S  71  0.838320 -1.056945  0.917961  0.208057 -1.102005 -0.022586  0.059387 -0.101775 -0.999177 -2.004015 -2.041543 -0.081034 -1.045279 -1.965729 -1.032975  3.692673  0.853385 -2.986992 -1.972432 -1.999344
 72 L  72 -0.482666 -1.817156 -2.453192 -3.083201 -1.013280 -1.209636 -2.168573 -3.054779 -2.216090  1.494703  1.759628 -1.629856  2.259225 -0.174902 -2.282594 -1.368729 -0.735074 -1.743404 -0.574300  1.459902
 73 V  73  0.034366 -1.555009 -2.315743 -3.018503 -0.837481 -1.097581 -2.092052 -2.700121 -2.389808  1.078751  1.785595 -1.446678  2.197513 -0.538725 -2.105750 -0.959384 -0.477957 -1.934703 -1.176340  1.077861
 74 T  74  0.207342 -1.089255 -0.106276 -1.075339 -0.868598 -0.974704 -1.016705 -1.749284 -1.797870 -0.970603 -0.993430 -0.993459 -0.905766 -1.856855 -1.159749  1.092521  3.762447 -2.166660 -1.843972 -0.199281
 75 E  75 -1.102477 -0.426459  0.142317  2.317483 -3.559206  1.500118  3.757508 -1.713862 -0.345260 -2.781741 -2.957896  0.471888 -1.968683 -2.906390 -1.059303 -0.003934 -0.846932 -3.108482 -2.116966 -1.992137
 76 W  76 -0.548683 -1.370319 -2.276765 -2.785926 -1.325521 -0.919974 -1.719213 -2.607243 -2.082057  0.034634  0.931493 -1.332347  1.070618 -0.606590 -2.371519 -1.163965 -0.845088 -0.351053 -0.825946 -0.065536
 77 V  77 -0.123667 -2.594096 -2.844816 -3.041946 -0.701288 -2.170144 -2.387791 -3.169928 -2.874985  2.592642  1.555040 -2.184701  0.979561 -0.651052 -2.368624 -1.651358 -0.421232 -2.761289 -1.119148  2.645464
 78 K  78 -0.879525  0.774351 -0.753813 -1.516090 -2.434659  0.123001 -0.000565 -2.390831 -1.342787 -1.318195 -1.006104  2.374671 -0.405320 -2.244991 -1.415499 -0.537305 -0.827045 -2.892762 -1.694052 -0.780458
 79 G  79 -0.057185 -1.900909  0.111477 -0.892074 -2.984326 -1.872838 -1.859410  5.679624 -1.907651 -3.939176 -3.936039 -1.877049 -2.935066 -2.986376 -1.969087  0.036788 -1.922334 -2.059887 -2.951792 -2.974291
 80 K  80 -0.947736  1.500720 -0.342459 -1.355261 -2.624428  0.854868  0.418846 -2.159420 -0.965488 -2.269885 -1.299452  3.392917 -0.194071 -2.471229 -1.275244 -0.219456 -0.923700 -2.669624 -1.733704 -1.558517
 81 S  81 -0.105806 -0.903963  0.195321 -0.484892 -1.461518 -0.595488 -0.510973 -1.497727 -1.407277 -1.614676 -1.606035 -0.572705 -1.206145 -2.245688 -0.481998  1.193154  2.845082 -2.516224 -2.020925 -0.900482
 82 L  82 -0.668586 -2.113157 -2.671603 -3.116290 -1.068239 -1.863921 -2.258234 -3.437008 -2.728837  2.026027  1.961977 -1.712386  1.121427 -0.603737 -2.430703 -1.738096 -0.637823 -2.500055 -1.094476  1.818563
 83 D  83 -0.727198 -0.872249  0.204708  2.327795 -2.900861  0.605188  2.217281 -1.126158 -0.734487 -2.683347 -2.960118 -0.047405 -2.077045 -2.791759 -0.843394  0.222181 -0.740729 -3.269069 -2.296539 -2.108559
 84 E  84 -1.063539 -0.176569  0.082051  2.034573 -3.654338  1.866559  4.021372 -1.867693 -0.071120 -2.905478 -2.926793  0.681262 -1.882604 -2.846592 -1.054884 -0.016880 -0.956106 -2.924166 -1.828493 -2.054051
 85 A  85  3.294530 -1.259267 -2.072713 -2.103103 -0.144844 -1.158692 -1.176616 -0.425054 -2.116992 -0.533082 -0.703999 -1.162001 -0.746379 -1.824303 -1.175401  0.605136 -0.027074 -2.949979 -1.871106  0.362455
 86 Q  86 -0.653001 -1.017875 -1.767861 -2.222156 -1.714376 -0.670818 -1.061305 -2.506312 -1.792539 -0.222496  0.763036 -0.713830  0.535820 -0.945424 -2.198136 -0.969654 -0.887746 -1.776557 -1.075641 -0.302528
 87 A  87 -0.135276  0.490724 -0.067819 -0.312387 -2.424303  0.881222  1.002223 -1.344054 -0.712076 -2.391642 -1.984932  1.319361 -1.119313 -2.623028 -1.176243  0.270858 -0.435986 -2.847220 -1.845514 -1.630477
 88 I  88 -0.893148 -2.379296 -2.815666 -3.276382 -1.039162 -2.200246 -2.713439 -3.734105 -2.823274  2.670864  2.488347 -2.275475  1.576516 -0.068724 -2.775342 -1.825931 -0.800064 -2.377877 -0.953721  1.994096
 89 K  89 -0.312586 -0.589827 -0.206249 -0.692806 -1.943928 -0.478621 -0.417531 -0.800537 -1.390001 -1.827473 -1.737431  0.117900 -1.158249 -1.995789 -1.352294  0.432253  0.728630 -2.427432 -1.798523 -1.181994
 90 N  90 -1.593306 -0.326521  2.590120  1.547624 -2.959678  0.227309  0.780065 -0.729093  0.124867 -2.885078 -2.969039  0.043814 -1.996516 -2.784399 -1.334574  0.297867 -0.553878 -3.329463 -2.004062 -2.647580
 91 T  91 -0.307322 -0.215178 -0.234218 -0.352394 -2.054028  0.128204  0.256293 -1.492910 -1.211801 -1.747735 -1.497168  0.342762 -0.944979 -2.289255 -1.343337  0.217090  0.343295 -2.712429 -1.910639 -1.183608
 92 D  92 -0.889789 -1.454907 -0.593721  1.373577 -2.415178 -0.108391  0.752038 -1.658629 -0.945083 -1.777710 -2.119358 -0.911186 -1.409010 -0.998825 -1.658848 -0.325903 -0.921695 -2.466067 -1.224235 -1.583700
 93 I  93 -0.104947 -2.526660 -2.732537 -2.865099 -0.907095 -2.170225 -2.321502 -3.087073 -2.744296  2.583375  1.304569 -2.198683  0.857847 -0.526360 -2.375200 -1.506344 -0.545020 -2.792191 -1.077297  2.509774
 94 A  94  1.063254 -1.682334 -2.309655 -2.629573 -0.770158 -1.516284 -1.785623 -1.945216 -2.167751  0.329677  0.706895 -1.568680  0.235984 -0.404870 -2.023004 -0.491100 -0.401669 -2.168612 -0.985220  0.455675
 95 E  95 -0.169912 -0.133994 -0.030856  0.731017 -2.539082  0.860463  1.659595 -1.148077 -0.745533 -2.508518 -2.371405  0.811627 -1.431455 -2.664662 -1.057052  0.482945 -0.603807 -2.988216 -2.030174 -1.793949
 96 E  96  0.084307 -1.172770 -0.460468 -0.615025 -2.507986 -0.601436  0.017530  1.104910 -0.784918 -2.588499 -2.542992 -0.936157 -1.850325 -1.971157 -1.698992 -0.026411 -1.205352 -2.114078 -1.484202 -1.859269
 97 L  97 -0.632174 -2.400152 -2.919575 -3.483854 -1.056993 -2.034299 -2.597413 -3.442821 -2.959157  2.297213  2.580431 -2.041112  1.466734 -0.451150 -2.502905 -1.937470 -0.652828 -2.426483 -1.059697  2.062497
 98 E  98  0.436910 -0.915563 -0.052959 -0.163723 -1.407292 -0.528440 -0.305311  0.593265 -1.238100 -2.416304 -2.410574 -0.549728 -1.617707 -2.435355 -1.438436  0.972299 -0.541744 -2.770343 -2.221964 -1.922431
 99 L  99 -0.920878 -0.853698 -1.773540 -2.507545 -1.752668 -0.689109 -1.298337 -3.057611 -1.967567  0.219861  1.456409 -0.278884  0.740417 -1.099064 -2.269668 -1.220807 -0.965690 -2.367958 -1.263676 -0.032265
100 P 100 -1.253821 -2.112198 -2.079952 -1.752348 -2.477328 -1.347117 -1.554228 -2.274342 -1.256225 -1.821234 -1.750466 -1.530705 -1.116089 -0.727257  2.418314 -1.176574 -1.215880 -1.976322 -0.312602 -1.471779
101 P 101 -0.884552 -1.644353 -1.674562 -0.639776 -2.981444 -0.628493 -0.361398 -1.923559 -1.718245 -2.904589 -2.885039 -0.676779 -1.923973 -3.755046  5.507479 -0.798173 -0.952044 -3.813380 -2.804234 -1.948586
102 V 102  0.921693 -1.390102 -1.508550 -1.623895 -1.250003 -0.500344 -0.569057 -1.591683 -1.702817 -0.011715 -0.570191 -0.952468 -0.101264 -1.707672 -1.475361 -0.271180 -0.193409 -2.808892 -1.461187  0.786442
103 K 103 -0.978056  3.319561  0.010568 -1.439584 -2.976439  0.988624  0.537663 -1.977247 -0.548231 -2.987007 -1.998383  3.590237 -0.999192 -2.987007 -1.450152 -0.408689 -0.978056 -2.997575 -1.998383 -2.449344
104 I 104 -0.684897 -2.284428 -2.660068 -3.014425 -1.117590 -1.784396 -2.299401 -3.332874 -2.615900  2.352679  1.694235 -1.920370  1.625218 -0.379262 -2.349180 -1.706733 -0.703315 -2.382892 -0.901264  2.245779
105 H 105 -1.541783  0.906224  0.559664 -0.946060 -2.998526  0.449558  0.464879 -1.985315  3.797303 -2.984478 -2.540322  1.648251 -1.548988 -1.931713 -1.532339 -0.545210 -1.523476 -2.479544  0.116745 -2.546117
106 C 106  0.056478 -2.969336 -2.983455 -2.983455  8.865648 -2.969336 -3.954407 -2.955216 -2.983455 -0.999192 -0.999192 -2.969336 -0.999192 -1.998383 -2.969336 -0.970952 -0.985072 -2.012503 -1.998383 -0.985072
107 S 107  2.294200 -1.021636 -0.405256 -0.947334 -0.493664 -0.501442 -0.507883 -0.077433 -1.479850 -1.514605 -1.514605 -0.501442 -0.994411 -1.960139 -1.026416  2.532549  0.613609 -2.950127 -1.974480 -1.051610
108 I 108 -0.543370 -1.831043 -1.481500 -2.408908 -1.174834 -1.383895 -1.860004 -2.757709 -2.267020  1.145978  0.985388 -1.541248  1.002051 -0.883937 -2.066481 -0.908549  0.588108 -2.345401 -1.236475  1.353717
109 L 109 -0.991606 -1.901555 -2.883702 -3.863958 -0.999524 -1.801449 -2.877674 -3.877198 -2.885592  1.911016  3.740804 -1.891748  2.263908 -0.009807 -2.881454 -1.889848 -0.991606 -1.911005 -0.997634  1.025186
110 A 110  2.419188 -1.328035 -1.239065 -1.552479 -0.875461 -1.195652 -1.202550  1.275770 -1.923832 -1.760800 -1.809317 -1.195652 -1.459199 -2.247505 -1.060738  0.898790 -0.422970 -2.760814 -2.236225 -0.905161
111 E 111 -1.419751 -1.331635 -1.971275 -1.365590 -2.484702 -0.162799  0.188019 -1.990340 -1.158337 -2.277915 -1.831435 -1.062208 -1.065407 -0.969384 -2.379651 -1.337907 -1.282691  2.579912 -0.130379 -1.869642
112 D 112 -1.351836 -0.255432  0.511153  1.319928 -2.858493  0.570611  1.293462 -1.475386  0.341155 -2.616092 -2.563320  0.525193 -1.420626 -2.381435 -1.341744 -0.080060 -0.992852 -2.767885 -1.598324 -2.235733
113 A 113  2.909825 -1.176782 -1.703328 -1.886016 -0.297506 -1.105397 -1.109718 -0.389743 -2.061658 -0.753267 -0.913258 -1.103636 -0.886335 -1.927792 -1.114677  0.725978  0.675822 -2.800882 -1.932473  0.218404
114 I 114 -0.907691 -2.352473 -2.901409 -3.424363 -1.014060 -2.227029 -2.807306 -3.611926 -2.699558  2.167988  2.493865 -2.292291  1.401925  0.347487 -2.907483 -1.850278 -0.978311 -1.778404 -0.620581  1.426958
115 K 115 -1.081220  1.354174  0.116617 -0.443116 -3.030493  1.301505  1.343142 -1.928061  0.293335 -2.796094 -2.168751  2.351906 -1.132805 -2.647263 -1.230646 -0.236759 -1.005481 -2.735674 -1.407165 -2.097751
116 A 116  1.135434 -0.351324 -0.573614 -0.328174 -1.509851  0.052066  0.241989 -0.820255 -1.166469 -1.824924 -1.726204  0.157577 -1.169813 -2.295966 -1.132936  0.636709 -0.359363 -2.979275 -1.917965 -1.160959
117 A 117  3.328764 -1.132986 -1.772929 -1.886628 -0.255711 -1.110601 -1.131477  0.455645 -1.986515 -1.193296 -1.203549 -1.120659 -1.096172 -2.020153 -1.143531  0.801988 -0.210086 -2.818870 -2.039148 -0.260390
118 I 118 -0.555438 -2.465558 -2.760251 -3.081148 -0.932498 -2.298511 -2.590088 -3.462631 -2.816847  2.727424  2.096232 -2.303276  1.108687 -0.282868 -2.599083 -1.691606 -0.581744 -2.570048 -1.027993  2.233763
119 A 119 -0.018699 -0.074140  0.096972 -0.321663 -2.024151  0.234269  0.505941 -1.107644 -0.383426 -1.992789 -1.821286  0.431577 -1.164246 -1.988944 -1.313285  0.273097 -0.504549 -2.433126 -1.273488 -1.466381
120 D 120 -1.276441 -0.683105  1.246098  2.387236 -2.416368  0.473313  1.209968 -0.917929 -0.341840 -2.281201 -2.562724 -0.107923 -1.729016 -2.353533 -1.047403  0.173536 -0.566818 -2.919264 -1.894210 -2.072683
121 Y 121 -0.996461 -1.320538 -1.365184 -1.914280 -1.376611 -0.752482 -1.238529 -1.945341  0.738850 -0.692669 -0.674756 -1.236860 -0.628475  1.388087 -2.003329 -1.101369 -1.182493  0.674559  3.372322 -0.658690
122 K 122 -0.685949  0.829015 -0.430683 -1.011313 -1.825321  0.458868  0.164646 -1.587784 -0.381055 -1.369328 -0.825913  0.779000 -0.400181 -1.361477 -1.212240 -0.494299 -0.707274 -1.627525 -0.693936 -1.148307
123 S 123 -0.075748 -0.337250 -0.060514 -0.383252 -1.614865 -0.052086  0.091153  0.021965 -0.787652 -1.579497 -1.470972  0.084910 -0.931811 -1.590821 -1.007247  0.314431 -0.347707 -1.803404 -1.347326 -1.136015
124 K 124 -0.568425  0.881792  0.041233 -0.128967 -1.824026  0.582624  0.882460 -1.069468 -0.436693 -1.718057 -1.341745  1.923571 -0.766013 -1.742613 -0.672643  0.001791 -0.532832 -1.810274 -1.215135 -1.244965
125 R 125 -0.414010  0.544127  0.139142 -0.313775 -1.192671  0.812036  0.334733 -0.785251  0.387199 -1.152413 -0.871729  0.450784 -0.343497 -1.068897 -0.634735 -0.107101 -0.407608 -1.062109 -0.430129 -0.921221
126 E 126 -0.201029 -0.101499  0.168594  0.270837 -0.908036  0.210711  0.427373 -0.163842 -0.217524 -0.885032 -0.861115  0.106621 -0.555971 -0.898841 -0.367758  0.077631 -0.229699 -0.946274 -0.681246 -0.669090
127 A 127  0.069911 -0.053133 -0.109069 -0.277569 -0.505384 -0.002063 -0.051508 -0.129707 -0.335525 -0.507688 -0.413512  0.168752 -0.219876 -0.601660 -0.297818  0.103564 -0.137647 -0.693965 -0.497777 -0.334940
128 K 128 -0.153756  0.261984  0.000000 -0.030146 -0.505247  0.232613  0.321346 -0.307511 -0.084004 -0.461267 -0.351492  0.506824 -0.189017 -0.461267 -0.170807 -0.017051 -0.153756 -0.452547 -0.298792 -0.324562
