
Last position-specific scoring matrix computed, weighted observed percentages rounded down, information per position, and relative weight of gapless real matches to pseudocounts
           A  R  N  D  C  Q  E  G  H  I  L  K  M  F  P  S  T  W  Y  V   A   R   N   D   C   Q   E   G   H   I   L   K   M   F   P   S   T   W   Y   V
    1 M   -3 -4 -5 -6 -4 -3 -5 -5 -4  0  3 -4  8  2 -5 -4 -3 -3 -3  1    0   0   0   0   0   0   0   0   0   2  26   0  57   7   0   0   0   0   0   9  1.30 0.42
    2 H    1  2  2 -2 -3  0  0 -2  4 -4 -3  0  0 -4  2  2  0 -4 -2 -3   11  14  11   0   0   4   7   0  15   0   0   4   2   0   9  16   7   0   0   0  0.37 0.20
    3 H   -3 -3  1 -3 -4  1  1  0  7 -1 -3 -1 -2  2 -2 -2  1 -4  1 -3    0   0   5   0   0   7   8   6  35   5   1   3   1  12   2   0  11   0   4   1  0.66 0.33
    4 H   -2 -1  2  3 -4  1 -1 -1  4 -4 -3  2 -3 -4  0  1 -2 -4  0 -2    1   2  12  17   0   8   1   3  13   0   2  18   0   0   5  10   0   0   4   4  0.40 0.25
    5 H   -3  0  0  2 -5  2  1 -2  4  0 -1  1  0 -2  4 -2 -2 -5 -3 -2    1   4   5  11   0   8   9   2  13   6   6   8   2   1  19   1   1   0   0   2  0.40 0.25
    6 H   -2  1  5  3 -5  0  0 -2  3 -2 -4  1 -4 -4 -3  1 -1 -5  0 -1    1   7  27  16   0   3   4   2   7   2   1   8   0   0   0  12   3   0   3   5  0.49 0.31
    7 H   -1  1  3  0 -4  1 -1  2  1 -5 -5  1 -4 -3 -1  1  1 -5 -2 -4    4   9  19   5   0   6   3  13   4   0   0   9   0   1   3  13  10   0   2   0  0.36 0.26
    8 G    0 -1  3  4 -1 -2 -1  4 -4 -5 -6 -2 -5 -6 -3  1  0 -6 -5 -3    8   3  15  24   1   1   2  27   0   0   0   2   0   0   1   9   6   0   0   1  0.66 0.38
    9 G   -1 -2 -2 -2 -6 -2 -1  6 -3 -6 -7 -1 -6 -4 -2  1  0 -6 -4 -6    5   2   1   2   0   2   4  61   1   0   0   3   0   1   2   9   6   0   1   0  1.14 0.54
   10 L   -1  1 -1 -2  0 -1  1 -2 -2  1  2  0  1  1 -3 -1  0 -3  1  1    3   9   2   2   3   1   9   2   1  11  19   6   4   5   0   2   7   0   5   9  0.10 0.13
   11 V   -1 -3 -1  1 -2 -1 -2 -2 -3  4  1 -1  2 -2 -3 -1 -2 -5 -2  3    4   1   2  10   1   2   1   3   0  24  12   4   4   1   1   5   1   0   1  21  0.32 0.25
   12 P   -2 -3  3  4 -4 -1 -1 -1 -1 -5 -4 -3 -5  1  4  1 -1 -5  0 -4    2   1  12  23   0   3   3   4   1   0   1   1   0   6  23  12   4   0   3   1  0.66 0.40
   13 R    0  1  0 -3 -2 -1 -1 -2 -2 -1  0 -1 -1  5  0  0 -2 -1  1 -2    7   7   5   1   1   2   5   3   1   3   8   5   2  29   5   9   2   1   4   1  0.32 0.25
   14 G   -1 -1  0  1 -3  1  3  3 -3 -3 -3  0 -2 -5  1  0 -1 -5 -4 -3    3   4   4   8   0   5  22  24   0   2   3   6   1   0   8   7   3   0   0   1  0.39 0.28
   15 S    0 -3  2  0 -5  0  4 -3 -2 -3 -4 -2 -3  0 -1  3  2 -1 -4 -3    6   1   9   5   0   3  26   1   1   1   1   1   0   5   3  21  13   1   0   2  0.50 0.40
   16 M   -5 -5 -5 -7 -3 -5 -4 -5 -6  0 -1 -4  2  8 -3 -4 -5 -3  4 -2    1   1   0   0   1   0   1   1   0   6   6   2   5  59   2   2   1   0  11   2  1.75 0.80
   17 D   -1 -2  2  4 -3  0  3 -3 -1 -1 -1 -2 -2 -4  2  0  0 -6 -4 -2    5   1   9  20   1   3  18   2   1   4   8   2   1   1  10   5   6   0   0   3  0.35 0.29
   18 D   -3 -2  0  4 -4  0  5 -4 -1 -5 -4  0 -2 -4  0 -1 -2 -4 -6 -5    1   2   4  23   0   3  43   1   1   1   1   4   1   1   5   5   2   0   0   1  1.00 0.60
   19 I   -3 -3 -3 -4 -6 -3 -2 -6 -4  2  1 -4  2  7 -4 -3 -3 -4 -1  0    2   2   1   1   0   2   3   1   0  10  13   1   4  50   1   2   1   0   1   5  1.23 0.61
   20 Y   -1 -3 -1 -3 -1 -1 -3 -4 -2  0  4 -2  4  1 -1  0 -2  0  1  1    4   1   3   1   2   3   1   1   1   5  35   2   9   4   4   6   2   1   5   9  0.38 0.29
   21 K    1  3 -1 -2 -4  1  1 -2  0 -3 -3  3 -3 -5 -2  1  2 -6 -2 -3   10  13   3   2   0   6   9   3   2   1   2  19   0   0   2  10  14   0   1   2  0.39 0.32
   22 A    2  0 -2 -3 -3 -2 -1 -3 -2  0  1  1  4  1 -1  0 -1 -2 -2  2   17   5   1   1   0   2   3   2   1   4  11   8  11   6   3   9   3   1   1  15  0.21 0.22
   23 A    1 -2 -3 -4 -6 -3 -3 -4 -3  3 -1 -1  8 -3 -4 -2  0 -4 -3  1   13   2   1   1   0   1   2   1   1  16   5   4  34   1   1   3   5   0   1   8  0.94 0.56
   24 V    3 -1 -3 -3 -3 -2 -2 -2 -4  1 -1  1  4 -2 -3  0  1 -4 -3  1   28   4   1   1   0   1   2   3   0   7   5   9  10   2   1   7  10   0   1   8  0.36 0.32
   25 E   -1  0 -1  4 -3  1  4 -3  1 -1 -4  1 -2 -4  0  0 -1 -6 -3 -3    5   5   3  19   1   6  23   2   4   4   1   9   1   1   5   6   3   0   1   2  0.44 0.34
   26 Q   -2  0  1  1 -3  3  4 -1  2 -5 -4  2 -1 -2 -1 -1 -2 -3 -2 -3    3   6   7   9   1  13  24   5   4   0   1  10   2   2   3   5   2   0   2   2  0.45 0.34
   27 L   -5 -3 -4  0 -5 -4 -5 -4 -4  1  5 -2  2  3 -5 -5 -4 -4 -2 -2    1   1   1   7   0   1   1   2   0   6  56   3   5  12   0   1   1   0   1   2  1.05 0.57
   28 T   -1 -2  1  0 -4 -3 -2 -3 -4 -4 -4 -1 -3 -5 -1  4  5 -7 -4 -3    4   2   6   4   0   1   3   2   0   1   2   4   1   0   3  31  33   0   0   1  0.86 0.59
   29 E    0  0 -2  2 -6  2  6 -4 -3 -5 -4  0 -3 -6  1 -3 -2 -7 -2 -4    7   4   2  11   0   7  45   1   0   1   2   6   1   0   6   1   2   0   2   2  0.89 0.57
   30 E    0 -3 -2  4 -6  1  6 -5 -3 -4 -6  0 -4 -6 -4 -1 -4 -8 -5 -5    8   1   2  23   0   6  44   1   1   1   0   5   0   0   1   4   1   0   0   1  1.14 0.67
   31 Q   -5 -1 -4  0 -8  7  4 -6 -1 -3 -2 -1  2 -6 -2 -2 -3 -7 -6 -5    1   3   1   4   0  43  26   0   1   2   4   4   4   0   3   2   2   0   0   1  1.30 0.76
   32 K   -3 -1 -4 -3 -4  1  1 -6 -4  5  1  2  1 -3 -5 -4 -3 -6 -4  2    2   4   1   1   0   6   9   0   0  34  12  12   4   1   0   1   2   0   0  11  0.67 0.42
   33 N    2  0  1  1 -3  2  3 -2 -2 -3 -4  2 -2 -5 -4  0 -1 -6 -5 -2   20   4   5   9   0  10  19   2   1   2   1  10   1   0   0   8   3   0   0   3  0.41 0.34
   34 E   -3 -3 -2  3 -5  0  6  0 -3 -4 -4 -1 -2 -5 -6 -4 -5 -3 -6 -3    2   2   2  13   0   3  56   7   1   1   2   3   1   1   0   1   0   0   0   3  1.29 0.72
   35 F   -5 -6 -8 -8  1 -7 -7 -8 -4  3  4 -7  2  5 -8 -6 -5 -3  3 -2    1   0   0   0   3   0   0   0   0  17  39   0   4  24   0   0   0   0   9   2  1.31 0.64
   36 K   -4  5 -4 -5 -5  1 -1 -6 -2 -4 -4  6 -2 -4 -7 -4 -3  0 -4 -6    2  29   1   0   0   5   3   0   1   1   2  48   1   1   0   1   2   1   1   0  1.51 0.78
   37 A    0  1 -1  2 -5  1  6 -4 -2 -5 -6  1 -3 -5 -6 -3 -2 -3 -6 -5    8   6   2   9   0   6  51   1   1   1   1   7   1   1   0   2   2   0   0   1  1.12 0.65
   38 A    6 -5 -7 -7  2 -3 -5 -4 -7 -1 -3 -4  3 -5 -5 -2 -1 -7 -3  0   66   1   0   0   4   1   1   1   0   3   2   1   6   0   0   2   4   0   1   6  1.43 0.76
   39 F   -9 -9 -9 -10 -9 -10 -10 -10 -8 -7 -5 -10 -7 10 -10 -9 -9 -6 -1 -8    0   0   0   0   0   0   0   0   0   0   1   0   0  97   0   0   0   0   1   0  3.83 1.46
   40 D   -1  3  2  3 -1  1  1 -3 -1 -5 -4  3 -1 -4 -5  2 -2 -4 -4 -4    5  14   8  17   1   7   8   2   1   1   2  14   2   1   0  13   2   0   1   1  0.48 0.36
   41 I   -1 -3 -2 -5 -3 -3 -1 -5 -1  2  4 -3  4 -1 -6 -2 -2 -3 -3  2    6   2   2   0   0   1   4   1   2   9  39   2  11   3   0   3   2   0   1  13  0.63 0.39
   42 F   -7 -9 -9 -9 -3 -9 -7 -9 -4  0 -1 -7  2  9 -9 -7 -8 -5  4 -4    0   0   0   0   1   0   0   0   0   5   6   0   5  68   0   0   0   0  12   1  2.50 1.07
   43 V   -5 -6 -4  9 -4 -5 -2 -6 -4 -7 -9 -7 -9 -9 -8 -5 -6 -10 -9 -4    1   1   1  90   0   0   2   1   1   0   0   0   0   0   0   1   0   0   0   2  2.97 1.29
   44 L   -1  3 -3 -2 -4  0  0 -4 -2 -1 -2  4  0 -5 -3 -1  3 -2 -3 -1    6  14   1   2   0   4   5   1   1   3   5  29   2   0   1   5  15   1   1   4  0.52 0.38
   45 G   -5 -4  4  7 -8 -1  1 -5 -4 -5 -6 -2 -3 -8 -5 -3 -1 -8 -7 -4    1   1  15  56   0   3  10   1   0   1   1   2   1   0   1   2   4   0   0   2  1.61 0.82
   46 A   -2 -2  2  0 -2 -2 -2  6 -2 -4 -4 -2 -4 -4 -2 -2 -2 -4 -4 -4    4   2  11   6   1   2   3  52   1   1   2   3   1   1   3   3   3   0   1   2  0.97 0.43
   47 E   -1  1  0  0  0  0  0  0  1 -2 -2  3 -1 -2 -2  2  0 -2 -2 -2    4   9   4   5   2   4   5   7   3   2   4  17   1   1   2  18   6   0   1   3  0.19 0.13
   48 D   -3 -1  4  6 -2 -2 -1 -2 -3 -3 -3 -2 -3 -4 -3  0  0 -4 -2 -3    3   3  15  43   1   2   3   4   1   1   3   3   1   1   2   7   5   0   1   2  0.91 0.41
   49 G   -5 -5 -2 -5 -4 -5 -4  7 -4 -8 -7 -4 -3 -5 -7 -4 -7 -7 -7 -7    1   1   2   1   0   1   1  86   1   0   1   1   1   1   0   1   0   0   0   0  2.44 1.07
   50 S   -1  0 -2 -1  1 -1 -2 -5 -1 -3 -2  3  1  3 -4  0  3 -3  3 -1    5   5   1   3   3   3   2   0   2   1   3  17   3  12   1   7  16   0  11   4  0.42 0.33
   51 I   -8 -9 -9 -9 -8 -9 -9 -9 -9  8 -1 -9 -1 -3 -9 -8 -4 -9 -8  0    0   0   0   0   0   0   0   0   0  84   5   0   1   1   0   0   2   0   0   5  2.78 1.15
   52 S   -3 -4  0  3 -3 -3 -2 -3 -4 -6 -5 -2 -4 -5 -2  4  5 -8 -5 -5    2   1   4  15   1   1   3   3   0   0   2   3   0   1   3  28  33   0   0   1  1.00 0.65
   53 T    3  0 -4 -4  0 -2 -2 -4 -2  1 -1  0 -1  0  0 -1  1 -1  2  2   23   4   1   0   2   2   2   1   1   7   7   5   1   5   5   4  10   1   6  14  0.25 0.23
   54 K    0  1  0  3 -6  1  3 -2  0 -5 -4  3 -2 -4 -4  0 -1 -3 -4 -4    9   6   4  15   0   6  18   3   2   0   2  18   1   1   1   8   4   0   0   1  0.48 0.37
   55 E   -5 -6 -1  2 -3  1  7 -5 -4 -6 -7 -4 -4 -9 -7 -4 -2 -8 -5 -4    1   0   3   9   1   7  69   1   0   1   1   1   0   0   0   2   2   0   1   2  1.91 0.99
   56 L   -6 -8 -9 -9  1 -8 -8 -9 -8  1  6 -8  0  0 -8 -8 -5 -7 -4 -1    1   0   0   0   2   0   0   0   0   8  78   0   2   3   0   0   1   0   1   3  1.96 0.91
   57 G   -1  4 -3 -4 -2  1 -2  4  1 -4 -4  4 -2 -4 -5 -2 -3 -3 -4 -5    5  18   1   1   1   5   3  27   3   1   2  23   1   1   0   4   1   1   1   1  0.76 0.49
   58 K    0  2  0  2 -2  1  1 -2  1 -1 -2  0 -2 -3 -4  0  3 -2 -2  0    8  10   4  10   1   5  10   3   3   3   3   6   1   1   1   5  17   0   1   8  0.22 0.22
   59 V    2 -8 -8 -8  1 -7 -8  0 -8  2 -1 -7  2 -3 -5 -3 -3 -8 -4  6   17   0   0   0   3   0   0   8   0  11   6   0   5   1   1   2   1   0   1  44  1.08 0.61
   60 M   -3 -8 -9 -9 -3 -8 -7 -7 -4  0  5 -8  9  1 -9 -6 -5 -8 -5 -3    2   0   0   0   1   0   0   1   0   4  43   0  39   6   0   1   1   0   0   2  1.99 0.95
   61 R    0  6 -1 -3 -2  0 -1 -2  2 -3 -4  2 -2 -5 -5 -1 -1  0 -4 -4    7  40   2   2   1   4   5   3   5   2   2  13   1   0   1   5   3   1   0   1  0.86 0.53
   62 M    3  1  0 -3  0  0  1 -3 -4 -5 -4  2 -1 -5 -4  3  0 -7 -4 -4   23   8   5   1   2   3   8   1   0   1   2  10   2   1   1  24   7   0   0   1  0.54 0.43
   63 L   -4 -6 -5 -9 -2 -4 -6 -6 -5  0  6 -6  3 -1 -9 -5 -5 -4 -4 -1    2   0   1   0   1   1   1   1   0   5  69   1   7   2   0   1   1   0   1   5  1.57 0.80
   64 G   -4 -3 -3  0 -9 -4 -4  7 -9 -7 -10 -6 -9 -5 -9 -4 -6 -9 -9 -7    2   2   2   5   0   1   1  82   0   0   0   0   0   1   0   1   0   0   0   1  2.32 1.11
   65 Q   -2 -3 -2  0 -2  4  3 -3  2 -2 -1 -1  1  2 -2 -1 -2 -2  1 -3    3   1   2   6   1  20  17   2   5   3   7   3   4   9   2   4   3   1   4   2  0.39 0.34
   66 N   -2  0  5  1 -1  0  1 -2  0 -5 -5  2  0 -3  0  0 -1 -3 -3 -4    4   6  27   7   1   4   8   4   2   1   1  14   2   1   4   7   3   0   1   1  0.52 0.39
   67 P   -2 -2 -4 -4  2 -2 -3 -5 -3  0  2 -3  2 -2  6 -4 -3 -2 -4  0    4   2   1   1   4   2   2   1   1   6  21   2   4   2  35   1   2   1   1   7  0.84 0.54
   68 T   -3 -2 -1 -1 -3 -4 -3 -3 -4 -4 -4  0 -2 -8 -1  3  6 -8 -5 -4    2   2   3   3   0   1   2   2   0   1   2   7   1   0   3  23  45   0   0   1  1.13 0.73
   69 P    0  0  0  0 -2  0  0  0  1  0 -1  0  1  0  0  0  0 -2  1  0    5   5   5   5   0   5   5   5   5   5   5   5   5   5   5   5   5   0   5   5  0.00 0.06
   70 E    2 -1 -1  1 -3  1  4 -1 -2 -3 -3  0  0 -3 -2  0 -1 -5 -2 -2   19   3   2   9   1   5  25   5   1   1   2   5   3   1   2   7   3   0   1   3  0.33 0.33
   71 E   -4 -2 -3  3 -3  0  7 -4 -2 -5 -5 -2 -3 -4 -6 -4 -2 -2 -3 -5    1   2   1  14   1   4  60   1   1   1   1   2   1   1   0   1   2   1   1   1  1.42 0.84
   72 L   -2 -6 -7 -7  5 -1 -5 -7 -6  4  4 -6  0 -2 -6 -4 -3 -1 -5  3    3   0   0   0  11   3   1   0   0  20  35   0   2   1   0   1   1   1   0  21  1.05 0.57
   73 Q   -1  2  0  1 -3  3  2 -3  0 -2 -1  3 -1 -3 -1 -2 -1 -2  0 -3    4  13   3   8   1  15  11   1   2   2   6  16   2   1   3   2   4   0   3   2  0.31 0.29
   74 E    0  2  0  2 -5  2  3 -2 -1 -2 -3  3 -1 -4 -4  0 -2 -2 -5 -3    9  10   4  12   0  10  17   3   1   2   2  15   2   1   0   7   2   1   0   2  0.40 0.34
   75 M   -4 -4 -7 -7  0 -4 -5 -7  0  3  2 -6  9 -2 -7 -2 -3 -6 -1  0    2   1   0   0   2   1   1   0   2  16  16   0  44   2   0   3   2   0   2   6  1.58 0.82
   76 I   -4 -4 -7 -7 -2 -4 -5 -5 -7  6  1 -4  6 -1 -7 -3 -2 -6 -3  1    1   1   0   0   1   1   1   1   0  44  14   1  18   2   0   2   2   0   1  10  1.28 0.67
   77 D    1  1  2  0 -1  2  2 -1  2 -4 -3  2 -1 -3 -2  0 -1 -2 -2 -2   11   9  11   6   1  10  11   4   5   1   2  10   1   1   2   7   3   1   1   2  0.25 0.24
   78 E    1 -1  0  1 -6  2  5 -2  2 -3 -3  0 -1 -4 -3 -1 -2 -2 -3 -2   10   3   4   9   0   7  35   3   4   1   2   6   2   1   1   5   2   1   1   3  0.56 0.43
   79 V    2 -4 -3 -5 -2 -3 -4 -2  1  2  0 -4  0  1 -2 -2 -3 -2  0  4   18   1   1   0   1   1   1   3   3  13   9   1   2   6   2   3   1   1   3  31  0.53 0.37
   80 D   -4 -2 -1  8 -3 -3 -1 -3 -6 -7 -3 -1 -3 -5 -4 -4 -4 -7 -4 -7    1   2   3  72   1   1   4   2   0   0   3   4   1   1   1   1   1   0   1   0  1.95 0.95
   81 E    1  0 -1 -1 -2 -1  1 -2 -2  0  0  1  1 -2  2  0  1 -2 -2  0   10   4   3   2   1   3  11   2   1   6   7  11   5   1  10   5   9   0   1   8  0.13 0.15
   82 D   -2 -2  4  7 -8 -3  1 -3 -2 -5 -5 -2  0 -5 -4 -3 -3 -8 -7 -6    3   2  15  56   0   1   7   2   1   1   1   2   2   1   1   2   2   0   0   1  1.52 0.83
   83 G   -3  0  2 -2 -1 -1 -1  6  0 -5 -3  0  0 -4 -4 -2 -4 -3 -4 -6    2   5  11   2   1   3   4  53   2   1   3   5   2   1   1   3   1   1   1   0  1.02 0.61
   84 S   -3 -3  4  5 -4 -2 -3 -1 -2 -3 -5 -1 -4 -5 -2  3  1 -7 -6 -3    2   1  20  28   0   2   1   5   1   2   1   4   0   0   2  20  10   0   0   2  0.81 0.55
   85 G   -2 -3 -2 -2 -7 -3 -4  7 -2 -8 -7  0 -3 -5 -7 -3 -5 -3 -5 -6    3   2   2   2   0   2   1  75   1   0   1   5   1   1   0   2   1   0   0   1  1.84 0.93
   86 T   -2  2 -1 -3  0  0  1 -2  0 -3 -1  1  1 -1 -1  0  4 -2 -1  0    3  12   2   1   2   4   9   3   2   1   6   8   3   3   3   6  23   0   2   6  0.26 0.28
   87 V   -5 -8 -5 -8 -6 -7 -6 -8 -8  7  1 -7  1 -1 -8 -7 -4 -7 -4  4    1   0   1   0   0   0   1   0   0  55  13   0   3   2   0   0   1   0   1  23  1.72 0.82
   88 D   -3 -4  3  7 -2 -3  1 -2 -2 -7 -6 -3 -7 -5 -5  2 -1 -8 -4 -7    2   1  12  50   1   1   9   3   1   0   1   1   0   1   0  14   3   0   1   0  1.30 0.75
   89 F   -6 -5 -8 -8 -3 -5 -4 -7 -4 -3 -1 -5 -1  9 -8 -6 -6 -1  4 -4    1   1   0   0   1   1   2   1   0   1   7   1   2  68   0   0   0   1  14   1  2.32 1.05
   90 D   -1 -2  2  3 -4  0  4 -1 -1 -4 -4 -1 -3 -4  2  1 -1 -6 -4 -4    4   1   8  17   0   4  27   4   1   1   2   3   0   1  11   9   3   0   1   1  0.58 0.44
   91 E   -3 -2 -3  3 -5  0  7 -5 -2 -7 -6 -2 -2 -8 -6 -4  0 -8 -5 -3    2   2   1  12   0   3  65   1   1   0   1   2   1   0   0   1   5   0   0   2  1.60 0.88
   92 F   -8 -8 -9 -9 -8 -9 -9 -9 -7 -4 -2 -9 -3 10 -9 -6 -8 -5 -1 -7    0   0   0   0   0   0   0   0   0   1   4   0   1  91   0   1   0   0   1   0  3.39 1.36
   93 L   -3 -2 -4 -5  1 -2 -3 -6 -3  2  4  0  3 -1 -6 -3 -2 -3 -2  2    2   2   1   0   3   2   2   0   1   9  45   6   6   3   0   2   2   0   1  14  0.70 0.43
   94 V    1  1  0  0 -1  1  1 -2  0 -2 -3  1 -1 -4  2  0  3 -5 -2 -1   12   6   5   6   1   7  10   2   2   2   2   7   2   1   8   4  18   0   2   4  0.22 0.24
   95 M   -2 -6 -7 -7 -3 -5 -6 -6 -3  4  3 -4  8 -2 -5 -5 -3 -2 -2  1    4   0   0   0   1   0   0   1   1  19  22   1  35   2   1   1   2   1   1   9  1.34 0.70
   96 M   -4 -5 -4 -8 -3 -6 -5 -8 -3  1  0 -4 10 -1 -8 -4 -3 -3 -1  0    2   0   1   0   1   0   1   0   1   7   9   1  64   2   0   1   2   0   3   5  2.29 1.07
   97 V    2 -1 -2 -3 -2  1 -1  0  1 -2 -1 -1 -1 -4 -4  2  3 -3 -2  0   20   3   2   1   1   7   3   7   3   2   5   4   2   1   0  13  21   0   1   5  0.31 0.31
   98 R   -1  4  0 -2 -4  1  1 -2  2 -3 -4  3 -1 -6  0  0  1 -4 -3 -3    5  24   3   2   0   6   7   3   5   1   1  18   2   0   5   6   8   0   1   2  0.47 0.37
   99 C   -2  2 -1 -3 -1  2 -1 -3  1  0 -2  5  1 -1 -3 -2 -2 -2 -2 -1    3   9   2   1   1   9   3   2   4   6   3  36   4   3   1   3   2   1   1   5  0.51 0.39
  100 M   -1 -1 -1 -3 -4 -1 -4 -4 -2  2  2 -1  8 -3 -4 -1 -2 -6 -1  0    6   4   3   2   0   3   1   1   1  10  16   4  33   1   1   4   3   0   2   5  0.81 0.52
  101 K   -1  3  0 -2 -4  2  1 -2 -1 -3 -2  5 -1 -4 -4  0 -1 -6 -4 -4    4  13   5   2   0   8   9   3   1   2   5  34   1   1   1   7   3   0   0   1  0.58 0.42
  102 D   -2 -1  2  5 -4  0  4 -1 -2 -3 -4  0 -2 -5 -2 -2 -1 -1 -3 -4    4   3   9  27   0   3  26   5   1   1   2   5   1   0   2   2   4   1   1   2  0.67 0.47
  103 D   -3  1  0  5 -6 -1  3 -2 -3 -4 -4  1 -4 -4  0 -1  1 -3 -5 -3    2   7   4  30   0   2  15   3   0   1   2  10   0   1   5   4  10   0   0   2  0.61 0.44
  104 S    1 -1  1  3 -5  0  1 -2 -1 -3 -3  0 -3 -2  1  1  1 -1 -2 -3   14   3   6  19   0   3   8   3   1   1   2   6   1   2   6  12   9   1   1   2  0.30 0.28
  105 E   -1 -2 -3  1 -5  2  5 -4 -3 -3 -3  1 -4  3 -3  0 -2 -2 -3 -4    5   2   1   6   0   7  40   1   0   1   2   9   0  12   2   6   3   1   1   1  0.75 0.53
  106 N   -1 -1  2  4 -5  1  5  0  1 -5 -6  1 -3 -6 -4 -2 -2 -7 -3 -4    4   4   8  19   0   5  33   7   3   0   1   7   1   0   1   2   2   0   1   1  0.75 0.51
  107 L   -2 -2 -3  0 -2 -1  4 -4  0  1  2 -3  2 -2 -4 -2  0 -5 -2  1    2   2   1   6   1   2  29   1   3   7  18   1   5   1   1   3   5   0   1   8  0.41 0.35
  108 Y   -1  0 -3 -1  0  0  0 -4 -1  2  1 -1  0  5 -3 -3 -3  0  2 -1    4   4   1   4   2   5   7   1   2  13  15   3   2  22   1   1   1   1   6   4  0.34 0.27
  109 F   -1  2 -3  4 -3 -1 -2 -4 -4  1  1  1  1  1 -4 -2 -2  2 -1 -1    5  12   0  24   0   2   2   1   0   7  14   8   3   7   1   2   2   3   2   4  0.36 0.31
  110 Q    1  2 -2  0 -6  3  4 -4 -2 -2 -2  3 -2 -2 -5 -2 -1 -6 -5 -4   12  12   1   4   0  11  25   1   1   2   4  15   1   2   0   2   4   0   0   1  0.55 0.43
  111 G    4 -3  1  4 -2 -4 -1  0 -5 -5 -2 -1 -4  2 -5 -3 -3 -6 -2 -4   33   1   8  26   1   0   4   6   0   0   4   4   0   8   0   1   1   0   1   1  0.72 0.51
  112 R   -1  1  1  0 -3  0 -1  2 -2 -3 -2  1 -3  6 -5 -3 -4 -5 -2 -4    5   9   7   6   1   4   5  17   1   1   4   8   1  29   0   1   0   0   1   1  0.59 0.42
  113 R   -2  3  2  2 -4 -1  0 -3 -2 -4 -2  2  0  2 -5  2  0 -5 -1 -3    3  17   9  13   0   2   5   2   1   1   3  12   3   8   0  14   4   0   2   1  0.39 0.34
  114 V   -2 -1 -3 -4 -3  0 -3  5 -6 -2 -2  0 -2  0 -4 -2 -1 -6 -4  2    3   4   1   1   0   4   2  45   0   2   4   6   1   5   1   2   3   0   0  17  0.76 0.50
  115 R   -2  1 -3  1 -3 -1  0 -5  1 -3 -1  1 -3  4 -2 -1 -1 -3  5 -1    3   9   1   8   1   2   5   0   3   1   5   9   1  19   2   4   5   0  20   4  0.51 0.38
  116 I   -4 -4 -5  0 -6 -4 -2 -7 -3  7  0 -1  0  2 -7 -4 -4 -6 -2  1    1   1   1   6   0   1   3   0   1  57   7   4   2   7   0   1   1   0   2   7  1.23 0.66
  117 S   -3 -2  0  3 -3 -3  0 -3 -4 -5 -3 -2 -1 -4 -1  4  4 -7 -6 -3    1   2   3  18   1   1   5   1   0   0   3   2   1   1   4  32  23   0   0   1  0.77 0.58
  118 A    2  1 -2  0 -2 -1  1  0 -2 -1 -1  1  0  0  0 -1 -1 -2 -2  1   21   8   0   7   0   2   9   6   0   3   6   7   3   5   4   4   4   1   1  10  0.10 0.15
  119 D    1 -2 -1  6 -7 -1  4 -4 -3 -6 -7  1 -6 -5 -5  0 -1 -5 -5 -5   13   2   3  37   0   2  23   1   0   0   0   7   0   1   0   5   4   0   0   0  1.00 0.63
  120 A   -2 -3  1  0 -8 -1  6  1 -5 -4 -6 -1 -5 -5 -6 -3 -4 -7 -4 -2    4   1   7   5   0   2  58  11   0   1   1   4   0   1   0   1   0   0   1   3  1.25 0.76
  121 M   -5 -4 -5 -8 -6 -5 -5 -7 -7  0  6 -5  2  1 -7 -5 -2 -6 -2 -1    1   1   1   0   0   0   1   0   0   4  74   1   4   5   0   1   2   0   1   3  1.54 0.79
  122 M   -3  6 -4 -5 -2  1 -1 -3  1  1 -1  3  1 -2 -6 -3 -3 -6 -3 -3    2  39   1   0   1   6   4   2   3   8   5  17   4   2   0   2   1   0   1   2  0.83 0.53
  123 Q   -1  3  0  1 -6  3  3 -4  5 -5 -4  1 -3 -4 -5  1 -1 -3 -3 -4    4  15   3   6   0  15  18   1  12   0   1   8   0   1   0  10   3   0   1   1  0.63 0.45
  124 A    4 -3 -4 -4 -4 -4 -3 -3 -4  1 -1 -2  0 -3 -5 -2 -3 -6 -3  5   35   1   1   1   0   0   2   2   0   8   6   2   2   1   0   2   1   0   1  35  0.83 0.54
  125 L   -4 -6 -6 -4 -3 -5 -4 -7 -6 -2  4 -5  7  4 -5 -3 -2 -5 -4 -1    1   0   0   1   0   0   2   0   0   1  42   0  30  13   0   2   2   0   0   4  1.35 0.72
  126 L   -1 -1 -1 -1  0 -1 -1 -3  0  1  1  1  3  1 -3 -1  2 -3  1  0    4   3   2   3   2   1   3   1   2   7  16   9   9   5   0   3  18   0   5   6  0.16 0.18
  127 G   -2  0  5 -1 -5 -2  0  3  2 -4 -3 -1 -4 -5 -4  1  0 -5 -3 -1    2   4  28   2   0   1   6  22   5   1   2   3   0   0   0  12   6   0   1   5  0.57 0.38
  128 A    0 -2  0  1  0 -2 -1 -1 -1  0  3 -2  2  1 -3 -1 -1 -1 -1 -1    6   2   5   8   2   1   4   5   2   4  37   2   5   5   1   5   3   1   2   2  0.21 0.22
  129 R   -3 -2 -2  3 -6 -4 -4  6 -3 -2 -2  0 -1 -2 -6 -4 -3 -6 -3 -4    1   2   1  15   0   0   1  59   0   2   4   7   2   2   0   0   1   0   1   1  1.15 0.59
  130 H   -3  0  0  1 -3  0  4 -1  4 -4 -3  2  0 -2 -4 -3 -2 -5 -1 -3    2   3   5   8   1   3  35   4  11   1   3  14   3   2   0   0   2   0   2   2  0.57 0.40
  131 K   -1  3 -1  2 -3 -1 -1 -2  0 -2 -4  5 -2 -5 -3  0 -1 -6 -3 -4    4  17   2  13   1   2   3   3   2   3   1  38   1   0   1   7   4   0   1   0  0.65 0.42
  132 E    0 -3 -1  1  1 -1 -1 -1  2  1  2  0  2 -1 -3 -1 -1 -4 -2  1    7   0   3   9   3   1   2   5   6   5  23   7   7   2   0   2   2   0   1  12  0.12 0.16
  133 S    1 -3 -1 -2  0  0 -1 -2 -4 -2  0  1 -3 -4 -2  4  3  0 -4 -1   11   0   2   1   2   4   2   2   0   2   8   7   0   0   1  36  17   1   0   4  0.45 0.37
  134 L   -2 -1 -1  2 -3  1  1 -4 -3  1  1  0  1 -2 -2  0  1 -1 -2  1    0   2   2  14   0   6  12   0   0  10  14   6   4   1   2   5  12   1   1   9  0.18 0.19
  135 D   -4 -2 -1  7 -7 -2  4 -4  2 -6 -5 -4 -6 -7 -5 -2 -3 -7 -6 -4    1   2   2  60   0   1  24   1   4   0   1   0   0   0   0   2   1   0   0   2  1.53 0.67
  136 L   -4 -4 -3  0  0 -2  5 -4 -4  2  3 -2  1 -3 -5 -4 -2 -5 -4  0    0   0   1   4   2   0  42   1   0  11  29   1   3   0   0   0   1   0   0   5  0.74 0.45
  137 R   -1  4 -1 -1  0  3  2  1 -2 -2 -1  1 -1 -2 -3 -1 -1 -4 -3  0    2  24   1   3   2  13  12  11   0   1   4   9   1   2   0   2   2   0   0   9  0.28 0.21
  138 A    4 -2 -2 -1 -3  0  3 -1  1 -2 -2  0  0 -4 -3  1 -2 -4 -3 -1   37   0   0   2   0   2  28   4   4   1   2   6   2   0   0   8   0   0   0   3  0.46 0.28
  139 H   -1 -2  5  0 -4 -2  0 -3  6 -2 -3  0  1 -3 -4  0 -1 -4  0  0    5   0  31   3   0   0   7   0  24   2   0   4   5   0   0   4   3   0   2   8  0.62 0.31
  140 L   -3 -4 -5 -5 -1 -4 -5 -6 -4  3  5 -4  4 -2 -5 -4 -3 -4 -1  1    0   0   0   0   1   0   0   0   0  20  59   0  13   0   0   0   0   0   2   5  0.94 0.35
  141 K   -2  1 -1 -2 -4  2  0 -3 -2 -4 -4  7 -3 -5 -2 -1 -2 -4 -3 -4    0   0   0   0   0   6   0   0   0   0   0  94   0   0   0   0   0   0   0   0  1.17 0.26

                      K         Lambda
Standard Ungapped    0.1350     0.3189
Standard Gapped      0.0410     0.2670
PSI Ungapped         0.1859     0.3174
PSI Gapped           0.0569     0.2670
