
Last position-specific scoring matrix computed, weighted observed percentages rounded down, information per position, and relative weight of gapless real matches to pseudocounts
           A  R  N  D  C  Q  E  G  H  I  L  K  M  F  P  S  T  W  Y  V   A   R   N   D   C   Q   E   G   H   I   L   K   M   F   P   S   T   W   Y   V
    1 K   -4  3 -3 -4 -6  4  1 -5 -4 -6 -6  6 -4 -6 -4 -3 -4 -6 -5 -6    0  16   0   0   0  19   8   0   0   0   0  58   0   0   0   0   0   0   0   0  1.48 0.58
    2 P   -4 -6 -3 -1 -7 -5  0 -3 -6 -1 -4 -3 -3 -8  8 -2 -5 -8 -7 -4    1   0   1   3   0   0   5   3   0   3   2   2   1   0  74   3   0   0   0   1  2.12 0.81
    3 G    0 -2 -2 -2  0 -1 -2  6 -1 -4 -3 -2 -4 -4 -1  0 -2 -2 -3 -3    6   2   1   2   2   3   3  58   1   1   3   2   0   1   4   6   2   1   1   2  0.96 0.48
    4 D   -3  0  0  3 -3  2  5 -2 -3 -4 -7  2 -6 -7 -1 -3 -3 -7 -4 -4    1   6   4  17   1   8  41   3   0   1   0  12   0   0   3   1   1   0   1   1  0.94 0.52
    5 T   -2  0 -3 -3 -1  0  0 -5 -3  3  0 -1  0 -1  0 -1  2 -3  1  2    2   6   0   1   1   5   7   0   0  18   8   4   2   2   5   3  16   0   4  15  0.26 0.23
    6 F   -4  3 -4 -5 -3 -2 -2 -6  3  2  1 -2  1  4 -5 -4  0 -2  3  0    1  17   0   0   0   1   3   0   8  10  11   2   3  19   0   1   5   0  10   7  0.55 0.34
    7 E   -3  0  0  0  1  0  3 -5  1 -2 -3 -1 -2 -3 -2  1  4 -4 -2  0    1   4   3   5   3   4  20   0   4   2   2   4   1   1   2   9  25   0   1   8  0.40 0.33
    8 V   -3 -8 -8 -8 -4 -7 -8 -8 -8  5 -2 -8 -1 -4 -8 -7 -2 -8 -6  7    2   0   0   0   0   0   0   0   0  28   4   0   1   1   0   0   2   0   0  62  1.91 0.83
    9 E   -3  1  0  0 -3  1  4 -5  3 -1 -4  0 -3 -5 -3 -1  3 -6 -3  0    1   8   4   5   1   5  25   0   6   3   1   6   0   0   1   3  22   0   1   8  0.55 0.40
   10 L   -6 -5 -8 -8 -4 -7 -8 -8 -8  3  6 -7  0  1 -8 -7 -6 -6 -5  1    0   1   0   0   0   0   0   0   0  17  66   0   2   5   0   0   0   0   0   9  1.62 0.73
   11 A   -2  1  0  0 -1  0  2 -4  3  0 -2  1  0 -1 -1 -1  1 -2 -1  2    2   6   5   4   2   4  15   1   8   4   2   8   3   2   3   5   8   1   2  16  0.17 0.19
   12 K   -5  5 -3 -3 -6 -4 -4 -7 -6 -6 -6  7 -5 -8 -4 -5 -5 -8 -7 -6    1  29   1   2   0   0   0   0   0   0   1  64   0   0   1   0   0   0   0   1  2.10 0.96
   13 T   -2 -1  0  2 -2  0  1  4 -1 -3 -4 -1 -2 -5 -3  2  0 -6 -3 -3    2   2   5  11   1   5  10  31   1   1   2   4   1   0   1  13   6   0   1   2  0.48 0.34
   14 D   -1 -2  2  3 -4  0  1  0 -1 -5 -5  0 -4 -5  4  1  0 -6 -5 -3    6   2   9  13   0   4   8   8   2   0   1   5   0   0  22  12   4   0   0   2  0.49 0.34
   15 G   -1  0  2  0 -3  1  1  3  0 -5 -4  1 -2 -3 -1  1  0 -5 -2 -4    4   5   9   5   1   6  10  25   2   0   1  10   1   1   2  10   7   0   1   0  0.37 0.27
   16 S   -2 -3 -3 -5 -6 -3 -4  6 -4 -7 -6 -2 -6 -3  0  3 -2 -7 -4 -5    2   1   1   0   0   1   1  59   0   0   1   3   0   1   6  20   3   0   1   1  1.35 0.67
   17 L   -6 -7 -7 -8 -5 -6 -4 -8 -4 -2  6 -6  0  5 -7 -6 -5 -2  1 -3    0   0   0   0   0   0   1   0   0   2  65   0   2  20   0   0   0   0   5   1  1.62 0.73
   18 G   -5 -8 -5 -6 -8 -7 -8  8 -4 -9 -9 -6 -8 -9 -8 -5 -7 -8 -9 -9    0   0   0   0   0   0   0  97   1   0   0   0   0   0   0   0   0   0   0   0  2.92 1.16
   19 I   -5 -7 -8 -6 -4 -7 -8 -6 -7  4  2 -7  3  8 -8 -6 -6 -5 -3 -2    1   0   0   1   0   0   0   1   0  20  18   0   6  51   0   0   0   0   0   2  1.80 0.77
   20 S   -1 -1  3 -4 -3 -2 -4  0 -1 -5 -5 -2 -2 -6 -5  5  3 -7 -5 -3    4   3  12   0   1   2   1   8   2   1   1   2   1   0   0  46  16   0   0   2  0.95 0.59
   21 V   -5 -7 -5 -8 -6 -6 -8 -6 -8  7  2 -7 -2 -3 -7 -7 -5 -7 -6  3    0   0   1   0   0   0   0   1   0  60  19   0   1   1   0   0   0   0   0  17  1.80 0.77
   22 T    2  1 -3 -4 -1 -2 -3 -3 -1  2 -2  0  0 -3 -3  1  2 -4 -2  3   17   8   1   1   1   1   1   2   2  10   3   6   2   1   1   9  11   0   1  24  0.33 0.25
   23 V    0 -1 -1  0  0 -1 -1  4 -2 -2 -1 -1 -2 -2 -1  0  0 -2 -1 -1    6   3   2   6   2   3   4  38   1   3   5   3   1   1   3   7   5   1   2   5  0.38 0.17
   24 L    0  1 -1 -1 -1  0  0  3 -1 -1 -1 -1  0 -1 -1  0 -1 -1  0 -1    7   7   3   3   1   5   6  25   1   3   5   3   3   2   3   7   3   1   3   5  0.14 0.08
   25 F    0  1  0  1 -1  0  0  0  0  0 -1  1  0 -1  0  0  1 -1 -1  0    5   8   4   8   1   4   6   8   2   6   6   8   2   2   3   7   8   1   2   9  0.03 0.02
   26 D    0  0  1  2  0  0  1  1  0 -1 -1  0 -1 -1  0  1  0 -1  0  0    5   4   6  14   2   3   8  11   2   4   6   4   2   3   4   9   4   1   3   7  0.07 0.04
   27 K    0  2  0  0  0  1  1  0  1 -1 -1  1 -1 -1  0  0  0 -1 -1 -1    6  12   4   4   2   5   9   6   5   3   6  12   2   2   5   6   4   1   2   5  0.08 0.04
   28 G   -1 -2 -2  0 -3 -1 -2  6 -3 -2 -3 -2 -3 -3 -1  0 -2 -3 -3 -2    5   3   2   6   1   3   2  54   1   2   3   2   1   1   3   5   2   0   1   3  0.85 0.35
   29 G   -2 -3 -1 -1 -1 -3 -3  6 -2 -3 -4 -3 -3 -4 -2 -1 -3 -4  0 -3    3   1   3   3   1   1   2  63   1   1   2   2   1   1   2   5   2   0   3   2  1.19 0.47
   30 V    0  2  0 -1 -1  1  0 -1  0  0 -1  1  0 -1  0  0  0 -2 -1  0   10  11   6   2   1   8   5   3   2   6   5   9   2   2   5   7   6   0   2   9  0.07 0.06
   31 N   -2 -1  1  4 -1  0  2  1  3 -3 -2 -1 -2 -3  1  0 -2 -3 -2 -3    3   3   6  23   1   3  15  10   7   2   5   3   1   1   7   5   2   0   2   2  0.33 0.20
   32 T   -1  0  2 -1 -1  0  0 -1  2 -2 -2 -1 -1  1 -2  2  2 -2  1 -1    4   5  11   4   1   3   4   3   5   2   3   3   1   7   2  17  15   0   6   3  0.19 0.16
   33 S   -1  1  1  0 -1  1  0  0 -1 -1 -2  1 -1 -2  3  1  0 -2 -2 -1    4   7   5   4   2   6   6   8   2   4   3   9   1   1  16  11   4   1   1   5  0.17 0.11
   34 V   -1  0  0 -1 -1  0  0 -1  3  0  1  0  0 -1  0  0  0 -2  0  0    5   5   4   3   1   3   8   4  10   6  16   6   2   3   4   5   6   0   2   9  0.04 0.05
   35 R   -1 -1  0  1 -2  1  1  3  0 -1 -2  0 -2 -1  0  0 -1  0 -1 -2    3   3   5   7   1   7   8  24   2   4   4   6   1   3   4   8   4   2   2   3  0.16 0.10
   36 H    0 -1  2  3 -2  0  1 -2  1 -2 -2  0 -2 -1  2  0 -1 -3 -1 -2    8   3  12  21   1   4   8   2   4   2   4   5   1   3   9   7   4   0   2   2  0.26 0.16
   37 G   -1  0 -1 -1 -1  0 -1  2 -1 -1  0  0  3 -2  2  0  0 -3 -2  0    4   4   3   4   2   3   4  16   1   3  10   5   9   2  12   7   5   0   1   5  0.12 0.10
   38 G   -1 -3 -2 -2 -3 -2 -2  5 -3 -3 -4 -3 -3 -4  4 -1 -3 -4 -3 -3    5   1   1   2   1   2   3  46   1   1   2   2   1   1  23   5   2   0   1   2  0.96 0.43
   39 I   -4 -5 -5 -6 -4 -2 -5 -6 -3  7  1 -5 -1 -1 -2 -5 -3 -5 -4  3    1   0   0   0   0   2   0   1   1  58  12   0   1   2   2   0   1   0   0  18  1.33 0.55
   40 Y   -3 -4 -5 -5 -3 -3 -5 -6 -3 -1 -1 -2 -2  6 -6 -4 -1  0  7  1    2   1   0   1   1   1   0   0   0   3   5   2   1  33   0   1   3   1  35   9  1.36 0.58
   41 V   -5 -6 -6 -5 -5 -6 -6 -7 -7  6 -2 -6  0 -3 -6 -6 -4  1 -5  6    0   0   0   1   0   0   0   0   0  43   1   0   2   1   0   0   0   2   0  49  1.72 0.70
   42 K   -1  2 -3 -3 -1  0 -1 -2  0 -3 -1  4 -3 -4 -4  4  2 -5 -4 -3    3  10   0   1   1   3   3   3   2   1   6  23   0   1   0  30  11   0   0   1  0.54 0.38
   43 A    0  3  1  1 -3 -1  0 -1  0 -4 -3  3 -2 -3 -4  2  1 -3 -3 -2    6  14   5   8   0   2   5   4   2   0   1  19   1   1   0  17  11   0   1   2  0.35 0.27
   44 I   -5 -6 -7 -7 -2 -6 -6 -7 -7  6  2 -6 -1 -4 -3 -6 -3 -6 -5  5    0   0   0   0   1   0   0   0   0  41  16   0   1   0   1   0   1   0   0  37  1.42 0.61
   45 I    0 -1 -1  0 -2 -1 -1 -3  0  2  1 -1  1  2 -3 -1  0 -3  0  1    6   3   3   5   1   3   4   0   2  11  15   5   4  13   1   5   7   0   2  12  0.10 0.11
   46 P    0 -1 -3 -1 -4  0  2 -4 -1 -5 -4  2 -3 -6  6 -1 -2 -6 -4 -4    6   3   1   3   0   3  15   1   2   1   1  11   0   0  44   4   2   0   0   1  1.07 0.53
   47 K   -3 -2  3  2 -4 -1 -1  6  1 -6 -6 -1 -6 -5 -5 -2 -2 -3 -3 -6    1   2  12  13   0   3   4  52   3   0   0   3   0   0   0   2   2   0   1   0  1.06 0.52
   48 G   -3 -5 -4 -5 -2 -1 -4  6 -3 -7 -4 -4 -2 -6 -6  3 -2 -6 -3 -6    1   0   0   0   1   3   1  67   1   0   2   0   1   0   0  20   2   0   1   0  1.55 0.70
   49 A    4 -4 -5 -4 -1  0 -3 -4 -5 -1 -1 -3 -4 -3  5 -1 -3 -6 -4  1   38   1   0   1   1   4   2   0   0   4   7   1   0   1  28   3   1   0   0   9  0.85 0.49
   50 A    7 -6 -6 -6 -2 -5 -5 -3 -6 -3 -4 -5 -5 -6 -5 -2 -4 -7 -6 -1   87   0   0   0   1   0   0   1   0   1   1   0   0   0   0   2   1   0   0   5  1.94 0.86
   51 E    3 -3 -2  3 -3  0  3 -2  2 -2 -3 -1 -1 -1 -4  1 -3  0 -1 -3   26   1   1  20   0   4  18   3   4   2   1   3   1   2   0   8   0   2   2   2  0.45 0.33
   52 S   -1  4 -1 -1 -1  3  0 -3 -1 -2  0  3  0 -3 -4  0 -1 -4 -3 -2    5  25   2   3   2  12   6   1   1   3   8  17   2   1   0   7   2   0   0   3  0.38 0.27
   53 D    1 -3  0  6  3 -1  0 -3 -2 -5 -5 -2 -3 -4 -4  2  0 -5 -1 -2   14   1   4  40   5   3   4   1   1   0   1   1   0   0   0  14   6   0   2   2  0.76 0.43
   54 G   -3 -3 -3 -2 -6 -2 -3  7 -3 -6 -5 -2 -6 -7 -5 -2 -4 -6 -7 -7    1   1   1   2   0   2   2  81   1   0   1   3   0   0   0   3   1   0   0   0  1.87 0.76
   55 R   -1  5 -1 -2 -2  2 -1 -2 -1 -2  0  1  0 -3 -3 -1 -1 -4 -3 -1    5  40   3   1   1   8   3   4   1   2   9   7   2   1   1   3   4   0   0   4  0.53 0.30
   56 I   -5 -6 -7 -7 -5 -6 -7 -7 -7  4  6 -6  1 -2 -7 -6 -5 -6 -5  0    0   0   0   0   0   0   0   0   0  22  67   0   3   1   0   0   0   0   0   6  1.55 0.66
   57 H   -2  4  0 -3 -2  4  0 -4  2 -4 -2  3 -1  0 -2 -2 -2 -2  0 -4    3  22   4   1   1  18   5   0   4   0   5  21   2   5   1   2   1   1   3   1  0.54 0.37
   58 K    0  0 -3 -3  0 -2  1 -4 -4  2 -1  0  0 -3  2 -1  0 -5 -2  4    9   5   0   1   2   1   8   0   0  13   3   5   2   0  11   3   5   0   1  29  0.35 0.28
   59 G   -4 -5  1 -3 -4 -4 -5  7 -1 -8 -8 -4 -4 -7 -7 -4 -6 -3 -5 -8    0   1   7   1   0   1   1  85   2   0   0   1   0   0   0   1   0   0   0   0  2.18 0.87
   60 D   -5 -7 -3  8 -4 -3 -3 -6 -3 -8 -7 -6 -4 -4 -7 -4 -6 -9 -4 -8    1   0   1  93   0   1   1   0   1   0   0   0   1   1   0   1   0   0   1   0  2.80 1.07
   61 R   -1  5 -3 -3 -3  4  2 -5  0 -2 -3  2  0 -6 -5 -3 -3 -6 -2 -2    6  34   0   0   1  20  13   0   2   3   2   9   3   0   0   0   0   0   1   3  0.83 0.49
   62 V   -5 -7 -7 -7 -5 -7 -7 -8 -7  7  3 -7 -1 -3 -7 -5 -5 -6 -5  2    0   0   0   0   0   0   0   0   0  59  28   0   1   1   0   1   0   0   0  11  1.67 0.70
   63 L   -4 -4 -6 -7 -3 -4 -5 -7 -4  3  5 -5  1 -3 -6 -5 -3 -2 -4  2    1   1   0   0   0   0   0   0   0  16  59   1   3   0   0   0   1   1   0  15  1.20 0.55
   64 A    2 -1 -1 -2 -3  2  4 -3 -1 -5 -4  0  0 -3 -4  3 -2 -5 -3 -4   16   2   3   1   0  11  29   2   1   0   1   5   3   1   0  21   2   0   1   0  0.58 0.40
   65 V   -2 -6 -7 -7 -1 -6 -6 -7 -7  4 -1 -6 -3 -2 -6 -6 -4 -6 -3  7    3   0   0   0   1   0   0   0   0  18   3   0   0   2   0   0   0   0   1  70  1.71 0.73
   66 N   -6 -4  9  2 -2 -3 -3 -3 -3 -7 -8 -5 -7 -7 -6 -3 -5 -8 -7 -7    0   1  81  12   1   1   1   1   1   0   0   0   0   0   0   1   0   0   0   0  2.48 0.98
   67 G   -3 -4  0  2 -6 -3 -2  7 -2 -7 -7 -4 -4 -7 -6 -2 -4 -6 -5 -7    1   1   5  10   0   1   3  72   1   0   0   1   0   0   0   3   1   0   0   0  1.66 0.70
   68 V   -2 -1 -2 -2 -2  2  1 -4  1  3 -1  1  0 -2 -4 -2  0 -2 -1  3    2   3   2   1   1   8  11   0   4  20   3   8   2   1   0   2   7   0   2  22  0.30 0.25
   69 S   -2 -3  3  4  0 -3 -1 -3 -1 -3 -4 -2 -4 -5  1  4 -1 -4 -4 -4    2   1  15  21   2   0   3   1   1   1   2   2   0   0   6  38   2   0   0   1  0.79 0.49
   70 L   -3 -5 -6 -6  0 -5 -6 -6 -6  1  4 -5  4  2 -6 -4  1 -5 -4  3    1   0   0   0   2   0   0   0   0   5  45   0  10   8   0   1   7   0   0  21  0.97 0.48
   71 E   -1  2 -2  0 -1  1  3 -3  1 -1 -1  0 -1 -3 -3  0  2 -3 -2  0    4  13   1   4   1   6  22   1   3   3   8   5   1   0   0   6  12   0   1   7  0.26 0.23
   72 G   -3 -2  4  1 -2 -2 -1  5  1 -5 -6 -1 -2 -5 -5  0 -2 -4 -3 -4    1   3  20   9   1   2   4  41   3   1   0   4   1   0   0   5   2   0   1   1  0.87 0.47
   73 A    2 -1 -4 -4  1 -2 -2 -4 -2  1  1  0  4 -1 -4 -2 -2 -2 -1  3   20   3   0   1   3   1   2   1   1   5  15   7  11   3   0   3   1   1   2  20  0.36 0.28
   74 T   -2 -1 -2 -1 -2 -3 -2 -4 -2 -5 -4 -1 -2 -5 -1  4  6 -6 -4 -4    2   3   2   3   1   1   3   1   1   0   2   3   1   0   3  25  48   0   0   1  1.06 0.62
   75 H   -6 -1  0 -4 -7  2 -4 -6 10 -7 -3 -4 -3 -4 -3 -3 -5 -6  3 -6    0   3   5   1   0   8   1   1  64   0   3   1   1   0   2   2   0   0   8   0  2.37 0.95
   76 K    1 -1  0  3 -3  2  3 -1  1 -3 -3  0 -3 -4 -2  1 -1  2 -3 -3   10   2   4  14   0  10  20   4   3   1   3   6   0   0   1  13   3   3   1   1  0.36 0.29
   77 Q   -2  2 -2  3 -7  4  5 -5 -1 -5 -4  0 -4  0 -5 -2 -2 -6 -2 -4    3   9   2  13   0  17  36   1   2   1   1   5   0   4   0   2   2   0   2   1  0.85 0.52
   78 A    6 -6 -6 -7 -3 -6 -6 -4 -7 -1 -3 -6 -3 -4 -6 -3 -3 -7 -6  3   71   0   0   0   0   0   0   0   0   3   3   0   1   1   0   1   2   0   0  18  1.62 0.80
   79 V    0 -2 -6 -7 -4 -5 -6 -6 -5  3  0 -5  0 -5 -6 -4 -2 -1 -4  6    8   2   0   0   0   0   0   0   0  12   7   0   2   0   0   1   2   1   0  62  1.33 0.65
   80 E    1  1  2  3 -3  3  3 -3  1 -4 -5  1 -3 -6 -3  1 -1 -6 -4 -5   12   7   9  14   0  13  18   1   3   1   1   7   0   0   1  10   4   0   0   0  0.48 0.35
   81 T    1 -2 -4 -5 -1 -2 -3 -5 -3  3  3 -1  2 -1 -5 -3 -1 -2 -2  2   13   2   1   0   1   2   2   0   1  17  30   4   5   2   0   1   4   0   1  14  0.45 0.31
   82 L   -6 -7 -8 -8 -6 -7 -7 -8 -7  4  5 -7  1  3 -7 -7 -6 -6 -5 -1    0   0   0   0   0   0   0   0   0  22  61   0   3  11   0   0   0   0   0   2  1.58 0.70
   83 R   -3  6 -3 -5 -7  2 -3 -5 -3 -5 -4  6 -3 -7 -6 -2 -3 -1 -6 -4    2  38   1   0   0   8   0   1   1   1   2  40   1   0   0   2   2   1   0   1  1.40 0.69
   84 N    0  1  3  0 -3  3  1 -1  0 -4 -3  2 -3 -5 -4  2  0 -5 -3 -4    8   7  16   4   0  13   7   4   2   0   3  11   1   0   0  15   6   0   0   0  0.37 0.29
   85 T    3 -4 -2 -4  3 -1 -3  1 -3 -2 -3 -3 -3 -3  0  3  3 -5 -4  0   25   0   2   0   5   2   1  10   0   2   2   1   0   1   5  19  16   0   0   7  0.45 0.35
   86 G   -2  0 -2 -2 -1  0 -1  5 -2 -5 -5  1 -5 -6  1  1 -1 -4 -5 -3    2   5   2   2   1   3   5  49   1   0   1   8   0   0   7   9   3   0   0   2  0.81 0.46
   87 Q   -2  0  2  3 -4  2  2  2  1 -4 -5  1 -3 -4  0  1 -1 -6 -3 -5    3   3  10  16   0   8  12  15   3   1   0   9   0   0   5   9   3   0   1   0  0.40 0.29
   88 V   -2  2 -1 -2 -2  1  1 -4  0  0 -1  1  0 -3  1  0  2 -4 -2  1    2  11   2   2   1   5  10   1   3   5   4   7   3   1   8   8  14   0   1  13  0.19 0.20
   89 V    0 -6 -6 -7 -2 -6 -6 -6 -7  3  1 -6  2 -4 -4 -5 -3 -7 -5  6    8   0   0   0   1   0   0   0   0  13  14   0   4   0   1   0   2   0   0  55  1.24 0.61
   90 H   -2  3  0 -1 -2  0  0 -4  1 -2 -2  1  0 -4 -3  0  3 -4 -2  1    2  17   4   3   1   3   6   0   4   2   4   9   2   0   1   7  23   0   1  10  0.34 0.29
   91 L   -6 -7 -8 -8 -4 -5 -7 -8 -7  2  6 -7  3  3 -7 -5 -3 -6 -3 -1    0   0   0   0   0   1   0   0   0   9  66   0   5  11   0   1   2   0   1   4  1.47 0.68
   92 L   -3 -1 -4 -4 -2 -1  0 -4  0  1  3  1  0 -3 -5 -2  2 -5 -2  3    0   3   0   0   1   3   7   1   2   5  25   9   2   0   0   2  15   0   2  22  0.42 0.33
   93 L   -4 -4 -7 -8 -3 -6 -7 -7 -5  4  2 -3 -2 -3 -7 -6 -4 -7 -4  6    0   1   0   0   1   0   0   0   0  20  17   2   0   1   0   0   1   0   1  56  1.47 0.69
   94 E    2  3 -3 -2  3  1  1 -1 -2 -2 -1  2 -2 -3 -4  1 -2 -2 -1 -1   16  18   0   2   6   7  10   4   0   2   5  10   1   1   0  10   2   1   2   4  0.28 0.25
   95 K   -4  7 -4  0 -8 -1 -2 -4  1 -6 -7  3 -4 -7 -3 -4 -4 -7 -2 -3    1  62   0   5   0   2   2   2   3   0   0  15   0   0   1   1   1   0   1   2  1.61 0.74
   96 G   -2  2 -2  2  0  1  2  3  0 -5 -5 -1 -4 -5  4  1 -2 -6 -5 -5    2  12   1   9   2   6  11  21   2   0   0   3   0   0  18   9   2   0   0   0  0.53 0.35
   97 Q   -2  3 -1  2 -6  1  2 -3  0 -4 -3  2 -2 -4  3 -2 -3  1 -3 -2    2  18   3  11   0   7  16   1   2   0   3  12   1   0  17   1   1   2   1   2  0.54 0.34
   98 V   -2 -2 -2  3 -3 -1 -1 -3 -2  1  1 -2  0 -2  2 -1  1 -4  0  2    2   1   1  16   0   2   3   1   1   9  16   1   2   1  12   3  10   0   3  15  0.26 0.22
   99 P   -6 -7 -7 -6 -8 -6 -6 -7 -7 -8 -8 -6 -8 -9  9 -6 -6 -9 -8 -7    0   0   0   0   0   0   0   0   0   0   0   0   0   0 100   0   0   0   0   0  3.54 1.09

                      K         Lambda
Standard Ungapped    0.1354     0.3135
Standard Gapped      0.0410     0.2670
PSI Ungapped         0.1959     0.3181
PSI Gapped           0.0600     0.2670
