   99         A         R         N         D         C         Q         E         G         H         I         L         K         M         F         P         S         T         W         Y         V    
  1 M   1 -0.122670 -0.122670 -0.245341 -0.368011 -0.122670  0.000000 -0.245341 -0.368011 -0.245341  0.122670  0.245341 -0.122670  0.613352  0.000000 -0.245341 -0.122670 -0.122670 -0.122670 -0.122670  0.122670
  2 S   2  0.122670 -0.122670  0.122670  0.000000 -0.122670  0.000000  0.000000  0.000000 -0.122670 -0.245341 -0.245341  0.000000 -0.122670 -0.245341 -0.122670  0.490682  0.122670 -0.368011 -0.245341 -0.245341
  3 Y   3 -0.245341 -0.299075 -0.299075 -0.368011 -0.245341 -0.230138 -0.299075 -0.368011  0.084140 -0.068937 -0.068937 -0.299075 -0.068937  0.529213 -0.421745 -0.245341 -0.245341  0.191607  0.643758 -0.122670
  4 Y   4 -0.191607 -0.084140 -0.137873 -0.206810 -0.299075  0.199732 -0.030406 -0.314278  0.137873 -0.230138 -0.176404 -0.084140 -0.068937  0.045609 -0.260544 -0.137873 -0.191607  0.030406  0.428823 -0.176404
  5 H   5 -0.245341  0.000000  0.122670 -0.122670 -0.368011  0.000000  0.000000 -0.245341  0.981364 -0.368011 -0.368011 -0.122670 -0.245341 -0.122670 -0.245341 -0.122670 -0.245341 -0.245341  0.245341 -0.368011
  6 H   6 -0.137873 -0.161201 -0.092264 -0.230138 -0.260544 -0.107467 -0.107467 -0.299075  0.390292 -0.045609 -0.153076 -0.176404 -0.084140 -0.122670 -0.245341 -0.176404 -0.137873 -0.299075  0.084140  0.008125
  7 H   7 -0.245341  0.000000  0.122670 -0.122670 -0.368011  0.000000  0.000000 -0.245341  0.981364 -0.368011 -0.368011 -0.122670 -0.245341 -0.122670 -0.245341 -0.122670 -0.245341 -0.245341  0.245341 -0.368011
  8 H   8 -0.191607  0.268669  0.068937 -0.176404 -0.368011  0.053734  0.000000 -0.245341  0.551494 -0.368011 -0.314278  0.038531 -0.191607 -0.230138 -0.245341 -0.122670 -0.191607 -0.299075  0.030406 -0.368011
  9 H   9 -0.273379  0.000000  0.405358 -0.029222 -0.410068  0.000000  0.000000 -0.165911  0.717378 -0.410068 -0.410068 -0.082956 -0.273379 -0.244157 -0.273379 -0.029222 -0.165911 -0.380846  0.058444 -0.410068
 10 H  10 -0.245341 -0.209302  0.020836  0.151632 -0.062509 -0.101834 -0.028311 -0.293441  0.395926 -0.401956 -0.455690 -0.224505 -0.333019 -0.298027 -0.293441 -0.102881 -0.225552 -0.420698 -0.091217 -0.401956
 11 D  11 -0.139941  0.082832  0.043104  0.350414 -0.410068  0.033808  0.145985 -0.190423 -0.122807 -0.429994 -0.459215  0.004586 -0.322526 -0.449920 -0.210349 -0.033808 -0.136689 -0.552801 -0.396186 -0.410068
 12 Y  12 -0.334693 -0.319592 -0.299666 -0.462188 -0.354619 -0.196922 -0.319592 -0.482114  0.379998 -0.182448 -0.182448 -0.339518 -0.162522  0.496588 -0.506865 -0.314768 -0.334693  0.230239  0.972796 -0.207199
 13 D  13 -0.262533 -0.191371  0.157599  0.760560 -0.484181  0.019926  0.266804 -0.173254 -0.157599 -0.508377 -0.621853 -0.093550 -0.444329 -0.508377 -0.197451  0.076861 -0.129131 -0.665976 -0.488451 -0.508377
 14 I  14 -0.164059 -0.364307 -0.343398 -0.301379 -0.332288 -0.290648 -0.290648 -0.464885 -0.288633  0.012395 -0.125478 -0.301379 -0.110024 -0.325726  0.277166 -0.212087 -0.113170 -0.543268 -0.288808  0.027296
 15 P  15 -0.180847 -0.432941 -0.432941 -0.252094 -0.328797 -0.252094 -0.275844 -0.432941 -0.432941 -0.566289 -0.566289 -0.252094 -0.385443 -0.770885  1.194679 -0.204596 -0.204596 -0.770885 -0.590039 -0.385443
 16 T  16 -0.068202 -0.312859 -0.309042 -0.489278 -0.297192 -0.315244 -0.358422 -0.608591 -0.504523  0.078389 -0.014178 -0.300631 -0.032309 -0.293264 -0.416605 -0.102441  0.496199 -0.537336 -0.302751  0.225885
 17 T  17 -0.014194 -0.173710  0.156857 -0.148599 -0.397936 -0.020699 -0.080433 -0.319811 -0.261429 -0.432444 -0.393432 -0.111640 -0.257612 -0.527013 -0.237774  0.321733  0.445566 -0.633865 -0.406944 -0.298109
 18 E  18  0.032341 -0.257158 -0.115519 -0.103654 -0.404790 -0.025063  0.163592 -0.433548 -0.358135 -0.304766 -0.353611 -0.109022 -0.200944 -0.531909 -0.314958  0.210477  0.314809 -0.675261 -0.475168 -0.120889
 19 N  19 -0.379753  0.339559  0.776635 -0.043101 -0.787824  0.081715  0.051126 -0.189516  0.123345 -0.747005 -0.677513  0.129569 -0.412630 -0.742939 -0.514331  0.051779 -0.133397 -0.898440 -0.484310 -0.710100
 20 L  20 -0.170875 -0.254769 -0.380132 -0.478781 -0.306694 -0.176014 -0.292920 -0.635228 -0.427234  0.073430  0.202346 -0.257938  0.107373 -0.191631 -0.496472 -0.261732 -0.105996 -0.494094 -0.243995  0.049165
 21 Y  21 -0.179181 -0.176488 -0.292480 -0.310511 -0.508521 -0.091504 -0.054774 -0.492740 -0.049685 -0.309182 -0.302575 -0.103712 -0.232143 -0.081418 -0.391645 -0.185802 -0.263093 -0.299506  0.223623 -0.245506
 22 F  22 -0.324287 -0.263057 -0.386055 -0.444422 -0.529560 -0.321047 -0.307905 -0.567312 -0.272210 -0.191450 -0.125015 -0.234071 -0.091116  0.310509 -0.643678 -0.293473 -0.267298 -0.270729  0.071807 -0.247085
 23 Q  23 -0.203674  0.353657 -0.077677 -0.257797 -0.659942  0.407012  0.117347 -0.361514 -0.140618 -0.568451 -0.398261  0.192949 -0.147966 -0.618328 -0.391346 -0.099925 -0.225058 -0.591032 -0.369784 -0.459764
 24 G  24 -0.048974 -0.210443 -0.173942 -0.341774 -0.638751 -0.261343 -0.295071  0.310955 -0.430623 -0.623022 -0.635534 -0.189217 -0.428361 -0.697840 -0.138412 -0.076536 -0.257907 -0.686926 -0.603442 -0.423058
 25 A  25  0.196665 -0.217508 -0.270745 -0.443256 -0.358207 -0.166146 -0.251538 -0.321649 -0.403222 -0.231664 -0.186629 -0.088654  0.003855 -0.469214 -0.421160  0.041630 -0.080083 -0.714443 -0.460407 -0.096826
 26 M  26 -0.425028 -0.361116 -0.698966 -1.043315 -0.550269  0.011595 -0.677596 -1.215612 -0.803695  0.213226  0.570265 -0.298725  1.588464 -0.214394 -0.827597 -0.357401 -0.342887 -0.622278 -0.509847  0.237221
 27 N  27 -0.387832  0.078472  0.582538 -0.019404 -1.167959  0.153720  0.155461 -0.494554 -0.290202 -1.125573 -1.012595  0.404384 -0.558701 -1.237397 -0.460123  0.242647 -0.089513 -1.458461 -0.936817 -0.906109
 28 E  28 -0.397477  0.057875  0.381732  0.243007 -1.489999  0.345117  0.755630 -0.457950 -0.249834 -1.427930 -1.305660  0.567251 -0.836360 -1.428989 -0.614059  0.221991 -0.205066 -1.525686 -1.044912 -1.068076
 29 V  29 -0.396384 -0.322154 -0.577357 -0.919687 -1.203907 -0.204479 -0.293152 -1.404376 -0.959555 -0.340585 -0.319717  0.254351  0.044844 -1.086416 -0.869404 -0.318057 -0.252792 -1.664279 -0.953286 -0.071717
 30 E  30 -0.502271 -0.182811 -0.177679 -0.288633 -1.643140  0.381255  0.426295 -1.158900 -0.626963 -1.171284 -1.006734  0.274260 -0.496257 -1.530647 -0.405126 -0.053949 -0.403465 -1.826848 -1.121228 -0.840370
 31 F  31 -0.669080 -0.096074 -0.914113 -1.375258 -1.633823 -0.335127 -0.632539 -1.796142 -0.927187 -0.879028 -0.627622  0.133911 -0.107612 -1.030475 -0.744089 -0.581724 -0.514603 -1.800807 -0.942181 -0.677187
 32 N  32 -0.683296  0.887679  0.554015 -0.512200 -2.310917  0.599594  0.371345 -1.136099 -0.305380 -2.236323 -1.856577  1.064590 -1.035700 -2.383912 -0.939012  0.106308 -0.399425 -2.596795 -1.606432 -1.785523
 33 V  33 -0.856196 -2.213703 -2.700954 -3.093627 -1.145189 -1.999250 -2.511065 -3.425289 -2.656880  1.925368  2.190147 -2.026078  1.202751 -0.336874 -1.794587 -1.755641 -0.865249 -2.314711 -1.039531  1.391187
 34 S  34  0.257734 -1.345865  0.193416 -0.648366 -1.672105 -0.919907 -0.918224  0.878986 -1.554734 -2.264591 -2.266412 -0.925646 -1.572261 -2.218565 -0.809129  1.602738  1.055331 -2.405931 -2.189597 -1.680887
 35 N  35 -1.046429 -0.433018  0.750501  1.860709 -2.933386  0.753713  1.728540 -1.217092 -0.489071 -2.742996 -2.853624  0.242619 -1.872042 -2.850760 -0.745967  0.136973 -0.737482 -3.287642 -2.177708 -2.240135
 36 A  36  1.239588 -0.994546 -1.541267 -2.138338 -0.845568 -0.893278 -1.286575 -1.351685 -1.972055 -0.427527  0.150909 -0.811960 -0.103735 -1.480075 -1.659352  0.319478 -0.142087 -2.592944 -1.632932 -0.189800
 37 E  37 -0.986900  0.012379  0.000000  1.924069 -3.940216  2.030915  4.857406 -1.943833 -0.009989 -2.980678 -2.958310  0.976911 -1.944047 -2.975684 -0.996889  0.000000 -0.996889 -2.948321 -1.966416 -1.988784
 38 L  38 -0.757325 -1.056726 -1.947302 -2.289918 -1.725176 -0.867611 -1.120811 -2.361742 -1.635600 -0.901757 -0.033938 -1.093318 -0.102725 -0.665114 -2.367296 -1.067815 -0.645891  0.128000 -0.622375 -0.899813
 39 I  39 -0.483089 -0.341395 -0.487275  0.422836 -2.764628  1.065634  2.108497 -1.894007 -0.753312 -1.787241 -1.867653  0.303879 -1.125442 -2.409237 -1.293075 -0.138538 -0.717267 -2.850505 -1.715874 -1.096344
 40 V  40 -0.481959 -2.885874 -2.962380 -3.037573 -0.993761 -2.375460 -2.454261 -3.406825 -2.914731  3.164749  1.539113 -2.379036  1.032850 -0.370334 -2.478054 -1.958118 -0.494748 -2.793169 -0.898264  3.205582
 41 M  41 -0.922880 -1.280393 -2.220487 -3.156389 -0.995808 -0.448910 -2.160134 -3.151750 -2.220487  1.275754  2.252425 -1.224232  4.253483 -0.064544 -2.160134 -1.212103 -0.939648 -1.288776 -1.004192  1.171781
 42 R  42 -0.974003  1.044219  0.388314  0.197688 -2.747210  0.986612  0.960028 -1.590680 -0.464158 -2.608146 -2.206009  1.057098 -1.263168 -2.739227 -1.382895 -0.077359 -0.355076 -2.906525 -1.931305 -2.118474
 43 V  43 -0.221326 -2.273248 -2.547042 -2.742713 -1.034576 -1.794695 -1.965140 -2.872885 -2.197227  1.811321  0.678785 -1.918500  0.487440 -0.631797 -2.269657 -1.552620 -0.458832 -2.277194 -0.643748  2.089815
 44 I  44 -0.828209 -2.487960 -2.987848 -3.486091 -0.993061 -2.296023 -2.803775 -3.753470 -2.909610  2.629608  2.696554 -2.304057  1.457209  0.012439 -2.836476 -1.978138 -0.848627 -2.345658 -0.851587  2.017630
 45 W  45 -2.780237 -2.911653 -3.712594 -3.769520 -2.028020 -1.974992 -2.900762 -1.576449 -1.910952 -3.006153 -2.092047 -2.911770 -1.114291  0.787027 -3.848376 -2.785154 -1.986119  9.975388  1.756294 -2.951293
 46 S  46 -0.126754  0.095954  0.143926  0.387667 -2.203342  0.583064  0.883746 -1.203752 -0.860640 -2.302492 -2.138751  0.552088 -1.304682 -2.563754 -1.190105  0.642336 -0.077455 -2.980910 -2.034068 -1.759000
 47 L  47 -0.747260 -0.364424 -0.529831 -1.533088 -1.815700 -0.374074 -0.718684 -2.034102 -0.717116 -1.112175 -0.424777 -0.285465 -0.341124 -1.567478 -1.957826 -0.407687 -0.452606 -2.289900 -1.170932 -1.061513
 48 G  48 -0.323754 -1.095575  0.192781  0.227574 -2.850005 -0.422090  0.169930  1.700180 -1.135496 -3.204203 -3.207119 -0.559561 -2.246386 -2.863924 -1.024625  0.295226 -1.170006 -2.708356 -2.432960 -2.428591
 49 E  49 -0.850031 -0.719700 -0.841180 -0.124865 -2.965769  0.103030  0.647712 -1.633108 -1.135637 -2.872109 -2.738871  0.134680 -1.764723 -3.303362  2.528191 -0.335003 -0.840483 -3.367649 -2.397820 -2.042193
 50 A  50  0.798838 -1.418786 -1.861963 -2.264344 -0.630150 -1.123107 -1.573090 -1.516003 -2.167386  0.026514  0.079309 -1.287121  0.022785 -1.449710 -1.824631 -0.362277 -0.335707 -2.561004 -1.583610  0.364283
 51 R  51 -0.197348 -0.712408 -0.201725 -1.108648 -1.375490 -0.821664 -0.911705 -1.723434 -1.442498 -1.255764 -1.161107 -0.702163 -0.883588 -1.435937 -1.288235  0.720469  2.309768 -2.140673 -1.490742 -0.753652
 52 V  52  0.709978 -2.009498 -1.926558 -2.126753 -0.941110 -1.383937 -1.467961 -1.830235 -2.284764  0.666995 -0.202812 -1.407116  0.018648 -1.476716 -1.074591 -0.303291  0.198183 -2.859814 -1.457342  1.354157
 53 D  53 -0.512716  1.209905  0.389252 -0.516230 -2.542239  0.306117  0.217895 -0.819753 -0.625696 -2.670435 -2.259614  1.157247 -1.362510 -2.699582 -1.419559  0.141331 -0.589543 -2.963467 -2.046481 -2.216144
 54 E  54 -1.074283 -0.381467  0.152242  2.027874 -3.233551  1.562329  2.838221 -1.595596 -0.346196 -2.772244 -2.805684  0.342977 -1.725652 -2.723758 -1.118730  0.033698 -0.840850 -2.914077 -1.911033 -2.103961
 55 I  55 -0.528474 -2.846292 -2.964205 -3.079495 -0.986558 -2.386132 -2.515442 -3.498163 -2.950667  3.192908  1.714329 -2.399416  1.098091 -0.434679 -2.529447 -1.957432 -0.540882 -2.831498 -0.968311  3.115807
 56 Y  56 -0.804302 -1.100632 -1.600987 -2.379993 -1.578065 -1.057889 -1.567739 -2.721843 -0.534428  0.287683  0.215987 -1.370449  0.176854 -0.475504 -2.336455 -1.194834 -0.807666 -1.982355 -0.092483  0.151231
 57 A  57 -0.052313 -0.412809 -0.143820  1.154661 -2.482306  0.640722  1.781350 -1.213866 -0.688351 -2.385939 -2.439952  0.152950 -1.661920 -2.630356 -1.066439  0.268920 -0.632448 -3.108254 -2.064576 -1.734875
 58 Q  58 -0.090414 -0.298126 -0.945936 -0.982766 -1.936170  0.290434  0.148559 -1.850219 -0.959597 -1.235992 -1.020969 -0.159938 -0.597300 -1.848127 -1.608903 -0.288569 -0.652986 -2.557662 -1.325005 -0.830444
 59 I  59 -0.974080 -2.083630 -2.820860 -3.605655 -1.053557 -1.949101 -2.776302 -3.726992 -2.560236  1.907559  2.953586 -2.038685  1.688140  0.220608 -2.879971 -1.859833 -1.004185 -1.841132 -0.523893  1.143846
 60 P  60 -0.316401 -0.819451 -0.159622 -0.036627 -2.251412 -0.008278  0.189299 -0.920400 -1.074184 -2.333822 -2.247454 -0.191666 -1.467524 -2.720971  0.351154  0.272154 -0.460255 -3.073733 -2.131783 -1.732593
 61 Q  61 -0.550647 -0.106093 -0.205011  0.357847 -2.734533  0.989126  1.328906 -1.187420 -0.622630 -2.563197 -2.347514  0.431031 -1.391508 -2.735908 -0.444709  0.004960 -0.731400 -2.825532 -1.900870 -1.843541
 62 E  62 -0.577309 -0.279877 -0.098250  0.274748 -2.481851  0.494336  0.925369 -1.240792 -0.819031 -2.323306 -2.236021  0.395669 -1.364660 -2.602657 -0.215205  0.241248 -0.423442 -2.884518 -1.940602 -1.709387
 63 L  63 -0.804113  1.097260 -0.363970 -1.552106 -2.288004  0.104166 -0.412794 -1.605542 -0.804289 -1.897164 -1.269687  0.923864 -0.606502 -2.060910 -1.557824 -0.467438 -0.464565 -2.428307 -1.503766 -1.552250
 64 E  64 -0.810063 -0.945731  0.088232  0.994045 -2.846535  0.234163  0.893690 -0.323388 -0.915112 -2.900251 -2.965258 -0.303087 -1.966163 -2.974671  0.295773  0.103223 -0.844032 -3.076426 -2.343940 -2.242345
 65 W  65 -1.676193 -2.101218 -2.863216 -3.155863 -1.455507 -1.650468 -2.378945 -2.317664 -2.016328 -0.764751 -0.028564 -2.098191 -0.012373  0.119488 -2.662632 -2.033367 -1.216625  3.846086  0.336385 -0.960492
 66 S  66  1.287002 -0.498461 -0.179550 -0.944281 -1.214435 -0.274964 -0.304573 -0.401416 -0.753813 -1.844136 -1.705864  0.090104 -1.139647 -2.109320 -1.065636  1.375118  0.179928 -2.788245 -1.691892 -1.239953
 67 L  67 -1.230612 -1.295076 -1.572143 -1.926372 -2.154289 -0.655883 -1.045269 -2.525422  0.095912 -1.233824 -1.020907 -1.051556 -0.813770  0.162790 -1.228861 -1.236672 -1.261476 -0.749059  2.019238 -1.028624
 68 A  68  0.273169 -0.559836  0.903732 -0.553339 -1.502152 -0.272092 -0.372400 -0.864960 -1.086038 -1.859931 -1.752098 -0.133285 -1.188945 -2.328304 -1.015306  1.454071  1.726790 -2.798088 -1.980419 -1.247786
 69 T  69  0.122883 -1.011289  0.024364 -0.932870 -1.000754 -0.944981 -0.934436 -1.822131 -1.935174 -1.063354 -1.075754 -0.950253 -1.012114 -2.007877 -1.009731  1.138108  4.595220 -2.095713 -2.004237 -0.124466
 70 V  70 -0.266436 -2.755329 -2.735471 -2.879550 -0.974883 -2.151873 -2.217605 -3.153093 -2.891467  2.780662  1.211413 -2.155740  0.861257 -0.784374 -2.220305 -1.712778  0.059617 -2.845785 -1.081304  3.162766
 71 K  71 -0.318896 -0.040101 -1.078781 -1.926566 -1.775268 -0.021074 -0.690322 -2.143379 -1.354601 -0.847889 -0.229528  0.656346  0.367309 -1.567858 -1.695651 -0.306639 -0.629423 -2.381725 -1.285187 -0.519566
 72 T  72  0.107256 -0.868080  0.076159 -0.935579 -0.985965 -0.822882 -0.845467 -1.726569 -1.833949 -1.215081 -1.165245 -0.653204 -0.995550 -2.052497 -1.044192  1.211106  4.062943 -2.179884 -2.000386 -0.342143
 73 L  73 -0.719727 -2.096873 -2.448282 -3.079971 -1.107252 -1.816430 -2.372716 -3.332895 -2.533961  1.631749  1.933399 -1.882414  1.203074 -0.090031 -2.493385 -1.469735 -0.039919 -1.982438 -0.745192  1.409805
 74 L  74 -0.880629 -2.094594 -2.840817 -3.594242 -0.966329 -1.877949 -2.763306 -3.741454 -2.848698  2.209500  3.098823 -2.012388  2.121076 -0.099695 -2.764306 -1.820915 -0.892880 -2.105760 -1.008486  1.526916
 75 G  75 -0.575192  0.285542  0.628867 -0.146006 -2.447555  0.182543  0.087223 -0.375279 -0.739125 -2.594725 -2.343331  0.432707 -1.482886 -2.600741 -1.465020  0.376549 -0.191239 -2.805424 -1.997998 -2.089215
 76 R  76 -1.008729  3.050382  0.059208 -1.844249 -2.661487  0.266413 -0.450765 -1.959560 -0.384244 -1.965905 -1.520251  1.020888 -0.810955 -2.527039 -2.092729 -0.913094 -0.870944 -3.042157 -1.820286 -2.011854
 77 L  77 -0.977792 -1.917342 -2.889353 -3.861364 -0.801810 -1.804307 -2.906784 -3.867146 -2.889353  1.843848  3.660883 -1.914954  2.264313 -0.042027 -2.886965 -1.869534 -0.997611 -1.897524 -1.019819  0.979091
 78 V  78 -0.465825 -1.330358 -1.328191 -1.348940 -1.974900 -0.520552 -0.062553 -2.347927 -0.489460 -0.239406 -0.704538 -0.920730 -0.435373 -1.245367 -1.796450 -0.845172 -0.436269 -2.395334 -0.587499  0.294615
 79 K  79 -0.797061  0.629577  0.236607  0.597900 -2.963597  1.143066  1.838529 -1.551844 -0.583558 -2.747069 -2.418256  1.604150 -1.456729 -2.844766 -1.158196  0.114983 -0.609936 -2.992562 -2.016006 -2.016363
 80 K  80 -0.983313  2.040536  0.015668 -1.004039 -2.992042  1.004459  0.984305 -1.983750 -0.964345 -2.991730 -2.004303  4.852290 -1.005370 -2.995865 -1.028285 -0.016170 -0.991875 -3.000922 -1.996932 -2.020014
 81 E  81 -0.371543 -1.120441  0.291921 -0.381170 -3.097901 -0.888070 -0.576548  3.531126 -1.294841 -3.660741 -3.572661 -0.905319 -2.548403 -2.961121 -1.760205  0.044119 -1.622704 -2.349814 -2.619371 -2.779444
 82 M  82 -0.249646 -2.003976 -2.570487 -2.938514 -1.144708 -1.641073 -2.174308 -2.370568 -1.571439  0.075654  0.358077 -1.922100  0.423447  0.890707 -2.601060 -1.256473 -1.033895 -0.095656  0.562809  0.030707
 83 L  83 -0.526359 -2.495615 -2.975175 -3.444205 -0.986799 -2.103027 -2.569198 -3.533655 -2.974799  2.567347  2.476339 -2.103027  1.424910 -0.412520 -2.572245 -1.942679 -0.577059 -2.518782 -1.006919  2.390737
 84 S  84  0.165071 -0.173434  0.004027 -0.530922 -1.856896 -0.078867 -0.055169 -0.596767 -1.122388 -2.027699 -1.884668  0.114981 -1.225237 -2.354251 -1.317397  0.778079  0.354529 -2.711141 -1.973708 -1.458716
 85 T  85 -0.527389  0.688152 -0.579151 -1.693976 -1.716585 -0.225237 -0.722827 -1.915815  0.131053 -1.678191 -1.464360 -0.150261 -0.883823 -1.391227 -1.801568 -0.380443 -0.132225 -2.097658 -0.539321 -1.413409
 86 E  86 -1.005880  0.236528  0.255109  0.554494 -2.972941  0.932042  1.837281 -1.748645  0.235644 -2.444346 -2.372662  0.652875 -1.490966 -2.511160 -1.350611 -0.106949 -0.623722 -2.851120 -1.523255 -1.855210
 87 K  87 -0.679949  1.748705 -0.216250 -1.005427 -2.704944  0.812502  0.629131 -1.749547 -0.754901 -2.503107 -1.854738  2.209627 -0.971835 -2.747126 -1.199111 -0.224357 -0.670686 -2.877284 -1.907714 -1.874664
 88 E  88 -0.928860 -0.721484 -0.025225  0.678568 -2.586375  0.450166  1.093630 -1.608067 -0.481544 -1.889677 -2.061690 -0.213745 -1.294342 -1.937662 -1.439379 -0.104352 -0.708804 -2.685103 -1.313826 -1.480144
 89 G  89 -0.082687 -1.579189  0.109872 -0.448084 -2.772644 -1.281088 -1.124171  4.011432 -1.646114 -3.486644 -3.502664 -1.411941 -2.551322 -2.827252 -1.752922  0.236291 -1.436393 -2.254218 -2.699102 -2.635335
 90 R  90 -1.028499  3.071071  0.366452 -1.484845 -2.836754  0.615006 -0.006826 -1.648204 -0.197792 -2.728560 -1.926845  1.871763 -1.047751 -2.772336 -1.607381 -0.573085 -0.898278 -2.965237 -1.874291 -2.527140
 91 K  91  0.802245 -0.324863 -0.679879 -1.259197 -1.395425 -0.391728 -0.444262 -1.052985 -1.329673 -1.493260 -1.350073 -0.000897 -0.903621 -2.150796 -0.983317  0.533913  0.321821 -2.761368 -1.844713 -0.844640
 92 F  92 -1.807771 -1.385882 -1.239587 -2.325554 -2.197121 -1.246753 -1.704379 -2.516862  1.237027 -1.183029 -1.041369 -1.617260 -0.761939  2.143469 -2.942664 -1.472833 -1.645136  0.242166  3.031298 -1.473951
 93 V  93 -0.691873 -0.847512 -1.661779 -2.197142 -1.711684 -0.710628 -1.086119 -2.731616 -1.395584  0.413373  0.152961 -0.893040  0.221773 -1.111739 -2.107352 -1.227870 -0.541083 -2.358732 -0.800010  0.608763
 94 Y  94 -1.961951 -2.066263 -2.081430 -2.993523 -1.777992 -1.148446 -2.088421 -2.965997  1.683414 -0.971581 -0.950033 -2.069580 -0.937420  2.984693 -3.044376 -1.980791 -1.965624  1.974073  6.464786 -1.025243
 95 R  95 -0.541272  0.088479 -0.634305 -1.518849 -2.014225 -0.266210 -0.618932 -1.471339 -0.389054 -1.662577 -1.421098 -0.332758 -0.899213 -1.019204 -1.900669 -0.178409 -0.289146 -1.672548 -0.271914 -1.413025
 96 P  96  0.761192 -1.588153 -1.842793 -1.303918 -1.819900 -0.963958 -0.963958 -1.244532 -1.930109 -2.118119 -2.146585 -0.963958 -1.534822 -3.105845  3.701103 -0.159445 -0.506455 -3.500662 -2.521707 -1.182490
 97 L  97  0.204470 -1.411728 -1.995695 -2.669614 -0.869456 -1.411013 -1.865107 -2.466803 -2.300346  0.812908  1.420105 -1.284144  0.647766 -0.891717 -2.029687 -0.831606 -0.114469 -2.297794 -1.302429  0.744697
 98 M  98 -0.243730 -2.021323 -2.271479 -2.472914 -0.760228 -1.629829 -1.932231 -2.632180 -2.275464  2.163248  1.343484 -1.734682  1.204282 -0.396037 -1.934125 -1.343666 -0.450269 -2.130620 -0.867632  2.147313
 99 E  99 -0.415405 -0.106084  0.114600  0.865768 -1.017497  0.377833  0.894862 -0.487012 -0.166589 -0.902417 -0.945891  0.279564 -0.625948 -0.902417 -0.300806  0.000000 -0.300806 -0.997880 -0.697074 -0.716211
