   89         A         R         N         D         C         Q         E         G         H         I         L         K         M         F         P         S         T         W         Y         V    
  1 M   1 -0.037458 -0.037458 -0.074916 -0.112374 -0.037458  0.000000 -0.074916 -0.112374 -0.074916  0.037458  0.074916 -0.037458  0.187289  0.000000 -0.074916 -0.037458 -0.037458 -0.037458 -0.037458  0.037458
  2 A   2  0.502864 -0.156557 -0.189751 -0.230872 -0.041121 -0.115436 -0.115436  0.000000 -0.271993 -0.197677 -0.197677 -0.115436 -0.156557 -0.313113 -0.156557  0.279919  0.041121 -0.469670 -0.313113 -0.082242
  3 E   3 -0.452533 -0.248389  0.313681  1.082991 -1.185019  0.366130  1.144290 -0.480613 -0.103944 -1.021377 -1.135861  0.068582 -0.788927 -1.021377 -0.376896  0.107655 -0.278125 -1.185246 -0.808350 -0.838313
  4 C   4 -0.290454 -1.547470 -1.593547 -1.664133  0.213756 -1.364047 -1.500143 -1.867589 -1.577135  1.341723  0.709134 -1.364047  0.401269 -0.240702 -1.442838 -0.972345 -0.306949 -1.400119 -0.551616  1.267406
  5 V   5 -0.527319 -2.027936 -2.096468 -2.165001 -0.698823 -1.856432 -1.924964 -2.623787 -2.096468  2.486723  1.363206 -1.856432  0.767355 -0.171504 -1.924964 -1.397646 -0.527319 -2.027936 -0.698823  2.130907
  6 S   6  0.080845 -0.989148 -1.075411 -1.432858 -0.788551 -0.649325 -0.972341 -1.496786 -1.366515  0.227369  0.106806 -0.663015  0.500147 -0.540480 -1.276702 -0.059721  0.052554 -1.560999 -0.823432  0.382519
  7 Q   7 -0.461733 -0.382294 -0.850574 -0.884410 -1.548566  1.349223  0.248858 -1.727605 -0.876268 -0.441755 -0.426914 -0.048974  0.265972 -1.482984 -1.028782 -0.567049 -0.461733 -1.679577 -0.743664  0.164198
  8 A   8 -0.361480 -0.512799  0.383528 -0.529306 -1.357405 -0.311562 -0.314865 -1.014859  1.431882 -1.191538 -1.252703 -0.636256 -0.779408 -1.116024 -1.159211  0.021313 -0.186235 -1.809481 -0.314801 -0.990863
  9 I   9 -0.670926 -1.428052 -1.828303 -2.228554 -0.718230 -1.054361 -1.780999 -2.499229 -1.828303  1.698727  1.536885 -1.380748  2.097641 -0.047304 -1.780999 -1.110073 -0.670926 -1.428052 -0.718230  1.401491
 10 D  10 -1.085525 -1.257521  0.712281  3.435058 -1.992377  0.048936  1.258692 -0.662984 -0.505855 -2.089078 -2.657254 -0.566645 -1.920506 -2.043205 -0.759685  0.461736 -0.517349 -2.755486 -1.949929 -2.064610
 11 I  11 -0.689445 -1.901755 -2.117863 -2.333970 -0.736749 -1.762068 -2.070559 -2.807308 -2.117863  2.375093  1.673642 -1.854451  1.230006 -0.047304 -2.070559 -1.381114 -0.689445 -1.901755 -0.736749  1.825335
 12 N  12 -0.932936  1.142144  1.407132  0.138289 -2.327722  0.735471  0.569217 -1.035686 -0.078417 -2.310381 -1.990890  0.899471 -1.164737 -2.380595 -1.266738  0.084811 -0.313263 -2.637190 -1.628307 -2.017110
 13 E  13 -0.613169 -0.150341 -0.068682  0.944441 -2.328293  1.492910  2.826939 -1.611886 -0.319706 -2.273228 -2.163534  0.484817 -1.308988 -2.377740 -0.939047  0.278196 -0.359659 -2.333888 -1.589035 -1.534547
 14 P  14 -0.695502 -0.843927 -0.788050 -0.758998 -2.260148 -0.397281 -0.448670 -1.511693 -1.361571 -2.279734 -2.094027  0.217073 -1.240578 -2.862721  3.169464 -0.169091 -0.388202 -2.994780 -2.183023 -1.562428
 15 I  15 -0.659331 -2.213234 -2.637871 -3.062508 -0.879290 -1.993275 -2.417912 -3.297203 -2.637871  2.447929  2.387896 -1.993275  1.303928 -0.219959 -2.417912 -1.758581 -0.659331 -2.213234 -0.879290  2.008556
 16 G  16 -0.084592 -1.198006 -0.450937 -1.252265 -1.531059 -0.711944 -1.037826  0.074220 -1.045724 -1.452254 -1.211628 -0.802041 -0.875566 -1.162697 -1.583695  0.583519 -0.259958 -1.602749 -0.678989 -1.175716
 17 N  17 -0.220837 -1.079740  0.179132 -0.518078 -1.156336 -0.716329 -0.653094 -1.423123 -1.209070 -0.964252 -1.297517 -0.700445 -0.892175 -1.758687 -1.419819  0.354345  1.029498 -2.518782 -1.388863 -0.453410
 18 L  18 -0.873852 -1.912745 -2.786597 -3.660449 -0.939675 -1.814494 -2.720774 -3.660449 -2.786597  1.912745  3.496376 -1.846922  1.910810 -0.065823 -2.720774 -1.846922 -0.873852 -1.912745 -0.939675  1.137143
 19 K  19 -0.747211  2.237740 -0.154460 -1.082979 -2.807272  1.158580  0.865097 -1.902778 -0.716714 -2.736877 -1.858297  3.304301 -0.801635 -2.814107 -1.239672 -0.208638 -0.936426 -2.830953 -1.877149 -2.009089
 20 K  20 -0.514822  0.471350  0.344823  0.186665 -2.539588  1.016714  1.105884 -1.184168 -0.766892 -2.623997 -2.242500  1.512741 -1.255155 -2.712780 -1.109123  0.574232 -0.263224 -2.842140 -1.959972 -1.929417
 21 L  21 -0.764596 -1.601395 -2.467412 -3.183083 -1.187141 -0.975131 -2.142151 -3.414784 -2.467412  1.361418  2.577663 -1.544400  1.809400 -0.475608 -2.495909 -1.536747 -0.894307 -2.020008 -1.016157  0.889963
 22 L  22 -0.861671 -1.877471 -2.770036 -3.481448 -1.104499 -1.996950 -2.647977 -3.692092 -2.770036  2.208883  2.785150 -1.936565  1.453604 -0.303212 -2.768746 -1.907075 -0.861671 -2.360546 -1.044114  1.529655
 23 E  23 -0.838419  0.056693  0.086512  1.264492 -3.537512  1.711181  3.644472 -1.450867 -0.030363 -2.939741 -2.799852  1.028858 -1.752593 -2.838983 -1.058794  0.217578 -0.937158 -2.812597 -1.850523 -2.042524
 24 P  24 -1.007311  1.052581 -0.193229 -0.213413 -3.071741  1.296706  1.338762 -1.895873  0.169733 -2.866869 -2.452036  0.788701 -1.350598 -2.897282 -0.031324 -0.360425 -0.835029 -2.876558 -1.683380 -2.258411
 25 R  25 -1.118059  3.097303 -0.171374 -1.681377 -2.849288  0.989038  0.151754 -2.069361  0.228436 -2.747387 -1.897986  2.106551 -0.955773 -2.274928 -1.774189 -0.790459 -1.118059 -2.348872 -0.860255 -2.452215
 26 L  26 -0.688414 -2.032936 -2.667409 -3.183577 -1.116762 -1.898611 -2.352140 -3.428203 -2.596670  1.711165  2.497171 -1.945046  1.199567 -0.038422 -2.682322 -1.633430 -0.838774 -2.097839 -0.897918  1.070325
 27 Q  27 -0.575352 -0.619783  0.158694 -0.724593 -2.730709  0.483325 -0.433967  1.456249 -0.346607 -3.024987 -2.769132 -0.732147 -1.611429 -2.377871 -1.690886 -0.104426 -1.371895 -1.960008 -1.311663 -2.284042
 28 C  28 -0.046950 -2.290178 -2.288413 -2.527434  0.259023 -2.011804 -2.205788 -2.774096 -2.567563  1.431959  0.513570 -1.869182  0.277691 -0.907861 -2.247238 -0.905136 -0.099102 -2.624199 -1.289710  1.510189
 29 S  29 -0.099756 -1.150898 -0.501224  0.279967 -1.101339 -0.238979  0.350617 -1.328178 -1.367389 -2.227599 -2.322106 -0.153358 -1.530639 -2.683811  0.139712  0.768896 -0.387446 -3.202023 -2.280253 -1.719118
 30 L  30 -0.404392 -1.829379 -2.479609 -3.008793 -1.350670 -1.652714 -2.143913 -2.649233 -2.491632  0.573511  1.869516 -1.704982  0.755754 -0.543688 -1.932324 -1.353885 -0.991762 -2.158941 -1.222798  0.173836
 31 D  31 -1.060372 -1.013587  0.888563  2.962979 -2.646393  0.251102  1.612829 -1.076729 -0.542869 -2.677888 -3.088596 -0.159538 -2.182673 -2.706016 -1.097125  0.637176 -0.326540 -3.440479 -2.347808 -2.388677
 32 A  32 -0.608071 -0.618680  0.300456  0.768331 -2.613269  0.416493  0.841996 -0.539187  0.080406 -2.698157 -2.703236 -0.041385 -1.793014 -2.275613 -1.383133  0.136809 -0.997686 -2.640915 -1.286811 -2.148718
 33 H  33 -1.149525 -1.069349 -1.170532 -1.946643 -0.844448  0.079555 -1.044126 -2.438347  1.622372 -1.653803 -1.386076 -1.275219 -0.725939  0.034064 -2.291040 -1.062044 -1.508005 -0.632053  2.136293 -1.457768
 34 E  34 -0.795961  0.214333  0.619634  0.937474 -2.700624  0.842345  1.499664 -1.457882 -0.343528 -2.449742 -2.423952  0.312293 -1.519426 -2.640116 -1.308970  0.408223 -0.189255 -3.051634 -1.957262 -2.025069
 35 I  35 -1.359169 -2.701982 -2.877114 -2.982669 -1.470554 -2.588349 -2.733190 -3.483143 -2.144741  1.712222  1.455449 -2.623138  0.723098  2.159811 -3.271073 -1.930422 -1.340651 -1.249008  0.485514  0.851391
 36 C  36 -1.577386 -2.622858 -2.980628 -3.313715  0.507957 -2.094489 -2.895106 -2.818662 -1.579654 -0.788996 -0.495075 -2.592932 -0.453998  0.673760 -3.240855 -1.967486 -1.257461  2.802102  1.422527 -0.936622
 37 L  37 -1.181991 -2.075943 -2.831485 -3.676806 -1.211917 -2.075943 -2.861411 -3.706732 -2.285331  1.481158  3.052095 -2.105869  1.511085  0.980086 -3.089599 -1.937533 -1.181991 -1.462454 -0.220610  0.527355
 38 Q  38 -0.934984  0.909615  0.172847 -0.083255 -2.803461  3.517586  1.509021 -1.794037  0.382468 -2.877325 -2.092137  1.158949 -0.431731 -2.730748 -1.086944  0.192243 -0.909289 -2.226920 -1.023325 -2.096368
 39 D  39 -1.253812 -1.597313  0.930875  3.128436 -2.881780 -0.350283  0.961549  0.563966 -1.060654 -3.046517 -3.577452 -0.964538 -2.651569 -2.874825 -1.276839  0.195492 -0.765584 -3.258310 -2.727934 -2.675812
 40 I  40  0.024955 -1.200789 -1.339722 -1.419790 -1.484638 -0.664662 -0.709811 -2.253617 -1.740837 -0.067282 -0.489547 -0.872242 -0.400010 -1.305762 -1.707389 -0.293568  0.475847 -2.449829 -1.273849  0.285461
 41 Q  41 -0.976039  0.710745 -0.235824 -0.358271 -2.819856  3.296208  1.461041 -2.106147 -0.293812 -2.594516 -1.769888  0.978818 -0.251840 -2.593656 -0.991059 -0.135048 -0.663851 -2.059788 -0.991308 -1.730588
 42 L  42 -0.992161 -1.943256 -2.748896 -3.554536 -0.992161 -1.896821 -2.748896 -3.620288 -2.628127  1.827855  3.261195 -1.943256  1.816336  0.362307 -2.809280 -1.817119 -0.992161 -1.701718 -0.690239  0.942513
 43 D  43 -1.086558 -0.405226  0.072124  1.578809 -3.044273  0.795876  2.549532 -1.645258 -0.226509 -2.260798 -2.331837  0.124094 -1.646853 -2.440759 -1.208084 -0.210384 -0.724333 -2.841874 -1.815280 -1.736034
 44 P  44 -0.692239 -1.575614  0.076185  0.807240 -2.617697 -0.609214 -0.111302 -0.136237 -1.319339 -2.902213 -3.106226 -0.843189 -2.149012 -3.151004  1.637569  0.328395 -0.728752 -3.473935 -2.679872 -2.343228
 45 D  45 -1.461746 -0.768877  0.485957  1.829871 -3.028342  0.600093  1.562593 -1.445928  1.602669 -2.882850 -3.117124 -0.465441 -2.097692 -2.416483 -0.822456 -0.203077 -0.979206 -2.921332 -1.203639 -2.494876
 46 R  46 -0.900744  1.517143  0.199066 -1.003469 -2.490471  0.535404  0.204453 -1.877670 -0.548247 -2.339593 -1.621038  2.152513 -0.753196 -2.492148 -1.399063 -0.015313 -0.215236 -2.752615 -1.753252 -1.839141
 47 S  47 -0.472500 -0.828703  1.950274  0.545998 -1.548034 -0.278930 -0.120725 -0.581109 -0.619745 -2.093375 -2.183649 -0.369204 -1.440864 -2.327621 -0.879266  1.665928  0.985006 -3.023102 -1.997032 -1.881470
 48 L  48 -0.852874 -1.820616 -2.615644 -3.526364 -0.929727 -1.801609 -2.654482 -3.584210 -2.731336  1.704924  3.372656 -1.801609  1.666909 -0.134700 -2.654482 -1.685916 -0.563643 -1.878462 -0.987573  0.928904
 49 F  49  0.015824 -2.118251 -2.264714 -2.399130 -1.084633 -1.594239 -1.806850 -2.204748 -1.878290  0.876412  0.296748 -1.760379  0.435876  0.689362 -2.205879 -0.936518 -0.608889 -1.631498 -0.138999  1.023054
 50 D  50 -1.399702 -1.209096  0.543378  4.130839 -3.028724  0.601424  2.724888 -1.218205 -0.641249 -2.740247 -3.332560 -0.303836 -2.427301 -2.764714 -0.929727  0.024468 -0.905260 -3.381496 -2.451769 -2.402833
 51 Q  51 -1.158787  0.160049 -0.411245 -0.618506 -2.594459  2.942322  1.017930 -2.079225  0.722933 -2.273610 -1.693028  0.175808 -0.364473 -1.451981 -1.397565 -0.486845 -1.158787 -1.119465  0.774233 -1.591950
 52 G  52 -0.048360 -2.006076 -1.219016 -1.521868  2.444406 -1.800501 -2.010182  0.100277 -2.003696 -2.114778 -2.114778 -1.874365 -1.660379 -2.371699 -1.652195 -0.398630 -1.115491 -2.185936 -2.193554 -1.662759
 53 V  53 -0.295123 -2.502141 -2.550587 -2.626615 -1.084261 -1.814903 -1.789031 -3.005457 -2.666279  2.399060  1.123837 -1.858958  0.810532 -0.846984 -2.053360 -1.642545 -0.005893 -2.692151 -1.053998  2.849020
 54 K  54 -0.768081  0.836512 -0.145543 -0.575525 -2.310577  1.848844  1.063702 -1.849287 -0.285423 -2.378022 -1.818935  1.827159 -0.645612 -2.546463 -1.159766  0.049768 -0.798007 -2.470931 -1.351610 -1.617161
 55 T  55 -0.159454 -1.205495 -0.225240 -0.462536 -1.822788 -0.921780 -0.918112  0.819781 -1.571160 -1.794392 -1.973511 -1.136224 -1.474866 -2.100678 -1.217793  0.261076  0.291955 -2.170618 -2.051437 -1.250239
 56 D  56 -0.656962 -0.639776  0.267107  1.925766 -2.610772  0.739064  2.071204 -0.842362 -0.277503 -2.486944 -2.664109  0.082303 -1.795717 -2.421404 -0.967258  0.382730 -0.727732 -2.771723 -1.866817 -1.987396
 57 G  57 -0.131061 -1.467189  0.475359 -0.024493 -2.425382 -1.242470 -1.033909  3.482596 -1.390123 -3.113314 -3.201325 -1.281670 -2.371246 -2.562346 -1.559448  0.255843 -1.294596 -2.221951 -2.472212 -2.441540
 58 T  58 -0.383402 -1.607992 -1.642143 -2.373319 -0.882347 -1.416920 -1.840222 -2.641292 -2.257890  0.952344  1.496607 -1.416920  0.689903 -0.725541 -1.921501 -0.597240  0.749576 -1.997143 -1.190221  0.824054
 59 V  59  0.052788 -2.448596 -2.250150 -2.349373 -0.882347 -1.612683 -1.612683 -2.395808 -2.448596  2.197362  0.631113 -1.612683  0.683901 -0.935135 -1.711906 -1.169357  0.052788 -2.647042 -0.981570  2.887617
 60 Q  60 -0.765684  0.283295  0.130943 -0.355020 -2.334445  2.590164  0.973953 -1.647607  0.423815 -2.078996 -1.562821  0.247907 -0.210695 -2.040497 -1.191073 -0.113326 -0.859515 -1.869916 -0.586444 -1.475448
 61 L  61 -0.774322 -2.162121 -2.481535 -2.718195 -0.995063 -1.900003 -2.260793 -3.195932 -2.504363  2.053449  2.164232 -1.941380  1.130422 -0.123720 -2.414886 -1.681941 -0.732945 -2.125025 -0.845251  1.571208
 62 S  62 -0.573151 -0.530843  1.939153 -0.208383 -1.699760 -0.302713 -0.412371 -0.642267 -0.424138 -1.552360 -1.458342 -0.270285 -0.922896 -1.933936 -1.154821  1.290793  0.118994 -2.890236 -1.637723 -1.634648
 63 V  63 -0.347189 -2.110648 -2.234293 -2.588419 -0.860005 -1.713073 -1.951958 -2.811964 -2.464775  1.988469  1.454483 -1.713073  0.868409 -0.628058 -1.951958 -1.374287  0.229017 -2.225889 -0.975247  2.154097
 64 Q  64 -0.885761  1.051296 -0.088110 -0.052502 -2.661883  2.755043  1.767675 -1.727468  0.046733 -2.437010 -1.820177  0.995348 -0.567368 -2.260790 -1.050115 -0.208409 -0.885761 -1.849688 -0.831762 -1.759657
 65 V  65 -0.441470 -2.275856 -2.229662 -2.405062 -0.885761 -1.905428 -2.006964 -2.730751 -2.289281  2.247787  1.206353 -1.905428  0.751458 -0.179962 -2.124883 -1.240227 -0.441470 -2.247365 -0.739351  2.073071
 66 I  66 -0.550709  0.003208 -0.775039 -1.111492 -1.544655  0.010947 -0.191410 -1.863832 -1.110321 -0.309540 -0.477254  0.468555 -0.164720 -1.416789 -1.220160 -0.521723 -0.181387 -2.011304 -1.104256  0.013425
 67 S  67 -0.099322 -0.807051  0.203173  0.346923 -1.291683 -0.165474  0.145131 -0.363071 -0.809397 -1.405172 -1.528274 -0.353814 -1.009694 -1.627830 -0.178907  0.939781  0.321410 -1.997050 -1.477211 -1.142872
 68 Y  68  0.033396 -0.642847 -0.426876 -1.050865 -1.146554 -0.391591 -0.578205 -0.747138 -0.577676 -0.844643 -0.912776 -0.183433 -0.616926 -0.850121 -1.047779 -0.005775 -0.260283 -1.353746 -0.159438 -0.447986
 69 Q  69 -0.603085  0.591273  0.086654 -0.205793 -2.073558  1.881279  0.825681 -1.370298 -0.016082 -2.150733 -1.666523  0.710306 -0.578654 -2.159347 -0.601796  0.289525 -0.260675 -1.963530 -1.094037 -1.597175
 70 G  70  0.099494 -0.805690 -0.199236 -0.544921 -1.666875 -0.394571 -0.567229  0.656312 -1.180660 -2.007680 -1.916907 -0.548990 -1.329531 -2.122879 -0.151518  0.164696 -0.076166 -1.989917 -1.789994 -1.317193
 71 M  71 -0.505598 -1.259026 -0.498915 -1.060060 -1.227701 -0.937688 -1.034554 -0.570505 -1.237178 -0.167954 -0.486869 -1.092214 -0.123855 -0.934622 -1.474367 -0.456258 -0.446325 -1.240960 -1.003213 -0.041295
 72 E  72 -0.696797  0.153665  0.226831  0.495291 -2.279240  0.911760  1.703100 -1.269896  0.053356 -1.938862 -1.776364  0.573656 -1.095001 -1.748168 -0.992813  0.197383 -0.584167 -1.975908 -0.946530 -1.530662
 73 P  73 -0.444705  0.587220 -0.577482 -0.567858 -2.127230  0.189547  0.198992 -1.348159 -0.869571 -2.162186 -1.830001  1.036940 -1.122329 -2.472954  0.964564 -0.323735 -0.696107 -2.579309 -1.809337 -1.596965
 74 K  74 -0.475042  2.624326 -0.115692 -1.300394 -2.160655  0.607203  0.170304 -1.495605 -0.467973 -2.218501 -1.512075  2.122210 -0.805649 -2.317724 -1.242548 -0.337676 -0.499542 -2.375570 -1.611298 -1.849751
 75 L  75 -0.731784 -1.742467 -2.071223 -2.506331 -0.888402 -1.783844 -2.103711 -2.992113 -2.260329  1.923902  1.863932 -1.618336  0.895034 -0.271859 -2.186464 -1.306951 -0.362463 -2.023215 -0.920890  1.348735
 76 N  76 -0.989906 -0.379304  3.185159  0.154258 -1.930617 -0.335249 -0.335249 -0.433798  0.080393 -1.619863 -1.784925 -0.335249 -1.231994 -2.081698 -1.518063  0.558056  0.330846 -2.934489 -1.528767 -1.482574
 77 I  77 -0.615067 -2.343082 -2.416947 -2.490811 -0.805649 -2.152501 -2.226365 -3.032014 -2.416947  2.884285  1.568445 -2.152501  0.879513 -0.190582 -2.226365 -1.611298 -0.615067 -2.343082 -0.805649  2.459799
 78 L  78 -0.112178 -1.669758 -2.059235 -2.259922 -0.937676 -1.135036 -1.578510 -2.276680 -1.860789  1.093391  0.913535 -1.451688  0.666982 -0.074176 -1.899326 -1.097601 -0.571876 -1.724309 -0.523682  1.122656
 79 E  79 -1.137764 -0.526292  0.389961  2.702145 -2.700924  0.526127  2.084117 -0.758568 -0.505653 -2.474793 -2.790889 -0.073947 -1.985240 -2.416947 -0.937359 -0.073864 -0.863495 -2.749061 -2.059105 -2.132969
 80 I  80 -0.307589 -2.197126 -2.141507 -1.926141 -0.877286 -1.745803 -1.703975 -2.537207 -2.257199  2.114039  0.944154 -1.803649  0.560019 -0.597279 -1.877514 -1.363441 -0.425963 -2.400928 -0.965396  2.125607
 81 V  81 -0.566027 -1.084299 -1.799828 -2.318098 -1.050663 -0.917978 -1.490504 -2.382441 -1.827411  0.757399  1.090994 -1.077384  0.678132 -0.663650 -1.824199 -1.230589 -0.232742 -1.258203 -0.763818  0.778362
 82 K  82 -0.764272  1.513618 -0.141911 -0.932744 -2.198209  0.575057  0.501192 -1.623152 -0.785015 -1.961690 -1.339329  3.221337 -0.669664 -2.150905 -0.932744 -0.168472 -0.764272 -2.292816 -1.481240 -1.365889
 83 T  83 -0.638639 -1.352586 -1.041328 -0.696622 -2.096660 -0.720217 -0.720217 -1.399514 -1.396379 -2.117120 -2.117120 -0.720217 -1.440696 -2.837337  4.250624 -0.500466 -0.295428 -2.901852 -2.160913 -1.396902
 84 A  84  0.774140 -1.029660 -1.198975 -1.289175 -0.580953 -0.702663 -0.888313 -1.188505 -1.292423  0.058867 -0.228400 -0.949097 -0.131168 -0.869865 -1.102983 -0.080788  0.273995 -1.661268 -0.771512  0.429191
 85 E  85 -0.777574 -0.141887 -0.044259  1.172777 -2.364144  1.153097  2.094269 -1.244737 -0.309045 -2.022311 -1.970845  0.550819 -1.199652 -2.096175 -0.083189 -0.073864 -0.674104 -2.102556 -1.428452 -1.451677
 86 T  86 -0.506668 -0.724252  0.408351  1.511788 -1.631868  0.123791  1.054205 -0.877518 -0.657614 -1.571082 -1.801935 -0.263299 -1.316513 -1.759764 -0.698571  0.508608  0.522255 -2.110535 -1.579060 -1.226163
 87 V  87 -0.020047 -1.116710 -0.774601 -1.195080 -0.594242 -0.816063 -0.867220 -1.189947 -1.143923  0.816120  0.275450 -0.816063  0.226156 -0.622082 -1.014948 -0.621512 -0.072002 -1.512009 -0.620219  1.094686
 88 E  88 -0.279436  0.076952  0.000000  0.443445 -1.079270  0.520397  1.243278 -0.558873 -0.038476 -0.838309 -0.799833  0.433341 -0.520397 -0.838309 -0.279436  0.000000 -0.279436 -0.838309 -0.558873 -0.558873
 89 W  89 -0.112374 -0.112374 -0.149831 -0.149831 -0.074916 -0.074916 -0.112374 -0.074916 -0.074916 -0.112374 -0.074916 -0.112374 -0.037458  0.037458 -0.149831 -0.112374 -0.074916  0.412036  0.074916 -0.112374
