  185         A         R         N         D         C         Q         E         G         H         I         L         K         M         F         P         S         T         W         Y         V    
  1 M   1 -0.106306 -0.106306 -0.212612 -0.318918 -0.106306  0.000000 -0.212612 -0.318918 -0.212612  0.106306  0.212612 -0.106306  0.531530  0.000000 -0.212612 -0.106306 -0.106306 -0.106306 -0.106306  0.106306
  2 A   2  0.527365 -0.163206 -0.225750 -0.237699 -0.083223 -0.110200 -0.074563 -0.036677 -0.297165 -0.228091 -0.228091 -0.122079 -0.186964 -0.362050 -0.175085  0.250950  0.049666 -0.518796 -0.350171 -0.082254
  3 E   3 -0.377219 -0.125099  0.083258  0.802413 -1.100085  0.358386  1.052573 -0.420042 -0.146278 -0.938299 -0.986744  0.238488 -0.678679 -0.924195 -0.322169  0.000000 -0.322169 -0.993349 -0.713492 -0.713492
  4 E   4 -0.277746 -0.076031 -0.122797  0.309816 -1.084539  0.493137  1.019927 -0.678040 -0.147939 -0.717674 -0.758426  0.266812 -0.445024 -0.888744 -0.380094 -0.086899 -0.286299 -0.971136 -0.580583 -0.407603
  5 I   5 -0.306318 -0.130200 -0.057807 -0.384934 -0.702566 -0.082749 -0.096958 -0.699285 -0.157870 -0.381243 -0.363550  0.012057 -0.198216 -0.439353 -0.580798 -0.135453  0.003157 -0.705215 -0.182224 -0.249894
  6 K   6 -0.268097  0.224627  0.002651  0.017699 -1.048356  0.454309  0.713178 -0.625654 -0.190546 -0.907883 -0.743548  0.765931 -0.369470 -0.944190 -0.387852  0.069389 -0.254243 -0.984327 -0.638193 -0.612815
  7 N   7 -0.218513 -0.013023  0.526140 -0.080598 -0.884242  0.122335  0.109286 -0.288299 -0.061768 -0.935576 -0.846403  0.215610 -0.523866 -0.941003 -0.377754  0.271255  0.014898 -1.083833 -0.618314 -0.732426
  8 V   8 -0.256616 -0.262720 -0.270731 -0.384755 -0.802017 -0.028723 -0.065741 -0.801812 -0.387709 -0.421984 -0.471600 -0.031503 -0.098586 -0.765322 -0.445436 -0.173360 -0.142314 -1.079937 -0.587449 -0.187180
  9 P   9 -0.072193 -0.304737 -0.279574 -0.300524 -0.944663 -0.009921  0.079880 -0.567219 -0.385035 -0.854891 -0.828388  0.005867 -0.552673 -0.949043 -0.065016  0.020278 -0.059472 -1.091505 -0.579505 -0.527667
 10 E  10 -0.430784 -0.140969 -0.077899  0.227672 -1.342647  0.432263  0.913589 -0.818113  0.170303 -1.135425 -1.099270  0.214586 -0.698518 -0.997383 -0.229654 -0.011132 -0.375001 -1.115726 -0.435491 -0.837368
 11 Q  11 -0.258156 -0.155728 -0.035616  0.201667 -1.223534  0.316063  0.690334 -0.621134  0.178798 -1.061566 -1.074255  0.118410 -0.684993 -1.069523 -0.468704  0.016151 -0.384369 -1.259712 -0.624638 -0.778648
 12 E  12 -0.212958 -0.344069 -0.236842 -0.001314 -1.126015  0.198478  0.686149 -0.782447 -0.400006 -0.774404 -0.864374 -0.030324 -0.557536 -1.066149 -0.464153 -0.025805  0.097233 -1.219955 -0.773554 -0.363891
 13 V  13 -0.150755 -0.100130 -0.156051 -0.028537 -1.151836  0.229011  0.591859 -0.683413 -0.463136 -0.959809 -0.932773  0.347583 -0.583364 -1.161053 -0.354997  0.140530  0.002703 -1.288006 -0.857539 -0.577772
 14 P  14 -0.207069 -0.218409 -0.156381 -0.041840 -1.217609  0.189201  0.471026 -0.654758 -0.391459 -1.159225 -1.066189  0.208199 -0.683413 -1.307923  0.281589  0.110843 -0.109946 -1.382964 -0.951985 -0.786536
 15 K  15 -0.196685 -0.135531 -0.214087 -0.272268 -1.092516  0.013448  0.203131 -0.739739 -0.485466 -0.997855 -0.914814  0.421853 -0.585020 -1.119809 -0.115871  0.069851 -0.074352 -1.333402 -0.863154 -0.654730
 16 V  16 -0.006151 -0.504498 -0.540691 -0.635563 -0.853428 -0.233066 -0.182468 -0.685209 -0.674907 -0.409997 -0.542709 -0.158710 -0.320055 -0.884929 -0.509196 -0.115191 -0.145939 -1.235859 -0.647133 -0.090474
 17 A  17 -0.048791 -0.175723 -0.168209 -0.290016 -1.109749  0.108392  0.210575 -0.377443 -0.355623 -1.006996 -0.959051  0.128815 -0.608937 -1.069809 -0.626679  0.053435 -0.208224 -1.207059 -0.677239 -0.634555
 18 T  18 -0.150388 -0.176960 -0.086476 -0.009413 -1.100629  0.152088  0.499573 -0.627376 -0.408617 -1.005839 -0.998554  0.007667 -0.670057 -1.184407 -0.537455  0.184664  0.300073 -1.276108 -0.900782 -0.629821
 19 E  19 -0.184255 -0.275111 -0.092242  0.342063 -1.297388  0.241541  0.867098 -0.609562 -0.456568 -1.111424 -1.109780  0.137763 -0.769996 -1.255819 -0.452147  0.151300 -0.044696 -1.392651 -0.991524 -0.736767
 20 E  20 -0.035355 -0.212472 -0.093279  0.263284 -1.293955  0.461196  1.030051 -0.696981 -0.397569 -1.179567 -1.149617  0.165625 -0.734062 -1.336745 -0.287547  0.328881  0.018046 -1.441809 -1.001242 -0.758511
 21 S  21 -0.193204 -0.316660 -0.190239 -0.148149 -1.144317  0.019022  0.178696 -0.463377 -0.548704 -1.092132 -1.100944  0.087735 -0.681233 -1.338149  0.048874  0.064991 -0.267607 -1.481814 -1.023992 -0.729354
 22 S  22  0.100588 -0.430249 -0.391928 -0.449490 -0.942776 -0.088180 -0.034024 -0.647836 -0.594801 -0.833858 -0.763466 -0.238675 -0.488712 -1.075782  0.013044  0.074216 -0.195462 -1.402353 -0.885109 -0.556403
 23 A  23  0.033742 -0.558687 -0.643323 -0.639831 -0.897327 -0.320411 -0.154920 -0.747840 -0.904523 -0.268853 -0.475208 -0.145606 -0.283424 -0.997559 -0.545690 -0.216593 -0.034679 -1.385288 -0.863732  0.133004
 24 E  24 -0.410221 -0.103682 -0.182403  0.581041 -1.768576  0.664318  1.736052 -0.995942 -0.171245 -1.317265 -1.345210  0.325710 -0.883818 -1.470080 -0.209993 -0.095750 -0.457817 -1.557534 -1.004758 -0.854331
 25 V  25  0.036721 -0.487038 -0.439981 -0.446916 -0.942028 -0.167090  0.139013 -0.974778 -0.618776 -0.403683 -0.594624 -0.225238 -0.402110 -1.025080 -0.604812  0.033112  0.278333 -1.429559 -0.830191 -0.045079
 26 T  26 -0.162421  0.053915  0.005576 -0.211738 -1.100941  0.281563  0.397814 -0.816079 -0.573412 -1.130215 -0.966220  0.606974 -0.575514 -1.325031 -0.456012  0.367896  0.430073 -1.385475 -1.005753 -0.699308
 27 D  27 -0.779248 -0.372325  0.341231  1.692095 -1.508286  0.211021  0.908733 -0.616236 -0.422824 -1.444154 -1.617829  0.194452 -1.109698 -1.458462 -0.492429 -0.005536 -0.436844 -1.753588 -1.278588 -1.272419
 28 R  28 -0.429628  1.405442 -0.030513 -0.500453 -1.263669  0.510193  0.364258 -0.906595 -0.163083 -1.333894 -0.973834  0.990024 -0.512458 -1.356538 -0.697173 -0.230043 -0.406316 -1.351749 -0.909976 -1.156122
 29 G  29 -0.039816 -0.697973 -0.006482 -0.398446 -1.143806 -0.633554 -0.618134  1.629651 -0.753917 -1.382959 -1.346593 -0.612693 -0.970855 -1.161493 -0.673439  0.062298 -0.616385 -0.951685 -1.133636 -1.042336
 30 L  30 -0.240542 -0.742196 -0.952958 -1.156720 -0.542493 -0.571867 -0.782069 -1.214511 -0.885570  0.343123  0.652226 -0.644687  0.485675 -0.020819 -1.012879 -0.520392 -0.301517 -0.743125 -0.243697  0.250125
 31 F  31 -0.594708 -0.934436 -1.003115 -1.030901 -0.814768 -0.877272 -0.846418 -1.134580 -0.533378 -0.004400  0.032234 -0.831723 -0.000771  1.190037 -1.222155 -0.649901 -0.617400 -0.210811  0.467479 -0.228720
 32 D  32 -0.484148 -0.642988  0.195754  1.389600 -1.228177 -0.001944  0.633243 -0.031043 -0.439003 -1.216468 -1.451566 -0.333774 -1.061937 -1.203505 -0.458101  0.033710 -0.418032 -1.405532 -1.117346 -1.055140
 33 F  33 -0.515946 -0.679296 -0.748933 -0.854829 -0.885725 -0.420974 -0.555506 -0.998769 -0.438712 -0.252437 -0.147828 -0.528888 -0.055798  0.577451 -1.056749 -0.473141 -0.530247 -0.428251  0.218338 -0.323618
 34 L  34 -0.111705 -0.627555 -0.818058 -0.937153 -0.629098 -0.439210 -0.512918 -1.088146 -0.872007  0.157433  0.341937 -0.465426  0.301055 -0.285905 -0.928260 -0.312217 -0.295158 -0.970397 -0.499346  0.129709
 35 G  35 -0.203706 -0.247993 -0.091773 -0.367491 -1.455637 -0.311142 -0.206001  0.851349 -0.768955 -1.626145 -1.478305  0.276083 -1.020510 -1.482844 -0.542010  0.001314 -0.645757 -1.316303 -1.271164 -1.172122
 36 K  36 -0.449623  0.514089  0.075816 -0.155789 -1.734569  0.530164  0.830417 -0.704565 -0.422661 -1.651479 -1.335300  1.506423 -0.778960 -1.655945 -0.578792  0.036185 -0.493525 -1.646093 -1.142588 -1.128225
 37 K  37 -0.565769  0.990295  0.033647 -0.392891 -1.727668  0.599203  0.700135 -1.124816 -0.393413 -1.637539 -1.185698  2.133974 -0.600075 -1.658020 -0.629988 -0.011881 -0.519726 -1.704848 -1.103155 -1.159614
 38 K  38 -0.525053  0.062740 -0.089283  0.162820 -1.812863  0.464241  1.158258 -1.123337 -0.498741 -1.378064 -1.277305  0.860269 -0.780022 -1.624986 -0.487615 -0.021698 -0.353519 -1.802860 -1.197611 -0.913543
 39 D  39 -0.532638 -0.308149 -0.109850  0.750948 -1.958605  0.512685  1.539149 -1.033991 -0.376276 -1.623183 -1.655841  0.308295 -1.110110 -1.719067 -0.120489 -0.011157 -0.366607 -1.884380 -1.274687 -1.123471
 40 E  40 -0.386225 -0.361801 -0.150173  0.653952 -1.887877  0.516648  1.581216 -0.858630 -0.348122 -1.402859 -1.508730  0.174329 -1.012548 -1.583020 -0.749450 -0.019609 -0.469072 -1.789170 -1.136600 -0.906145
 41 T  41 -0.406109  0.019605 -0.137793 -0.150169 -1.649787  0.364630  0.756459 -1.089834 -0.157746 -1.310116 -1.224118  0.668257 -0.757444 -1.348968 -0.829036 -0.051034 -0.330891 -1.615197 -0.776309 -0.861397
 42 K  42 -0.537815  0.076093 -0.191555 -0.343706 -1.626931  0.157618  0.248586 -0.925899 -0.449694 -1.634879 -1.412499  0.976512 -0.850979 -1.743773  0.101280 -0.012322 -0.494569 -1.869453 -1.196955 -1.189484
 43 P  43 -0.373302 -0.244786 -0.278113 -0.176644 -1.388153  0.182296  0.110910 -0.811071 -0.605926 -1.575445 -1.442011  0.185958 -0.804976 -1.752328  0.296681  0.029501 -0.368518 -1.856663 -1.270097 -1.157273
 44 E  44 -0.403290 -0.085634 -0.016742  0.435178 -1.816028  0.960677  1.357864 -0.903394 -0.309738 -1.582995 -1.484312  0.297690 -0.851024 -1.664306 -0.703431  0.131361 -0.145109 -1.641041 -1.074386 -1.044351
 45 E  45 -0.588602 -0.051768  0.027804  0.856295 -2.078932  0.833586  1.918360 -0.969551 -0.175643 -1.760877 -1.723053  0.514894 -1.114148 -1.757391 -0.656244  0.037848 -0.454372 -1.805863 -1.210945 -1.247762
 46 T  46 -0.394610 -0.334843 -0.060765  0.367545 -1.661761  0.401687  1.118217 -0.934305 -0.347070 -1.340227 -1.395710  0.043615 -0.936305 -1.519122 -0.757803  0.071041  0.112061 -1.652785 -1.061055 -0.835209
 47 P  47 -0.110026 -0.592264 -0.484356 -0.324326 -1.239877 -0.108926  0.067892 -0.838529 -0.721754 -0.772469 -0.943486 -0.142155 -0.575179 -1.339208 -0.485586 -0.162882 -0.060030 -1.675459 -1.018595 -0.286771
 48 I  48 -0.433762 -0.870697 -0.871362 -0.936946 -1.144378 -0.616475 -0.543980 -1.443749 -1.056637  0.055411 -0.209477 -0.571184 -0.135209 -0.938770 -0.513843 -0.504384 -0.306907 -1.685647 -0.907747  0.143973
 49 A  49  0.195784 -0.544644 -0.638205 -0.606878 -1.126603 -0.234101 -0.082721 -0.710925 -0.731252 -0.817887 -0.884645 -0.175857 -0.567346 -1.310793 -0.323381 -0.017395 -0.265064 -1.707790 -1.035854 -0.403679
 50 S  50 -0.040509 -0.255002 -0.021121 -0.250748 -1.252875  0.000487  0.098755 -0.429062 -0.521913 -1.313798 -1.262589  0.031495 -0.801435 -1.474189 -0.387932  0.505128  0.179012 -1.663271 -1.165625 -0.951225
 51 E  51 -0.502498 -0.346190  0.023217  0.606214 -1.998183  0.420021  1.300505 -0.521152 -0.366056 -1.790088 -1.781053  0.173538 -1.206958 -1.792806 -0.350454  0.046942 -0.440857 -1.832824 -1.317335 -1.279845
 52 F  52 -0.319946 -0.767235 -0.757803 -0.751595 -1.397745 -0.445865 -0.216866 -0.761597 -0.490957 -0.857103 -0.874413 -0.469257 -0.597166 -0.276401 -1.119500 -0.359454 -0.642847 -1.121547 -0.316290 -0.640269
 53 E  53 -0.443940 -0.478748 -0.145326  0.264287 -1.527648  0.126015  0.663515 -0.768107 -0.535195 -1.215599 -1.213477 -0.032101 -0.668290 -1.397070 -0.717780  0.017410 -0.257998 -1.656480 -1.128235 -0.854777
 54 Q  54 -0.308160 -0.196123 -0.007296  0.326321 -1.731008  0.528771  1.151327 -0.796472  0.114242 -1.524736 -1.508821  0.143954 -0.967366 -1.533369 -0.706008  0.055979 -0.328043 -1.688750 -0.943312 -1.050743
 55 K  55 -0.471585  0.416580 -0.043064 -0.537987 -1.706970  0.207665  0.252609 -0.754052 -0.611891 -1.708411 -1.361746  1.511949 -0.791510 -1.640606 -0.731843 -0.041748 -0.597246 -1.821305 -1.201851 -1.204347
 56 V  56 -0.109913 -0.991874 -0.878877 -0.737105 -1.183029 -0.424904 -0.233550 -1.301220 -0.956084 -0.198202 -0.545067 -0.635924 -0.329473 -1.167950 -0.713819 -0.339959 -0.021933 -1.829800 -0.953379  0.212490
 57 H  57 -0.643263  0.046622 -0.038920 -0.212633 -1.893627  0.504316  0.591912 -1.017978  0.490936 -1.714817 -1.549692  0.454754 -0.906614 -1.602086 -0.498596 -0.155102 -0.576041 -1.763306 -0.772157 -1.274611
 58 I  58 -0.164036 -0.989009 -0.952843 -0.880713 -1.172246 -0.584260 -0.309896 -1.434843 -1.046642  0.049299 -0.323258 -0.571441 -0.243515 -1.096826 -1.033912 -0.456491 -0.053218 -1.866293 -0.969838  0.395720
 59 S  59 -0.079388 -0.278947 -0.072028 -0.230402 -1.233864  0.231842  0.271730 -0.853725 -0.708984 -1.324932 -1.244903  0.252912 -0.709011 -1.599721 -0.532333  0.588784  0.162062 -1.861048 -1.231335 -0.925714
 60 E  60 -0.416465 -0.327264 -0.168771  0.454945 -2.049136  0.476984  1.544076 -0.963657 -0.508721 -1.651968 -1.574640  0.283718 -1.083731 -1.791354 -0.596608  0.129135 -0.269811 -1.959503 -1.378008 -1.125316
 61 P  61 -0.427371 -0.538055 -0.476884  0.021530 -1.968990  0.212216  0.639414 -1.131361 -0.547952 -1.829086 -1.797693  0.024872 -1.155860 -2.096585  1.055574 -0.104710 -0.442516 -2.233172 -1.445992 -1.246822
 62 E  62 -0.375421 -0.351301 -0.429635 -0.062888 -1.870186  0.247167  0.786085 -1.097282 -0.639873 -1.388618 -1.313723  0.139313 -0.860651 -1.550064 -0.704179 -0.177351 -0.492160 -1.910632 -1.144233 -0.934940
 63 P  63 -0.620669 -0.279766 -0.299654 -0.165320 -2.184489  0.239907  0.752791 -0.896072 -0.436036 -1.796085 -1.662282  0.312903 -1.079864 -1.946149 -0.237272 -0.230815 -0.635259 -2.104912 -1.355755 -1.249135
 64 E  64 -0.611506 -0.102806 -0.114241  0.025402 -2.309163  0.444723  1.121253 -0.846243  0.141815 -2.076577 -1.944753  0.509835 -1.260514 -1.994327 -0.356779 -0.147760 -0.749839 -2.087812 -1.192913 -1.481429
 65 V  65 -0.348254  0.064481 -0.163527  0.050564 -2.164382  0.577507  1.182692 -0.804614 -0.598239 -1.934340 -1.776410  0.824231 -1.106760 -2.046751 -0.647994  0.007169 -0.578517 -2.129396 -1.453207 -1.277129
 66 K  66 -0.714048  0.037061  0.051261  0.575089 -2.304291  0.762465  1.596402 -1.246240  0.030933 -2.040320 -1.926403  0.830516 -1.204683 -2.001494 -0.774301 -0.037090 -0.681521 -2.204090 -1.266871 -1.487350
 67 H  67 -0.705184  0.462531  0.221000 -0.322490 -2.223553  0.511447  0.764703 -1.117698  0.974853 -2.182231 -1.886471  1.068356 -1.137558 -1.864487 -0.961563 -0.065808 -0.708751 -2.075861 -0.839495 -1.679424
 68 E  68 -0.627215 -0.111306 -0.097659 -0.139044 -2.161488  0.298203  0.543575 -0.906983 -0.151970 -2.011199 -1.858747  0.298191 -1.152808 -2.029333 -0.295720 -0.080470 -0.475603 -2.175021 -1.322762 -1.495588
 69 S  69 -0.084415 -0.776296 -0.104023 -0.432533 -1.750378 -0.345846 -0.265051  0.576498 -1.033809 -1.842211 -1.830086 -0.335856 -1.220023 -1.866128 -0.982201  0.482271 -0.143610 -1.924353 -1.598622 -1.291932
 70 L  70 -0.571706 -1.101192 -1.141874 -1.412353 -1.410356 -0.767946 -0.785464 -1.873976 -1.226485 -0.216995  0.049515 -0.705339 -0.006732 -0.646589 -1.358644 -0.654554 -0.371487 -1.707655 -0.725361 -0.131453
 71 L  71 -0.348167 -0.826392 -0.885991 -0.985692 -1.663006 -0.528384 -0.319699 -1.009571 -1.161088 -0.871446 -0.628562 -0.351218 -0.430961 -1.183984 -1.184567 -0.385170 -0.596974 -1.876959 -1.187732 -0.598287
 72 E  72 -0.741043 -0.394653  0.076416  1.348750 -2.672793  0.799854  2.229569 -0.675050 -0.325178 -2.268401 -2.357984  0.260178 -1.589228 -2.240961 -0.899401 -0.000942 -0.833320 -2.329550 -1.669012 -1.665972
 73 K  73 -0.688103  0.771207 -0.044128 -0.456671 -2.228100  0.807713  0.861483 -1.366728 -0.532462 -2.025987 -1.544929  2.221206 -0.756283 -2.092718 -0.876857  0.003134 -0.599629 -2.172269 -1.359928 -1.355838
 74 L  74 -0.483216 -1.058770 -1.361138 -1.640988 -1.274170 -0.842943 -0.830153 -2.174104 -1.301461  0.286097  0.456059 -0.731097  0.138396 -0.758418 -1.504636 -0.827759 -0.507385 -1.888527 -0.791569  0.265760
 75 H  75 -0.866108  0.250020  0.139230 -0.502530 -2.310839  0.327653  0.536272 -1.039428  1.822849 -2.232185 -2.022584  0.632621 -1.262875 -1.706675 -0.928420 -0.317910 -1.051790 -1.983633 -0.438931 -1.785473
 76 R  76 -0.799862  1.021896 -0.034298  0.025989 -2.530952  0.917804  1.374821 -1.366776 -0.001516 -2.207407 -1.910993  0.815294 -1.136100 -2.213215 -0.878427 -0.287387 -0.728403 -2.296176 -1.426599 -1.773983
 77 S  77 -0.158791 -0.057059  0.052211 -0.247895 -1.742077  0.319792  0.424598 -0.861922 -0.765887 -1.739831 -1.534241  0.639255 -0.816070 -1.876560 -0.813875  0.784616 -0.055024 -2.245304 -1.514882 -1.331436
 78 D  78 -0.606076 -0.848547 -0.138584  0.167770 -1.957134 -0.383614  0.036942 -0.512112 -0.859343 -1.499964 -1.527293 -0.329442 -1.125856 -1.805621 -1.273528 -0.080815 -0.505016 -2.304061 -1.600202 -1.200259
 79 S  79 -0.350333 -0.444564 -0.006931  0.029429 -2.022390  0.219406  0.652394 -0.928571 -0.520595 -2.048652 -1.948756  0.307165 -1.197445 -2.206596  0.242910  0.582300 -0.258045 -2.492565 -1.636773 -1.545459
 80 S  80  0.175516 -0.598841 -0.121193 -0.566893 -1.612457 -0.268431 -0.056693 -0.070045 -0.977942 -1.597739 -1.527453  0.111395 -0.970383 -1.824259 -1.039832  0.737622 -0.265286 -2.232499 -1.594723 -1.141486
 81 S  81 -0.062769 -0.709497 -0.170322 -0.610248 -1.570255 -0.230324 -0.118110 -0.390939 -0.821917 -1.504218 -1.447270 -0.075346 -0.865142 -1.488411 -0.987891  0.749790 -0.107064 -1.960202 -1.160775 -1.118699
 82 S  82 -0.251169 -0.517095  0.006292  0.020481 -1.889849  0.321748  0.710152 -0.909936 -0.593970 -1.773201 -1.667378  0.160516 -0.944198 -1.955606 -0.490190  0.790147 -0.122172 -2.343667 -1.522824 -1.351378
 83 S  83 -0.098399 -0.158695  0.101337 -0.190978 -1.792181  0.361555  0.578948 -0.834884 -0.668154 -1.831624 -1.656630  0.624785 -0.970605 -2.013735 -0.752005  0.873981  0.092452 -2.313073 -1.545379 -1.332918
 84 S  84 -0.212047 -0.454287  0.127508  0.053504 -1.679421  0.026373  0.386708 -0.951871 -0.670861 -1.636206 -1.626766  0.170975 -1.035508 -1.879756 -0.741959  0.865790  0.369215 -2.328865 -1.528754 -1.248086
 85 S  85 -0.381244 -0.041016  0.184892 -0.199354 -1.904050  0.225238  0.510843 -0.829286 -0.243889 -1.988215 -1.796557  0.884191 -1.071181 -2.004419 -0.849130  0.595260 -0.345481 -2.341240 -1.412905 -1.524856
 86 E  86 -0.638735 -0.433221 -0.086238  0.679346 -2.365645  0.473936  1.459853 -1.163548 -0.360187 -1.908258 -1.937791  0.226427 -1.250529 -1.997912 -0.958182  0.091112 -0.586795 -2.359900 -1.417041 -1.426358
 87 E  87 -0.615690 -0.040715  0.083715  0.723995 -2.414755  0.488315  1.410943 -1.007876 -0.570156 -2.152886 -2.122244  0.677215 -1.388029 -2.278210 -0.973525  0.132910 -0.419369 -2.518562 -1.748318 -1.581390
 88 E  88 -0.785022 -0.604990 -0.145781  0.784512 -2.443171  0.378808  1.475631 -1.297543 -0.312833 -1.950799 -2.032217  0.040904 -1.378745 -2.141876 -0.664216 -0.059175 -0.447166 -2.475374 -1.547997 -1.415374
 89 G  89 -0.198930 -0.490075 -0.166052 -0.098480 -2.195064  0.027556  0.605403 -0.293784 -0.648503 -2.104408 -2.048717  0.180278 -1.387802 -2.211020 -0.819786  0.185637 -0.469318 -2.387574 -1.687313 -1.438013
 90 S  90 -0.333577 -0.754988 -0.337479 -0.221408 -2.025496 -0.138485  0.179588 -0.494359 -0.953393 -1.752376 -1.720981 -0.128164 -1.123496 -1.912975 -0.842403  0.178467 -0.414098 -2.292584 -1.592585 -1.254098
 91 D  91 -0.437975 -1.023972 -0.171470  0.129338 -2.290428 -0.427814  0.022865  0.041404 -0.864256 -2.297258 -2.348395 -0.495223 -1.626318 -2.337711 -0.210967  0.004191 -0.687227 -2.572305 -1.902694 -1.714232
 92 G  92 -0.399726 -0.675510 -0.126496 -0.109737 -2.345755 -0.215884  0.281834  0.423645 -0.760734 -2.254749 -2.271928 -0.260498 -1.546438 -2.099035 -1.118800  0.076716 -0.724574 -2.225037 -1.717525 -1.650488
 93 E  93 -0.522242 -0.352467 -0.266281  0.025650 -2.360641  0.303067  0.918196 -1.075826 -0.261496 -1.937975 -1.967935  0.028089 -1.256380 -2.129788 -0.794676 -0.093773 -0.535904 -2.439945 -1.410676 -1.352344
 94 K  94 -0.562755 -0.017627 -0.248241 -0.263407 -2.373849  0.463273  0.954255 -1.252896 -0.200067 -2.000433 -1.854049  0.625710 -1.124381 -2.086268 -0.962424 -0.050501 -0.703742 -2.389256 -1.262978 -1.413169
 95 R  95 -0.564059  0.264108 -0.195323 -0.400902 -2.267292  0.336389  0.596197 -1.165443 -0.548370 -2.017269 -1.804538  1.052094 -1.073130 -2.183266 -1.077974  0.023454 -0.468051 -2.437722 -1.503644 -1.422159
 96 K  96 -0.732762  0.248744 -0.074551  0.014039 -2.516889  0.702680  1.193136 -1.445366 -0.246070 -2.175307 -1.970262  1.139536 -1.158485 -2.272996 -0.762584  0.027455 -0.657699 -2.517148 -1.451075 -1.579983
 97 K  97 -0.561491 -0.027618 -0.172498 -0.362736 -2.163496  0.220529  0.458628 -1.191944 -0.348035 -1.969556 -1.734288  0.611447 -1.098770 -2.112143 -0.960873 -0.003713 -0.438718 -2.425749 -1.429860 -1.447883
 98 K  98 -0.541066 -0.419841 -0.253847 -0.377723 -2.189766  0.007560  0.373092 -0.835438 -0.636599 -2.049388 -1.911658  0.212434 -1.220934 -2.011111 -0.765394 -0.015225 -0.504468 -2.303552 -1.405229 -1.471475
 99 K  99 -0.430541 -0.512046 -0.186907 -0.094187 -2.177592  0.169057  0.598100 -0.782759 -0.814487 -1.955139 -1.842162  0.142304 -1.148125 -2.208473 -0.921358  0.156548 -0.290175 -2.449113 -1.709717 -1.344403
100 E 100 -0.397001 -0.457810  0.004358  0.327491 -2.324432  0.191759  0.938285 -0.755675 -0.636634 -2.205985 -2.176657  0.317715 -1.446367 -2.268814 -0.790721  0.370979 -0.318658 -2.567857 -1.721644 -1.604694
101 K 101 -0.243045 -0.377485 -0.108077 -0.081499 -2.078337  0.108809  0.566840 -0.848985 -0.724831 -1.954862 -1.912640  0.312010 -1.243946 -2.170810 -0.942559  0.337106 -0.090968 -2.484231 -1.625020 -1.329575
102 K 102 -0.217531 -0.590849 -0.233324 -0.332597 -1.892589  0.068162  0.404149 -1.115799 -0.890967 -1.565339 -1.627303  0.060665 -0.987005 -2.047464 -0.862224  0.323822  0.030082 -2.438226 -1.549838 -0.969566
103 K 103 -0.425853 -0.486812 -0.330657 -0.643591 -2.025577 -0.114506  0.151419 -1.157919 -0.451480 -1.553053 -1.609204  0.336954 -1.003067 -1.803671 -1.136864  0.012759 -0.492047 -2.402029 -1.204671 -1.021954
104 P 104 -0.303372 -0.855174 -0.397104 -0.280600 -1.921897 -0.129424  0.260628 -0.960994 -0.775686 -1.674049 -1.778616 -0.271756 -1.114365 -2.002163 -0.597998  0.309439 -0.293435 -2.488121 -1.487466 -1.166477
105 T 105 -0.425575 -0.461679 -0.173376 -0.275847 -2.136777  0.012082  0.455411 -1.150946 -0.657090 -1.848714 -1.837208  0.342626 -1.191516 -2.221431 -0.701703  0.178894 -0.128914 -2.610661 -1.618110 -1.216986
106 T 106 -0.575563 -0.520349 -0.103333  0.192842 -2.388079  0.271904  1.012213 -0.980554 -0.550939 -1.946402 -1.996160  0.143512 -1.289012 -2.208634 -1.159949 -0.007928 -0.215292 -2.473401 -1.603451 -1.254308
107 E 107 -0.530101 -0.448645  0.032182  0.170158 -2.317660  0.145732  0.725501 -0.627050 -0.651544 -2.203037 -2.142650  0.082850 -1.457154 -2.256913 -1.012266  0.082994 -0.430085 -2.476516 -1.643235 -1.607180
108 V 108 -0.353581 -0.783518 -0.407348 -0.268864 -1.841550 -0.270356  0.180575 -1.005844 -0.860615 -1.612272 -1.709676 -0.310001 -1.199273 -2.019800 -1.027515 -0.036284 -0.094335 -2.425172 -1.575997 -1.053716
109 E 109 -0.486452 -0.810120 -0.397477 -0.419413 -2.300853 -0.348549 -0.120085 -0.402287 -0.754956 -2.137666 -2.152456 -0.343173 -1.447768 -2.266476 -0.269061 -0.136918 -0.514519 -2.474534 -1.626622 -1.503203
110 V 110 -0.459104 -0.657674 -0.504086 -0.709769 -2.057632 -0.033172  0.164870 -1.128780 -0.517884 -1.670915 -1.547053 -0.242359 -0.973463 -1.877804 -1.064128 -0.148810 -0.366783 -2.304681 -1.307555 -1.128859
111 K 111 -0.756802 -0.405533  0.035543  0.372072 -2.841405  0.486494  1.282621 -0.464783 -0.275044 -2.647404 -2.567972  0.228849 -1.664291 -2.487168 -0.773929 -0.069831 -0.878788 -2.528034 -1.680455 -1.926197
112 E 112 -0.428699 -0.454487 -0.406060 -0.190862 -2.523756  0.213140  0.742270 -0.921294 -0.535132 -2.416377 -2.306528  0.055434 -1.515358 -2.596600  0.306081 -0.013770 -0.450178 -2.694085 -1.825596 -1.667046
113 E 113 -0.720931  0.127759  0.012918  0.338291 -2.945031  0.697455  1.810633 -0.839178  0.127970 -2.703450 -2.552862  0.572349 -1.694359 -2.492446 -0.987586 -0.137562 -0.940019 -2.543859 -1.562583 -1.990154
114 E 114 -0.861747  0.523594  0.075327  0.935403 -3.192838  1.423631  2.920608 -1.572516 -0.143895 -2.688012 -2.466892  1.363604 -1.544234 -2.665385 -1.008105 -0.042113 -0.863659 -2.691008 -1.766739 -1.910208
115 K 115 -0.870777  1.469194  0.147746 -0.650607 -2.695243  0.914263  1.032042 -1.708485 -0.730461 -2.612790 -1.874425  3.610020 -0.986678 -2.645079 -0.932483  0.014949 -0.741692 -2.690244 -1.756955 -1.772975
116 K 116 -0.577344  0.978623 -0.117168 -0.605508 -2.434288  0.581430  0.755918 -1.427668 -0.903808 -2.343472 -1.812727  2.523711 -1.027577 -2.500902 -0.775873  0.033495 -0.528803 -2.611430 -1.795573 -1.577887
117 G 117 -0.074888 -1.394579 -0.061554 -0.669504 -2.409670 -1.190710 -1.138922  3.437324 -1.497515 -3.040589 -2.982951 -1.296747 -2.157914 -2.509123 -1.264354  0.120796 -1.326250 -1.985262 -2.380708 -2.295447
118 F 118 -0.773717 -1.861154 -2.001201 -2.338394 -1.303806 -1.504323 -1.770958 -2.470381 -1.644557  0.771928  0.810357 -1.612953  0.688184  0.653873 -2.237344 -1.201175 -0.775611 -1.352949 -0.036539  0.574537
119 M 119 -0.680883 -1.071697 -1.484013 -1.856861 -1.431891 -0.719732 -1.103674 -2.409861 -1.694397  0.202909  0.618746 -0.515439  0.855926 -0.778771 -1.687613 -0.850597 -0.412793 -1.936592 -1.055143  0.299312
120 E 120 -1.060340 -0.752194  0.352082  2.683235 -2.968677  0.771219  2.585111 -0.909909 -0.539013 -2.640101 -2.926471  0.074323 -2.039002 -2.614231 -0.960338  0.049202 -0.865381 -2.916060 -2.146558 -2.109671
121 K 121 -0.889923  1.336376  0.217586 -0.567088 -2.583868  0.958483  0.938224 -1.593359 -0.651730 -2.516122 -1.807099  3.368172 -0.891741 -2.537785 -0.861564  0.046680 -0.801353 -2.579320 -1.664623 -1.749085
122 L 122 -0.546725 -1.929482 -2.012431 -2.022462 -1.180740 -1.720148 -1.605182 -2.797328 -2.149379  1.854894  0.803337 -1.649462  0.405970 -0.663047 -1.832865 -1.201059 -0.618181 -2.545451 -1.097527  1.567635
123 K 123 -0.847907  1.267963 -0.106881 -0.683458 -2.657243  0.834303  1.000483 -1.699784 -0.817625 -2.518966 -1.785384  3.422176 -0.881033 -2.581418 -0.741280 -0.054140 -0.816568 -2.613428 -1.755931 -1.681284
124 E 124 -1.026884 -0.329308  0.166925  2.264930 -3.303048  1.377281  3.600412 -1.501165 -0.211314 -2.656566 -2.778970  0.519355 -1.885784 -2.653223 -0.933759  0.004873 -0.897448 -2.820640 -1.936005 -1.960270
125 K 125 -0.848195  1.319114 -0.023280 -0.759648 -2.555145  0.784676  0.829831 -1.693610 -0.801122 -2.370348 -1.657391  3.341277 -0.786121 -2.484366 -0.908583 -0.077577 -0.810789 -2.578813 -1.692547 -1.601708
126 L 126 -0.682784 -1.645153 -2.132008 -2.600202 -1.036365 -1.470380 -1.928511 -2.864428 -2.209699  1.304145  1.981005 -1.465766  1.092731 -0.241955 -2.149126 -1.321756 -0.604676 -1.846647 -0.884718  0.863050
127 P 127 -0.650275 -1.526006 -1.393169 -0.770383 -2.375588 -0.781392 -0.744011 -1.316878 -1.581124 -2.428124 -2.405064 -0.757506 -1.618394 -3.132013  4.640007 -0.529026 -0.662676 -3.176251 -2.409268 -1.647062
128 G 128  0.246970 -1.418115 -0.113081 -0.711453 -2.173741 -1.303151 -1.173435  3.622688 -1.409921 -2.939026 -2.942622 -1.347802 -2.198777 -2.375893 -1.515449  0.208364 -1.231770 -1.879625 -2.281580 -2.160576
129 H 129 -0.594296 -0.739913  0.049819 -0.616433 -2.300180 -0.266641 -0.327590  0.558797  0.775060 -2.358715 -2.352970 -0.841796 -1.573771 -1.739590 -1.515125 -0.198072 -0.885411 -1.838123 -0.819835 -1.821230
130 K 130 -0.948088  0.313562  0.344372 -0.337006 -2.598870  0.743927  0.761710 -0.988683  1.252855 -2.548356 -2.231573  0.976288 -1.301120 -2.054401 -1.229344 -0.105195 -1.021388 -2.213340 -0.766888 -1.991797
131 K 131 -0.758104  0.441848  0.232766 -0.148850 -2.395648  0.479108  0.651310 -1.051390 -0.207164 -2.332542 -2.000792  1.599459 -1.176173 -2.283290 -1.025294  0.042887 -0.625201 -2.467778 -1.493404 -1.716639
132 P 132 -0.550397 -0.252689 -0.020181  0.253155 -2.213088  0.284300  0.742198 -1.005234 -0.855610 -2.136881 -2.002215  0.655391 -1.313196 -2.353384 -0.467999  0.181396  0.021114 -2.483661 -1.816327 -1.462819
133 E 133 -0.651114 -0.339399  0.058007  0.407552 -2.476599  0.395617  1.338398 -1.111678 -0.107842 -2.124270 -2.057917  0.180203 -1.414436 -2.208308 -0.783386 -0.003648 -0.365775 -2.460451 -1.517493 -1.532504
134 D 134 -0.695282 -0.576761 -0.153283  0.626761 -2.256746  0.616130  1.292576 -1.168343 -0.350738 -1.946942 -2.025180 -0.041541 -1.274702 -2.095219 -0.782567 -0.063148 -0.459203 -2.307811 -1.382548 -1.360423
135 G 135 -0.345481 -0.323972 -0.223889 -0.040838 -2.055896  0.507008  0.808660 -0.957334 -0.429962 -1.735994 -1.709148 -0.003483 -1.029626 -1.883774 -0.970635  0.037085 -0.224854 -2.110767 -1.276542 -1.142835
136 S 136 -0.124985 -0.549716 -0.416088 -0.608733 -1.755910  0.038211  0.046229 -1.047495 -0.669102 -1.488430 -1.504280 -0.102342 -0.915487 -1.880209 -0.583294  0.180451  0.070354 -2.244119 -1.312504 -0.888880
137 A 137 -0.037993 -0.844148 -0.713024 -0.758222 -1.764041 -0.235771 -0.199223 -0.904461 -0.643773 -1.533807 -1.525569 -0.534962 -0.978129 -1.752265 -0.272791 -0.084803 -0.294867 -2.186637 -1.199792 -0.956352
138 V 138 -0.074971 -0.892647 -0.683722 -0.640274 -1.791786 -0.172518 -0.106467 -0.917495 -1.025691 -1.481181 -1.584080 -0.468124 -0.956004 -2.027167  0.035332  0.067650 -0.081811 -2.361171 -1.509418 -0.840913
139 A 139 -0.024956 -0.702247 -0.402704 -0.509481 -1.738565 -0.131044 -0.010191 -0.907365 -0.491444 -1.799651 -1.778472 -0.246024 -1.158215 -2.120380  0.095243  0.181075 -0.127466 -2.445372 -1.497512 -1.182936
140 A 140 -0.091916 -0.851744 -0.507219 -0.668935 -1.749548 -0.310934 -0.163790 -0.799515 -0.779029 -1.803026 -1.818580 -0.420311 -1.226746 -2.114314  0.265529  0.135802 -0.073195 -2.383061 -1.500833 -1.163664
141 A 141 -0.123228 -0.922591 -0.573957 -0.701252 -1.743968 -0.478871 -0.260312 -0.838295 -0.885728 -1.574847 -1.644179 -0.442582 -1.115734 -1.937459  0.018802  0.030049  0.021418 -2.323638 -1.481651 -0.944941
142 P 142  0.071524 -0.818677 -0.423554 -0.107631 -1.763591 -0.185060  0.100745 -0.619534 -0.951731 -1.889103 -1.937050 -0.393316 -1.333777 -2.241876  0.070878  0.248778 -0.105979 -2.527131 -1.791417 -1.267046
143 V 143  0.198248 -0.910749 -0.637432 -0.770578 -1.572522 -0.370303 -0.314369 -0.719558 -0.944298 -1.454731 -1.510253 -0.521938 -1.027153 -1.912582 -0.250051  0.115210  0.051302 -2.271740 -1.424779 -0.804939
144 V 144 -0.017516 -0.789551 -0.436026 -0.472152 -1.786432 -0.249704  0.067387 -0.719892 -0.876005 -1.680204 -1.719873 -0.367368 -1.196170 -2.011180 -0.200351  0.117807  0.098077 -2.267243 -1.507407 -1.006633
145 V 145 -0.213980 -0.845284 -0.489173 -0.507742 -1.892723 -0.236139  0.173041 -0.738108 -0.102304 -1.611334 -1.727779 -0.520593 -1.184839 -1.547174 -0.888572 -0.098216 -0.439131 -1.902433 -0.840938 -1.051717
146 P 146 -0.154122 -0.781050 -0.225835 -0.487306 -1.720653 -0.255047 -0.065851 -0.597538 -0.685577 -1.673132 -1.696075 -0.408191 -1.152107 -1.824973 -0.550455  0.252897 -0.070228 -2.131658 -1.251072 -1.139075
147 P 147  0.006284 -0.877790 -0.519526 -0.757255 -1.473445 -0.470914 -0.379180 -0.817934 -0.641160 -1.324611 -1.447263 -0.538219 -0.996956 -1.605072 -0.660498  0.111186  0.170997 -2.068468 -1.124924 -0.763478
148 P 148 -0.285873 -0.714027 -0.319904 -0.517498 -1.970601 -0.154288  0.084624 -0.450779 -0.500964 -1.741973 -1.783557 -0.346502 -1.197273 -1.858238 -0.687051 -0.035246 -0.190890 -2.045643 -1.220773 -1.101133
149 V 149 -0.068754 -0.735573 -0.151190 -0.413448 -1.756003 -0.231924  0.029453 -0.499586 -0.443589 -1.655239 -1.704343 -0.439314 -1.180088 -1.813518 -0.786397  0.211113  0.012372 -2.131838 -1.245352 -1.080149
150 E 150 -0.374389 -0.653069 -0.228483 -0.300217 -1.837250 -0.096536  0.340565 -0.780032 -0.221404 -1.738173 -1.789165 -0.371763 -1.209118 -1.895428 -0.598884 -0.032758 -0.114769 -2.124528 -1.246765 -1.148383
151 E 151 -0.483041 -0.473989 -0.124760 -0.253793 -2.186516  0.050369  0.459452 -0.367244 -0.028607 -2.099179 -2.018532 -0.154969 -1.354541 -1.957164 -0.684634 -0.084003 -0.590592 -2.066517 -1.206797 -1.521266
152 A 152 -0.138496 -0.596935 -0.290471 -0.341364 -1.889984 -0.046104  0.233841 -0.235875 -0.466843 -1.778836 -1.716342 -0.303005 -1.150612 -1.845866 -1.117787  0.018936 -0.663134 -2.138914 -1.380068 -1.269731
153 H 153 -0.784498 -0.302142  0.055727  0.504367 -2.455194  0.706569  1.431565 -1.221064  0.374435 -2.076121 -2.094441  0.173575 -1.308700 -2.074772 -0.620615 -0.122052 -0.628066 -2.295544 -1.172664 -1.497998
154 P 154 -0.314131 -0.723537 -0.445330 -0.258175 -2.067338 -0.002764  0.362261 -0.776641 -0.360825 -1.980234 -1.970107 -0.350848 -1.309263 -2.153346  0.526484 -0.024409 -0.399195 -2.317782 -1.451485 -1.358740
155 V 155 -0.690654 -0.044489  0.045882 -0.049131 -2.480324  0.422422  1.056721 -0.727875  0.410778 -2.269831 -2.123947  0.558899 -1.356277 -2.044065 -0.927746 -0.117772 -0.805743 -2.168883 -1.146730 -1.659627
156 E 156 -0.776364  0.058044 -0.068638  1.081327 -2.943078  1.375119  2.994486 -1.494374 -0.189511 -2.314561 -2.222170  0.915927 -1.402441 -2.335388 -0.801708 -0.054248 -0.781175 -2.384884 -1.557158 -1.559142
157 K 157 -0.816608  1.363861  0.224612 -0.671947 -2.379526  0.747453  0.746448 -1.490345 -0.730054 -2.348969 -1.647998  3.471929 -0.845506 -2.389399 -0.812904  0.051031 -0.672528 -2.435202 -1.604999 -1.597768
158 K 158 -0.627906  0.995877 -0.229757 -0.686602 -2.179620  0.477806  0.568462 -1.470270 -0.810892 -2.042064 -1.504565  2.595809 -0.819915 -2.229313 -0.492935 -0.122459 -0.635814 -2.343005 -1.564410 -1.361940
159 G 159  0.069853 -1.288387  0.004656 -0.668868 -1.994025 -1.174264 -1.189327  3.273790 -1.380261 -2.580796 -2.599029 -1.153540 -1.890230 -2.127556 -1.245341  0.265048 -1.056141 -1.686051 -2.071152 -1.920642
160 I 160 -0.691622 -1.596846 -1.821643 -2.077684 -0.961611 -1.297571 -1.639989 -2.351145 -1.560045  1.071395  1.061565 -1.478405  0.947828  0.581680 -1.965982 -1.076259 -0.683814 -1.178815 -0.136895  0.741247
161 L 161 -0.565264 -1.242369 -1.653259 -2.073421 -0.948625 -0.883917 -1.441302 -2.122275 -1.688933  0.742561  1.280457 -1.067251  1.416360 -0.157906 -1.675562 -0.952997 -0.598872 -1.333868 -0.719324  0.592361
162 E 162 -0.925520 -0.698595  0.330270  2.489157 -2.498787  0.643648  2.305583 -0.821269 -0.417280 -2.204465 -2.503684 -0.015690 -1.778954 -2.184941 -0.779128  0.058903 -0.721573 -2.483058 -1.812466 -1.791491
163 K 163 -0.745737  1.255600  0.212946 -0.616596 -2.154782  0.780609  0.691119 -1.354641 -0.579337 -2.143674 -1.473372  3.133157 -0.732924 -2.143911 -0.787563  0.057136 -0.657734 -2.170310 -1.397060 -1.478470
164 I 164 -0.479617 -1.983130 -2.036603 -2.041193 -0.764170 -1.901956 -1.900552 -2.601453 -2.054388  2.347828  1.117781 -1.874443  0.577677 -0.218104 -1.864246 -1.234584 -0.628615 -2.155039 -0.798189  1.869370
165 K 165 -0.730073  1.302353 -0.074731 -0.731927 -2.151334  0.693448  0.700703 -1.493399 -0.751200 -2.061758 -1.370251  3.356665 -0.600996 -2.110508 -0.712216 -0.039643 -0.730073 -2.148316 -1.437835 -1.364939
166 E 166 -0.862445 -0.412020  0.128643  1.995222 -2.619732  0.994543  2.786673 -1.122734 -0.231163 -2.158758 -2.316556  0.259395 -1.591958 -2.112671 -0.763895 -0.020277 -0.737560 -2.184495 -1.579484 -1.628942
167 K 167 -0.688668  1.268025 -0.024134 -0.708379 -2.032817  0.652771  0.626282 -1.424735 -0.700512 -1.948167 -1.303123  3.056769 -0.584238 -2.009349 -0.758812 -0.026367 -0.582004 -2.046671 -1.373403 -1.302535
168 L 168 -0.627420 -1.381518 -1.894388 -2.414219 -0.720922 -1.344061 -1.851885 -2.577463 -1.936958  1.417511  2.132902 -1.317757  1.160680 -0.096900 -1.914271 -1.227727 -0.555087 -1.479314 -0.705177  0.878894
169 P 169 -0.662673 -1.335253 -1.311332 -0.669689 -2.010859 -0.668829 -0.668829 -1.314479 -1.305501 -2.019819 -2.019819 -0.672801 -1.346310 -2.671366  4.601987 -0.639128 -0.658758 -2.678074 -1.998872 -1.354103
170 G 170  0.134148 -1.272438 -0.065338 -0.658537 -1.908639 -1.238442 -1.196220  3.664842 -1.308032 -2.551505 -2.551505 -1.252516 -1.916085 -1.971600 -1.286512  0.058987 -1.239222 -1.397544 -1.957526 -1.886340
171 Y 171 -0.799577 -0.645389 -0.227971 -0.906592 -1.697288 -0.112145 -0.446476 -0.367774  1.434428 -1.560471 -1.489461 -0.761719 -0.972572 -0.427509 -1.363455 -0.483653 -1.079425 -0.708052  0.900096 -1.327287
172 H 172 -0.994614  0.221934  0.381528 -0.503936 -1.852133  0.421365  0.248002 -1.105523  3.117261 -1.850038 -1.700673 -0.043959 -1.019976 -1.043901 -0.950041 -0.421958 -0.981587 -1.366712  0.431594 -1.663256
173 P 173 -0.205133 -0.170932  0.092038 -0.209553 -1.217388 -0.034725  0.076904 -0.560614 -0.330219 -1.267458 -1.181581  0.403728 -0.744499 -1.389637  0.116833  0.288570 -0.182071 -1.622317 -1.018281 -0.945194
174 K 174 -0.329147  0.438818  0.035511 -0.270366 -1.164980  0.332173  0.306249 -0.768117 -0.396068 -1.185426 -0.897189  1.293844 -0.499383 -1.242880 -0.409433  0.101884 -0.039300 -1.264359 -0.857431 -0.782861
175 T 175 -0.116173 -0.288286  0.107613  0.044689 -0.955883  0.002875  0.293559 -0.487494 -0.439629 -0.910212 -0.886692 -0.031033 -0.629091 -1.093142 -0.199484  0.233089  0.301443 -1.224274 -0.889722 -0.601260
176 T 176 -0.129396 -0.316393 -0.037378  0.406324 -1.025651  0.203135  0.707510 -0.420746 -0.334477 -0.915766 -0.975980 -0.024949 -0.661221 -1.015405 -0.266569  0.182305 -0.087212 -1.146908 -0.794338 -0.632757
177 V 177 -0.203225 -0.397633 -0.148095  0.276211 -0.900190 -0.006498  0.362538 -0.355872 -0.360516 -0.617456 -0.786000 -0.095947 -0.529223 -0.859908 -0.467847 -0.083690 -0.193022 -1.059517 -0.694616 -0.355691
178 E 178 -0.284719 -0.087916  0.080026  0.459307 -0.907666  0.351512  0.814887 -0.441726  0.025308 -0.778422 -0.782667  0.152808 -0.505686 -0.764147 -0.185919  0.057976 -0.237331 -0.833679 -0.511858 -0.593097
179 E 179 -0.104965 -0.132743 -0.032532  0.177100 -0.641069  0.155904  0.396596 -0.245292 -0.133845 -0.564526 -0.582110  0.063879 -0.373716 -0.616149 -0.212939  0.063331 -0.129255 -0.683648 -0.452259 -0.386917
180 E 180 -0.204499  0.210658  0.006670  0.072329 -0.664339  0.234116  0.464506 -0.376377  0.024577 -0.588556 -0.516530  0.352487 -0.318020 -0.572193 -0.162063 -0.026739 -0.197804 -0.599103 -0.360868 -0.448230
181 K 181 -0.128099  0.131370 -0.014318 -0.087584 -0.498124  0.101949  0.173186 -0.330448 -0.070789 -0.439795 -0.381654  0.336987 -0.225786 -0.482860 -0.239428  0.019465 -0.053701 -0.542645 -0.321930 -0.302836
182 K 182 -0.111193  0.139240  0.001827  0.060331 -0.491751  0.203395  0.366633 -0.277205 -0.098843 -0.451687 -0.379822  0.400587 -0.223828 -0.458820 -0.163918  0.038429 -0.132840 -0.477308 -0.318921 -0.314926
183 D 183 -0.145099 -0.082248  0.018161  0.196029 -0.378143  0.050244  0.205123 -0.204807 -0.085991 -0.387393 -0.400762  0.030687 -0.268038 -0.410755  0.059129  0.019993 -0.106015 -0.464411 -0.316071 -0.315460
184 K 184 -0.111946  0.086722  0.096086  0.099762 -0.370447  0.112738  0.241241 -0.176618 -0.044364 -0.339651 -0.308211  0.208107 -0.197319 -0.346625 -0.144356  0.012918 -0.094675 -0.382549 -0.248466 -0.261007
185 E 185 -0.130661 -0.031130  0.033541  0.274476 -0.336961  0.109180  0.313069 -0.160698 -0.051518 -0.291359 -0.306924  0.101943 -0.209804 -0.291359 -0.097120  0.000000 -0.097120 -0.324901 -0.227781 -0.227781
