
Last position-specific scoring matrix computed, weighted observed percentages rounded down, information per position, and relative weight of gapless real matches to pseudocounts
           A  R  N  D  C  Q  E  G  H  I  L  K  M  F  P  S  T  W  Y  V   A   R   N   D   C   Q   E   G   H   I   L   K   M   F   P   S   T   W   Y   V
    1 G   -3 -6  3 -4 -6 -5 -5  7 -5 -7 -7 -5 -6 -7 -6 -4 -5 -6 -6 -7    0   0  13   0   0   0   0  87   0   0   0   0   0   0   0   0   0   0   0   0  2.19 0.82
    2 H    0  0  2 -3 -4  1 -2  3  2 -3 -3  0  3 -2  1  0  0 -4  0 -3    9   5  11   0   0   7   1  24   5   1   1   4   9   1   6   6   6   0   4   0  0.31 0.29
    3 M   -1  0 -5 -4  0 -1 -2 -4 -5  1  2 -3  7  1 -5 -3  0 -5 -4  2    5   4   0   1   2   3   3   1   0   7  16   1  30   6   0   1   5   0   0  15  0.72 0.49
    4 S    0 -4 -1 -2 -6 -5 -3 -1  1 -5 -5 -1 -6 -7 -4  6  3 -8 -6 -6    6   1   3   2   0   0   1   4   3   0   1   4   0   0   1  57  17   0   0   0  1.25 0.82
    5 P   -7 -8 -7 -3 -8 -4 -3 -3 -8 -5 -8 -3 -3 -9  8 -3 -4 -9 -8 -3    0   0   0   2   0   1   2   2   0   1   0   2   1   0  83   2   1   0   0   3  2.71 1.33
    6 N    0  0  2 -1 -1  0 -1  3 -1 -3 -4 -1 -1 -4 -1  2  2 -5 -3 -1    6   5  11   3   1   5   4  21   2   2   1   3   2   0   2  14  12   0   1   4  0.31 0.30
    7 Y   -2  0 -3 -5 -6  0 -1 -2  5 -3  0 -2  2  3 -3 -3 -3 -1  6 -1    3   5   1   0   0   5   5   3  12   1   7   2   4  10   2   2   2   1  30   5  0.76 0.51
    8 T   -1 -1  1 -2 -5 -1 -2 -1  0 -3 -2  1  1 -6 -1  4  3 -6 -5 -2    5   4   7   2   0   2   3   4   2   1   4   7   3   0   3  30  19   0   0   3  0.47 0.43
    9 P   -2 -1 -2 -5 -8 -1 -3 -2 -2 -5 -4 -6  1 -8  8 -1 -1  0 -5 -3    4   3   2   1   0   3   2   4   1   1   2   0   3   0  63   4   3   1   1   2  1.72 0.99
   10 T    0  0 -1 -4  1  0 -1 -1 -2 -1 -1  0  1 -2 -2  1  4  2 -1 -1    7   5   3   0   3   3   5   4   1   4   5   5   3   1   2  13  27   3   2   4  0.28 0.31
   11 S    1 -1  0 -2 -2 -3 -1  1  0  0 -4 -2 -2 -6 -3  5  2 -6 -2 -2    9   3   3   1   1   1   4  10   2   5   2   2   1   0   1  40  10   0   1   3  0.56 0.48
   12 P   -2 -2 -4 -3 -8 -1 -1 -3  0 -3 -6 -4 -4 -8  8 -1 -2 -9 -8 -4    3   2   1   2   0   3   5   3   2   2   1   1   0   0  66   4   3   0   0   1  1.88 1.05
   13 N   -1  0  1 -1 -1  1 -1  2  0 -2 -2 -1  1  0 -1  1  2  0 -2 -1    5   4   8   2   1   6   3  13   3   1   4   4   3   4   3  13  14   1   1   5  0.13 0.18
   14 Y   -1 -1 -1 -5 -6  1  0 -3  4 -3 -2 -2 -1  2 -2 -1 -1  3  6 -2    4   4   4   0   0   6   5   2  10   1   4   2   2   8   2   4   4   4  31   4  0.74 0.51
   15 S   -1 -1  1  0 -5  0  0  0 -1 -2 -3  0  1 -6 -3  4  2 -3 -5 -3    4   3   7   5   0   3   5   7   1   2   3   6   3   0   1  33  14   0   0   1  0.46 0.42
   16 P    0 -4 -2 -4 -7 -1 -4 -2 -3 -4 -3 -4  1 -7  7  0  0  0 -4 -4    7   1   2   1   0   3   1   4   1   1   4   1   4   0  55   7   7   2   1   1  1.40 0.85
   17 T   -1 -1  0 -3  0 -1  0  1 -1  0 -2 -1 -1 -3 -1  0  4 -5 -3  0    5   3   5   1   2   3   7  12   1   4   5   4   1   1   3   7  27   0   1   8  0.27 0.29
   18 S    0 -3  0  0 -3 -2 -1  0 -3  0 -4  0 -3 -3 -2  5  2 -2 -3 -3    7   1   5   4   1   2   5   8   1   5   2   5   1   1   2  37  10   1   1   2  0.51 0.45
   19 P   -3 -1 -3 -3 -8 -6 -2 -1  0 -3 -5 -4 -2 -8  7  1 -3 -8 -2 -3    2   4   1   1   0   0   3   5   2   2   1   1   1   0  61  10   2   0   2   2  1.68 0.97
   20 S    1  1  0 -1 -1 -1 -1  2  0 -2 -3 -1 -1 -2 -1  2  2  0 -2 -1   10   7   3   4   1   3   4  17   2   2   2   4   1   2   3  15  14   1   1   4  0.19 0.21
   21 Y   -1 -1 -3 -6 -6  0 -1 -2  3 -2 -2 -3  0  3 -2 -1 -2  1  7  0    5   4   1   0   0   4   4   4   7   2   5   1   3  11   2   4   3   2  32   7  0.75 0.49
   22 S    0 -1  2 -2 -1 -1 -1 -2 -1 -5 -1  0 -1 -6 -2  4  2 -2 -3 -2    7   4   9   2   1   3   4   3   1   0   5   5   2   0   2  32  14   1   1   3  0.44 0.41
   23 P    0 -3 -3 -3 -7 -3 -2 -2 -3 -4 -4 -6  0 -4  7  1 -2  1 -7 -6    7   1   1   2   0   1   3   4   1   1   2   0   3   1  58   9   3   2   0   1  1.56 0.92
   24 T    0  0  0 -4  0 -1 -3  0 -3 -2 -1 -1  2 -3 -1  1  5 -2 -2 -1    8   5   4   1   2   2   1   7   1   2   5   4   4   1   3  11  32   1   1   5  0.39 0.37
   25 S    0  0  1 -2 -5 -2 -1 -1  2 -1 -3  0 -3 -6 -1  4  2 -6 -2 -2    6   6   5   1   0   2   5   5   4   4   2   5   1   0   3  37  10   0   2   3  0.49 0.44
   26 P   -1 -2 -4 -3 -8 -2 -2 -1 -1 -3 -5 -3 -3 -5  7 -1 -1 -8 -8 -3    5   3   1   2   0   2   3   5   1   2   1   2   1   1  61   6   4   0   0   2  1.60 0.94
   27 S    1  0  1 -1 -1  0 -1  2  0 -2 -2 -1 -1 -3 -1  2  1  0 -1 -1   10   5   6   2   1   4   4  15   2   2   3   4   1   1   3  18  10   1   2   5  0.19 0.21
   28 Y   -3  0 -2 -6 -6  2 -2 -1  3 -2 -1 -1  0  1 -2 -2 -2  2  6 -1    3   5   2   0   0   8   3   6   7   2   5   3   3   6   2   3   3   3  30   5  0.67 0.47
   29 S    0  0  1 -1 -5 -2 -1  0 -1 -3 -2  0 -1 -2 -1  4  2 -6 -3  0    8   6   6   3   0   1   4   6   1   1   5   6   2   2   2  29  12   0   1   6  0.31 0.32
   30 P   -1  0 -2 -4 -8 -1 -4 -2 -8 -4 -2 -4  1 -8  7  0 -2  1 -8 -4    5   5   2   1   0   2   2   4   0   1   4   1   3   0  56   7   3   2   0   2  1.48 0.89
   31 T    0 -2 -1 -4 -3  0 -1 -1  1 -2 -2 -3 -1 -3  3  0  5  0 -4 -1    7   3   3   1   1   4   4   6   3   2   5   2   2   2  13   7  32   1   1   4  0.51 0.43
   32 S    1  0  0 -3 -7 -2  1 -2  0 -2 -3 -1 -2 -7 -3  5  1 -8 -1 -2    9   4   5   1   0   2   8   3   2   3   3   4   1   0   1  40   8   0   2   4  0.65 0.52
   33 P   -2 -1 -4  0 -8  0 -3 -2  1 -3 -5 -3 -8 -4  7  0 -2 -9 -2 -4    4   3   1   5   0   4   2   3   3   2   2   2   0   1  56   7   3   0   2   1  1.45 0.90
   34 S    0 -2  2 -2 -1  0  0  2  0 -3 -2 -2  0 -2 -2  2  2  0 -3 -2    9   3   9   3   2   4   6  17   2   2   4   3   3   2   2  13  11   1   1   3  0.22 0.21
   35 Y   -2  0 -1 -7  0 -1 -1 -1  3 -2 -1 -2  2  1  0 -1 -3  1  6 -1    4   6   3   0   2   3   4   5   7   3   7   3   5   6   5   6   2   2  24   5  0.53 0.36
   36 S    0  1  0  0 -6  0 -1  0  0 -2 -1  0 -1 -4 -2  3  2 -7 -3 -2    7   7   5   6   0   4   5   7   2   2   5   6   2   1   3  22  12   0   1   3  0.26 0.25
   37 P   -1 -4 -1 -3 -8 -1 -3 -2 -8 -4 -4 -4  1 -4  7  1 -2  1 -2 -3    6   1   3   2   0   3   2   4   0   1   2   1   3   1  51  10   3   2   1   2  1.32 0.83
   38 S    0 -1  0 -1  0  0  0  0 -1  0 -2 -1  1 -2  0  2  3  1 -2 -1    8   3   5   4   2   4   6   7   2   5   5   4   3   2   5  14  16   2   1   4  0.15 0.17
   39 S    0 -1  1 -2  0  1 -2  0  1 -1 -4 -2  1 -1  0  4  1  1 -1 -3    6   4   5   2   2   5   3   7   3   4   2   3   3   2   6  28   7   2   2   2  0.33 0.31
   40 P   -2  0 -1 -1 -7 -1 -1 -1  2 -1 -3 -2  1  0  5 -1  1 -7  0 -2    4   5   3   4   0   3   5   5   4   3   3   3   4   4  31   5   7   0   3   4  0.56 0.42
   41 R   -1  1  1 -1  0  0  0  1  1 -1 -1 -1  0  1 -1  1  0  3  0 -1    4   9   7   3   2   5   5   9   3   3   6   4   3   6   3   9   5   4   3   5  0.08 0.08
   42 Y   -1  1 -1 -5 -3  1  0 -1  2 -3 -2 -3 -1  2 -2 -1 -2  0  6  0    4   7   3   0   1   6   5   6   5   2   3   1   1   7   3   4   2   1  31   7  0.66 0.46
   43 T    0 -1  1 -1 -2 -1  0 -1  0 -3 -1  0 -1 -2 -2  3  3 -5 -3 -2    9   4   7   2   1   2   6   6   2   1   5   5   2   2   2  25  16   0   1   3  0.29 0.30
   44 P   -2 -3 -1 -5 -7  0 -2 -1 -3 -4 -4 -3  0 -8  7  0  0  1 -7 -4    4   1   3   1   0   4   3   5   1   1   2   1   3   0  54   8   6   2   0   2  1.38 0.84
   45 Q    0  0  0 -2 -1  1 -1  1  1 -1 -1 -1 -1 -3  0  0  4 -1 -2 -1    9   6   4   1   2   6   3  10   3   4   6   4   2   1   5   5  24   1   1   4  0.20 0.24
   46 S    0  0  0 -2 -5 -3  0 -2  0 -1 -4  0 -1 -6  0  5  2 -6 -3 -3    8   4   4   2   0   1   5   4   2   5   1   5   2   0   4  39  11   0   1   2  0.57 0.48
   47 P   -5 -3 -3 -3 -8 -4 -2 -2  1 -4 -5 -3 -7 -4  8  0 -1 -8 -7 -3    1   2   1   2   0   1   3   4   3   1   2   2   0   1  64   7   3   0   0   2  1.81 1.02
   48 T    0  0 -1 -1 -1  0  0  2  0 -2 -1 -1  0 -2  0  1  2 -1 -1 -1    9   6   2   3   2   3   5  15   2   2   6   2   2   1   5  13  13   1   2   4  0.13 0.17
   49 Y   -2  0 -3 -6 -2  1 -1 -2  3 -3 -2 -2  2  3 -1 -2 -2  1  6 -1    3   5   1   0   1   5   4   3   7   2   4   3   5  13   4   4   3   2  28   5  0.69 0.46
   50 T   -2  1  1 -2 -6 -3 -1 -2 -1 -2 -1  1 -1 -6 -1  4  4 -7 -6 -2    4   7   7   2   0   1   5   3   2   2   6   7   1   0   3  27  21   0   0   3  0.50 0.44
   51 P    0 -4 -2 -2 -8 -1 -4 -3 -7 -4 -5 -6  0 -5  7  1 -2  0 -2 -5    7   1   2   2   0   3   1   2   0   1   1   0   2   1  59  10   3   2   2   1  1.60 0.95
   52 S    1 -2  0 -2 -1  0 -1  0 -3 -2 -1 -1  2 -3 -1  1  4  0 -1 -1   11   2   4   2   1   4   3   9   1   2   5   3   5   1   3  11  24   2   2   4  0.25 0.28
   53 S    0  0  0 -3 -3 -2  0 -1  1 -1 -5 -1 -3 -4 -1  5  1 -1 -1 -3    7   6   4   1   0   2   6   5   3   4   1   3   1   0   3  39   9   1   3   2  0.54 0.46
   54 P   -1  0 -2 -2  0 -3 -2 -1 -1 -3 -5 -4 -1 -8  7 -1 -1 -8 -7 -4    5   5   2   2   2   2   3   5   2   1   1   1   2   0  57   5   4   0   0   2  1.46 0.87
   55 S    0  0  1 -1 -1  0 -1  2  0 -2 -1 -1  0 -1  0  2  1 -1 -2 -1    8   6   6   3   2   4   3  15   3   2   5   4   2   3   5  14  10   1   1   4  0.11 0.14
   56 Y   -1  0 -2 -2 -2  0 -1  0  3 -1 -1 -3 -1  2 -2 -1  0  1  6  0    5   5   2   2   1   4   4   7   7   3   5   1   2   7   2   4   5   2  26   6  0.45 0.35
   57 S    0  0  1 -2 -5 -2  0  0  0 -2 -2  1  0 -5 -1  3  2 -6 -3 -2    9   6   6   2   0   1   5   6   2   2   4   8   3   0   4  27  13   0   1   2  0.33 0.33
   58 P   -1 -2 -1 -4 -7  0 -3 -2 -6 -7 -4 -4 -1 -5  7  1  1  1 -3 -3    4   2   3   1   0   4   2   4   0   0   2   1   2   1  52  10   8   2   1   2  1.31 0.81
   59 S    0 -1  0 -1  0  0 -1  0  1 -2 -2  0  1 -3  1  1  3  1 -4 -2    8   3   4   3   2   3   4   8   3   3   4   5   3   1   7  12  22   2   0   3  0.21 0.24
   60 S    0 -1 -1  0  0 -2 -1  0  1  0 -1 -1  0 -1 -1  3  2 -5 -1 -2    5   3   3   5   2   1   3   8   3   6   5   4   2   2   4  27  12   0   3   2  0.21 0.26
   61 P   -1 -1 -2 -1 -1 -1 -1 -2  1 -3 -3 -3  0 -4  7  0 -2 -7 -3 -3    5   3   2   4   1   2   5   4   3   2   4   2   2   1  48   8   3   0   1   2  1.05 0.68
   62 S    0  0  0  0 -1  0  0  1  0 -2 -1 -1 -1 -1  0  2  1  1 -1 -1    9   4   5   5   1   5   6  12   2   2   6   3   1   3   4  15   9   2   2   3  0.09 0.13
   63 Y   -1  0 -1 -3 -5  0 -1 -2  3 -4 -2 -1  1  2 -1 -1 -2  1  6  0    5   4   2   1   0   4   4   4   7   0   4   3   3   8   4   5   3   2  31   6  0.62 0.44
   64 S    0  1  2 -1 -4  0 -1 -2 -1 -3 -2  0  0 -2 -1  3  2 -5 -2 -2    7   6   8   3   0   4   4   3   2   1   5   4   2   2   4  26  15   0   1   3  0.30 0.32
   65 P   -3 -2 -1 -3 -7 -2 -4 -3 -1 -6 -3 -6  0 -2  7  0 -1  1 -6 -3    3   2   3   1   0   2   1   2   1   0   3   0   2   2  60   7   5   2   0   2  1.56 0.90
   66 A    1  0 -1 -3  0 -1 -1 -1  0 -2 -1 -1  1 -2 -1  1  4 -1 -3  0   11   4   3   1   2   3   5   6   3   2   6   3   4   2   3  11  25   1   1   6  0.22 0.26
   67 S    0 -1  1 -1 -1 -1 -1 -1 -1 -1 -4  0 -2 -3 -1  5  1 -6 -2 -2    8   3   5   4   1   3   4   4   1   4   1   5   1   1   4  40   7   0   2   2  0.50 0.45
   68 P   -3 -2 -3 -4 -7 -2 -2 -3  1 -3 -4 -3  0 -7  7  0 -1 -8 -7 -3    2   3   1   1   0   2   3   3   3   2   2   2   3   0  60   8   3   0   0   3  1.60 0.93
   69 K    0  1  1  0 -1  0  0  1  1 -2 -2  1 -1 -3  0  1  1 -4 -2 -1    7   7   6   5   1   4   7  13   4   2   3   9   2   1   5  10  11   0   1   4  0.13 0.15
   70 Y   -1  0 -2 -3  0  1 -1 -1  2 -2 -2 -3  0  2  0 -1  0  2  6 -1    5   5   2   2   2   6   4   5   4   2   3   1   2   8   6   5   6   2  26   4  0.51 0.39
   71 T   -1  2  2 -1 -3  0 -1 -1 -1 -2 -2  0 -2 -3 -2  3  2 -1 -2 -1    5   9   9   3   1   3   4   5   1   2   4   7   1   1   2  21  15   1   1   5  0.27 0.28
   72 P    0 -2 -1 -4 -8  1 -4 -1  0 -3 -2 -4  2 -2  6  0 -2  1 -1 -2    7   2   4   1   0   5   1   5   2   2   5   1   4   2  41   7   3   2   3   3  0.91 0.62
   73 T    0 -1  0 -2  0  0 -1 -1  1 -1 -3 -1  2 -2  2  1  4  1 -3 -2    7   4   5   2   2   4   4   6   3   4   3   3   5   2   9   8  23   2   1   3  0.28 0.26
   74 S   -1 -2  1 -1 -1 -2  1 -2 -1 -2 -2 -1 -1 -3 -2  4  2  0 -2 -1    5   2   5   4   2   2   8   3   2   2   5   4   2   1   3  30  12   2   2   4  0.41 0.36
   75 P   -2 -2 -2  0 -8 -2 -3 -2  0 -1 -3 -2 -8 -2  7 -1 -2 -8 -2 -3    3   3   2   5   0   2   3   3   2   4   3   3   0   2  52   5   3   0   2   2  1.27 0.79
   76 S    0 -1  1  0  0  1  0  1 -1 -3 -3 -1 -1 -3  1  1  1  1 -1  0    8   4   7   5   2   6   5  12   2   1   3   3   2   1   7  10  10   2   2   7  0.13 0.16
   77 Y    0 -1 -1 -4 -1 -1 -2 -2  4 -2 -1 -4 -1  2 -1 -1 -2  1  7 -1    7   4   3   1   1   3   3   3   8   3   7   1   1   7   3   5   2   2  32   4  0.70 0.47
   78 S    0  2  1 -2 -2 -1 -1 -3  0 -4 -2  0 -3 -3 -1  4  2 -7 -3 -2    6  11   5   2   1   2   3   2   3   1   4   5   1   1   4  32  13   0   1   2  0.47 0.43
   79 P   -1  0 -1 -3 -8  0 -3 -3 -7 -4 -5 -6  0 -4  7  0 -1  2 -4 -4    6   4   3   1   0   4   2   2   0   1   1   0   2   1  55   7   5   2   1   1  1.43 0.88
   80 S    0  1  0 -3  0  0 -1  0  1 -1 -2 -2  2 -3 -1  0  4 -6 -2  0    9   7   3   1   2   5   5   7   3   4   4   2   6   1   4   7  24   0   1   6  0.26 0.28
   81 S    0 -1 -1 -3 -2 -2 -1  0  1 -1 -5 -2 -1 -7 -2  5  1 -7 -2 -3    8   3   3   1   1   2   4   8   3   4   1   3   1   0   3  43   8   0   2   2  0.69 0.55
   82 P   -3 -1 -3 -3 -8 -3 -1 -1 -1 -3 -5 -3 -7 -3  7  0 -2 -8 -2 -3    2   3   1   2   0   2   4   5   2   2   1   2   0   2  60   6   3   0   2   2  1.59 0.94
   83 E    0  0  1 -1  0  1  0  1  0 -1 -1  0 -1 -1  0  1  1 -4 -1 -1    8   4   5   3   2   6   4  10   2   3   6   5   1   3   5  14  10   0   2   5  0.07 0.11
   84 Y   -1  1 -3 -3  0  1  0 -1  3 -2 -2 -3  0  1  1  0 -1  2  5 -2    6   7   1   2   2   7   5   5   6   2   4   2   3   5   7   7   3   3  21   3  0.37 0.32
   85 T    0  0  2  0 -1 -1 -1 -3  0 -2 -2  0  0 -4 -1  3  3 -1 -3 -2    6   6   8   4   1   2   4   2   2   3   4   6   2   0   3  25  16   1   1   2  0.35 0.34
   86 P   -2 -3 -1 -4 -3  0 -3 -1 -2 -4 -2 -3  0 -5  7  1 -1 -2 -4 -4    4   2   3   1   1   4   2   4   1   1   4   2   2   1  54   9   3   1   1   1  1.35 0.84
   87 T    0 -1  0 -2  0  0 -1  1  0 -2 -2 -1  1 -5  1  1  4 -6 -4  0    8   3   4   2   2   4   4  10   3   2   5   4   4   0   6   8  24   0   1   5  0.28 0.29
   88 S    0 -1  0 -1 -1 -3 -1 -2 -3  0 -1  0 -3 -2  0  4  1 -6 -3 -3    8   3   4   3   1   1   4   4   1   5   5   6   1   2   5  34   9   0   1   2  0.42 0.39
   89 P   -3 -1 -4 -1 -7 -3 -2 -2 -2 -3 -3 -4 -7 -3  8 -2 -2 -8 -7 -4    3   3   1   4   0   1   3   4   1   2   3   1   0   1  63   4   3   0   0   1  1.73 0.98
   90 K    0  0  1 -2  0  1 -1  2  0 -2 -2  0  0 -1 -1  2  1  1 -2 -1    9   5   8   2   2   6   4  13   2   2   4   5   2   2   3  14   9   2   1   5  0.12 0.16
   91 Y   -1  0 -3 -4  0  0 -1 -1  4 -3 -2 -2 -5  2 -3 -1 -2  3  6 -1    5   6   1   1   2   4   4   5   8   2   5   3   0   8   2   4   2   4  30   4  0.71 0.46
   92 S   -1  0  1 -2 -1  0  1 -4  0 -3 -1  0 -1 -5 -1  4  2 -6 -1 -2    4   6   7   2   1   5   7   1   2   2   5   6   2   0   4  30  11   0   2   3  0.38 0.36
   93 P   -1 -2 -1 -2 -8 -2 -4 -4 -7 -8 -4 -4  0 -8  7  0 -1  1 -3 -5    5   2   3   2   0   2   1   1   0   0   2   1   2   0  60   8   4   2   1   1  1.67 0.99
   94 T    1 -1  0 -2 -1  0 -2  0 -2 -1 -2 -1  0 -3  0  1  4 -2 -2  1   11   3   4   2   1   3   3   6   1   3   4   3   3   1   6  10  26   1   1   8  0.29 0.29
   95 S   -1 -2  0 -1 -2 -1  0 -1  1 -1 -4 -1 -2 -2 -1  5  1 -6 -3 -2    6   2   4   4   1   3   6   4   4   4   2   4   1   2   3  38   9   0   1   3  0.49 0.43
   96 P   -2 -2 -3 -1 -7 -2 -2 -2  2 -3 -3 -3 -1 -8  7 -1 -1 -8 -7 -4    4   3   1   3   0   2   3   4   5   2   3   1   2   0  57   4   4   0   0   1  1.50 0.89
   97 K   -1  0  0  0  2  0  0 -1  2  0 -1  0  2  0  0 -1  0  3  1 -1    5   5   5   5   5   5   5   5   5   5   5   5   5   5   5   5   5   5   5   5  0.03 0.09
   98 Y   -1 -1 -1 -2  1  2  0 -1  3 -1 -2 -2  2  1 -1 -1 -1 -3  5  0    5   4   2   2   3  10   6   5   7   4   4   2   5   5   3   4   3   0  21   6  0.35 0.31
   99 S   -1  0  1  0  0  0  0 -1  0 -4 -1  0  1 -1 -1  2  1  2 -2 -1    5   4   8   4   2   3   7   5   2   0   5   7   4   2   3  20   9   3   1   3  0.16 0.21
  100 P   -1 -1 -1 -2 -6  1 -2  0 -6 -2 -3 -1  0 -6  6  0  0  1 -6 -2    4   3   3   2   0   6   3   6   0   2   3   3   3   0  41   8   5   2   0   3  0.86 0.60
  101 T    0 -1  1 -2 -1 -1 -1  0 -1 -2 -2 -2  0 -3  2  1  4 -1 -3 -1    8   4   6   2   1   3   3   7   2   2   3   2   2   1   9  11  26   1   1   5  0.32 0.31
  102 S    0 -2  0 -1 -2 -2  0 -1 -1  1 -3 -1 -5 -6 -2  5  1 -7 -2 -2    9   3   4   4   1   2   6   4   1   8   3   4   0   0   3  39   8   0   2   3  0.53 0.46
  103 P   -3 -3 -4 -1 -8 -1 -3 -2 -2 -2 -4 -4 -7 -3  7  0 -1 -8 -3 -3    2   1   1   4   0   3   2   4   1   2   3   1   0   1  61   6   4   0   1   2  1.63 0.95
  104 K    1  0  1 -1  0  1  0  1 -1 -1 -3  0 -1 -4 -1  2  2 -1 -4  0   10   5   6   3   2   5   7  13   1   3   2   5   1   0   2  14  12   1   0   7  0.15 0.19
  105 Y   -1  0 -1 -2  0  0 -1 -2  3 -2 -1 -2 -1  2 -1 -2 -1  1  6  0    4   6   3   2   2   4   5   3   8   2   6   2   1   7   4   3   4   2  25   7  0.42 0.33
  106 S    0  0  1 -1 -2 -1  0 -3  0 -4 -1  1  0 -3 -1  4  2 -5 -2 -2    8   5   7   3   1   2   6   1   2   0   5   9   2   1   3  29  12   0   2   3  0.35 0.35
  107 P   -1 -2 -2 -3 -8 -3 -4 -4 -8 -8 -3 -7  1 -4  8 -1 -2  2 -2 -4    6   3   3   2   0   1   1   2   0   0   3   0   3   1  62   5   2   3   2   2  1.72 0.99
  108 T    1 -2 -1 -2  0 -1 -1  0  0 -2 -1  0 -1 -3 -1  1  4 -1 -1 -1   11   2   3   2   2   3   4   7   2   2   6   5   2   1   3  12  25   1   2   5  0.26 0.26
  109 S    0  0 -1 -2 -2 -2 -1  0  1 -1 -5 -2 -1 -6 -1  5  1 -1 -2 -3    8   6   3   2   1   1   5   7   3   4   1   2   2   0   3  38   8   1   2   2  0.54 0.47
  110 P   -2 -3 -4 -1 -2 -3 -2 -1  1 -4 -5 -3 -8 -9  7 -1 -1 -9 -8 -3    3   2   1   4   1   1   4   5   3   1   2   2   0   0  61   5   5   0   0   2  1.66 0.97
  111 T    0  1  0 -1 -2  1  0  1  0 -2 -2 -1 -1 -1  0  2  2 -1 -2  0    8   7   4   3   1   5   6  12   2   2   3   3   2   3   4  14  13   1   1   6  0.13 0.16
  112 Y   -2  0 -2 -2 -2  1  0 -1  3 -3 -2 -2  0  1  0 -1 -2  2  6 -1    4   4   2   2   1   7   7   5   7   1   4   2   2   6   5   5   3   3  26   4  0.51 0.38
  113 S   -2  0  2 -2 -5  0 -1 -3 -1 -2 -2  0 -1 -4 -1  4  2  0 -5 -2    3   6   9   3   0   5   5   2   2   2   4   6   1   1   4  31  12   1   0   4  0.45 0.39
  114 P   -1 -3 -2 -3 -8  1 -3 -3 -7 -2 -3 -3  0 -8  7  0  0  1 -2 -3    4   2   2   2   0   6   2   2   0   3   3   2   2   0  52   7   5   2   2   2  1.28 0.80
  115 T    0 -1  0 -2 -1 -1  0  0  0  0 -2 -1  0 -5  2  1  3  0 -3  0    7   4   5   2   1   2   5   6   2   5   4   4   3   0   9  10  23   1   1   6  0.23 0.26
  116 T    0 -1 -1 -1  0  0  0 -1 -1 -1 -2  0 -2 -3 -1  4  2 -6 -1 -2    7   3   3   3   2   4   5   5   1   4   5   6   1   1   3  29  14   0   2   3  0.29 0.31
  117 P   -2 -3 -3 -2 -8 -1 -2 -2  0 -3 -4 -3 -7 -8  7 -1  0 -1 -4 -3    3   2   1   3   0   3   3   4   2   2   2   2   0   0  60   4   5   1   1   2  1.56 0.92
  118 K   -1  0  0  0  2  0  0 -1  2  0 -1  0  2  0  0 -1  0  3  1 -1    5   5   5   5   5   5   5   5   5   5   5   5   5   5   5   5   5   5   5   5  0.03 0.09
  119 Y   -1  1 -1 -4  0  0  0 -2  3 -1 -2 -1 -4  1 -1 -1 -2  2  6 -1    5   8   3   0   2   3   7   4   8   3   4   3   0   6   3   5   3   2  26   5  0.44 0.38
  120 S    0  0  1  0 -2  1  0  0  2  0 -1  0  1 -2  1  0  0 -2  1  0    6   6   6   6   0   6   6   6   6   6   6   6   6   0   6   6   6   0   6   6  0.05 0.08
  121 P   -2 -3 -2 -4 -2 -2 -4 -2 -3 -4 -3 -3  1 -8  7  1 -1  2 -4 -4    4   2   2   1   1   2   1   3   1   1   3   2   3   0  55  10   4   3   1   1  1.44 0.90
  122 T    1 -2  0 -2  0  0 -2  0 -1 -2 -2 -2  1 -3 -1  2  4 -1 -3 -2   12   3   4   2   2   4   2   8   2   2   4   2   4   1   4  13  25   1   1   3  0.32 0.33
  123 S    0 -2  0 -1 -2 -1  1  0  1 -1 -3 -2 -1 -2 -1  4  1  0 -2 -4    8   2   3   4   1   2   8   6   3   4   3   2   2   2   3  34   8   2   1   1  0.39 0.38
  124 P   -3 -1 -3 -2 -8 -1 -2 -2  1 -3 -3 -3 -7 -8  7  1 -1 -8 -8 -2    2   4   1   2   0   3   3   3   3   2   3   2   0   0  55   9   4   0   0   3  1.44 0.89
  125 T    1  0  0  0 -2  1  0  1  0 -2 -2 -1  0 -2  0  2  1  0 -4 -1    9   5   5   5   1   6   5   9   2   2   4   3   2   2   6  17  11   2   0   4  0.14 0.19
  126 Y   -1  0 -2 -2 -1  1  0 -1  2 -1 -2 -2  0  2  0 -1 -1  0  5 -1    4   5   2   2   1   7   6   5   5   3   5   2   2   8   6   5   5   1  23   4  0.38 0.31
  127 S   -1  0  0  0 -5  0  1 -1  1 -3 -1  1  0 -2 -1  3  1 -5 -2 -1    5   5   5   4   0   4   8   5   3   1   6   7   2   1   3  24  10   0   1   4  0.21 0.24
  128 P   -2 -2 -1 -2 -6 -1 -2 -1  2 -6 -2 -3  1 -4  6  0  0  1  0 -2    4   3   3   3   0   2   3   5   4   0   5   1   3   1  44   7   6   2   3   3  0.95 0.64
  129 T    0 -2  0 -1  1  0 -1 -1  1 -2 -2  0  0 -2  1  1  3 -5 -1 -1    8   2   5   3   3   5   4   6   3   1   4   5   2   2   6  12  21   0   2   5  0.17 0.23
  130 S    1  0 -1  0 -2 -1  0 -1  0 -1 -3  0 -1 -5  0  4  1 -1 -1 -2    9   4   3   5   1   3   5   5   2   4   3   4   1   0   4  32   8   1   2   2  0.32 0.34
  131 P   -3  0 -4 -1 -4 -3 -2 -2  0 -1 -5 -3 -3 -5  7  0 -1 -8 -4 -4    2   5   1   4   0   1   3   3   3   4   1   2   1   1  56   7   4   0   1   2  1.40 0.86
  132 V    1  0  0 -1 -1  1  0  0  0 -1 -2  0 -1 -2  1  1  1  0  0  0   10   6   5   2   1   6   5   8   2   4   4   4   1   1   7  11   9   2   3   8  0.07 0.11
  133 Y   -1  0 -2 -3 -2  1 -1  0  4 -2 -2 -2 -1  1  0 -1  0  1  5 -1    6   5   2   1   1   7   4   7   9   2   4   2   1   6   5   5   6   2  21   5  0.33 0.31
  134 T   -1  1  2 -2 -5 -1  0 -3  1 -3 -2  0  0 -4  0  3  2 -5 -1  0    4   8   8   2   0   3   7   2   3   1   5   6   2   1   4  22  15   0   2   6  0.29 0.31
  135 P   -1 -1 -1 -4 -7 -1 -3 -3 -3 -2 -4 -3  0 -4  7  1 -2  1 -7 -5    6   3   3   1   0   3   2   2   1   3   2   2   2   1  54   9   3   2   0   1  1.35 0.85
  136 T    1 -1 -1 -2 -1  0 -1  0  0 -1 -1 -1  1 -3  1  1  3 -1 -1 -2   10   3   3   2   1   4   4   8   2   3   7   4   4   1   7  10  22   1   2   3  0.19 0.24
  137 S    0 -2  1 -1 -2 -1  0  0  0 -1 -4 -2 -5 -1  0  4  2 -6 -1 -3    7   2   5   3   1   3   6   6   2   4   1   2   0   2   4  35  11   0   2   1  0.44 0.43
  138 P   -2 -4 -3  0 -7 -3 -1 -2  0 -2 -4 -2 -3 -2  7 -1 -1 -2 -4 -3    3   1   1   5   0   1   4   3   2   2   2   2   1   2  58   5   4   1   1   2  1.44 0.87
  139 K    0  1  2 -1 -2  1  0  1  0 -2 -2  0 -1 -2  0  1  1  0 -2 -1    8   8  10   3   1   5   7  13   2   2   4   5   1   2   4  10   9   1   1   6  0.12 0.15
  140 Y   -1  0 -3 -3 -2  1 -1 -1  2 -2 -2 -2 -4  2 -1 -1 -1  0  7 -1    5   5   1   1   1   6   4   5   5   2   5   2   0   8   4   4   3   1  33   4  0.66 0.48
  141 S    0  1  1 -1 -2 -1 -1 -2 -2 -5 -1  1  0 -2 -2  4  2 -1 -5 -2    6   8   5   2   1   3   4   2   1   0   5   9   2   2   2  31  12   1   0   3  0.41 0.40
  142 P   -2 -3 -2 -3 -7  0 -4 -3 -7 -3 -3 -4  0 -8  7  0 -1  1 -7 -2    4   2   2   2   0   4   1   2   0   2   3   1   3   0  59   8   5   2   0   3  1.54 0.94
  143 T    0  0  0 -2  0  0 -1  0 -1 -2 -2 -1 -1 -3  1  1  4 -2 -5 -1    9   4   4   2   2   5   4   6   1   2   3   3   2   1   6  12  27   1   0   5  0.31 0.33
  144 S    1 -2 -1 -1 -1 -1 -1  0  0 -2 -3 -1 -2 -6 -1  5  2 -6 -3 -3   11   3   3   3   1   2   5   6   2   3   2   3   1   0   3  39  10   0   1   2  0.55 0.49
  145 P   -3 -2 -4 -3 -7 -1 -1 -3 -1 -4 -4 -4 -3 -4  7  1 -2 -2 -3 -4    2   3   1   2   0   2   4   2   2   1   2   1   1   1  62   9   3   1   1   2  1.67 0.98
  146 T    0  0  1 -2  0  0  0  2 -1 -3 -2  0 -1 -1  0  1  2 -1 -4 -1    8   4   7   1   2   4   6  15   1   1   3   4   1   3   6  12  14   1   0   6  0.16 0.21
  147 Y   -2  1 -3 -4 -6  1 -1 -2  4 -3 -2 -2 -3  2  0 -2 -1  2  7 -1    4   6   1   1   0   5   4   4   8   2   4   2   1   8   4   3   4   2  33   5  0.75 0.52
  148 S    0  1  1 -2 -2  0  0 -2  0 -2 -2  1  0 -5 -3  4  2 -6 -2 -3    8   7   5   2   1   3   7   2   3   2   5   7   2   0   1  30  12   0   1   2  0.38 0.37
  149 P   -1 -3 -1 -4 -7 -2 -2 -4 -3 -2 -2 -6 -1 -3  8 -1 -2  0 -4 -7    5   1   4   1   0   2   3   1   1   2   4   0   2   1  63   5   3   1   1   0  1.68 0.98
  150 T    1 -1 -1 -2  0  0  0 -1 -1 -1 -1 -1  1 -5 -1  1  4 -5 -3  0   12   3   3   2   2   4   5   4   1   2   5   3   3   0   3  12  26   0   1   8  0.29 0.31
  151 S    0 -1  0 -3 -2 -1  0 -1  1 -1 -3 -1 -2 -4  0  5  0 -6 -2 -3    8   3   4   1   1   2   5   4   4   4   2   4   1   1   4  44   5   0   2   2  0.60 0.52
  152 P   -3 -2 -4 -3 -7 -2 -1 -3  1 -2 -4 -3 -7 -3  7  0 -2 -8 -3 -4    2   3   1   2   0   2   4   3   3   2   2   1   0   1  61   6   3   0   1   2  1.58 0.94
  153 K   -1  0  0  0  2  0  0 -1  2  0 -1  0  2  0  0 -1  0  3  1 -1    5   5   5   5   5   5   5   5   5   5   5   5   5   5   5   5   5   5   5   5  0.03 0.09
  154 Y   -2 -1  0 -7 -7  0 -1 -2  2 -1 -2 -2  1  3 -1 -1 -1  2  6  0    4   4   4   0   0   4   4   4   4   3   4   3   3   9   4   5   4   3  21   6  0.41 0.35
  155 S   -1  0  0 -1 -4  0 -1 -1  0 -4 -1  1  0 -4 -1  3  2  2  0 -1    5   6   5   3   0   4   4   4   2   0   6   9   3   0   3  25  11   3   3   4  0.23 0.29
  156 P   -2 -3 -1 -3 -6  1 -3 -1 -2 -4 -4 -3  0 -2  7  0 -2  1 -1 -3    4   1   3   1   0   6   2   5   1   1   2   1   2   2  53   6   2   2   2   2  1.27 0.78
  157 T    0 -1  0 -1 -1  1 -1  0 -2 -1 -2 -1 -1 -3  0  2  4 -1 -2 -1    6   3   3   4   1   7   3   6   1   3   3   3   2   1   4  13  29   1   1   5  0.30 0.33
  158 S    0 -2 -1  1 -1  0  0 -2  0 -1 -2  0 -4 -5 -1  4  1 -6 -1 -2    8   2   3   7   1   4   6   3   2   4   5   5   0   0   3  32  10   0   2   3  0.35 0.37
  159 P   -4 -1 -3 -3 -7 -3 -2 -2 -1 -2 -4 -2 -7 -3  8 -1 -1 -8 -3 -3    1   3   1   1   0   1   3   3   2   3   2   3   0   1  63   5   4   0   1   2  1.65 0.97
  160 T    0 -1  1 -1  0  1 -1  1  0 -1 -2  0  0 -1  1  1  2  1 -1  0    8   3   6   3   2   5   3  10   2   3   3   4   3   3   7  10  15   2   1   7  0.11 0.15
  161 Y   -1  0 -4 -2 -5 -1 -1  0  3 -1 -2 -1 -1  2 -1  0 -1  2  6 -1    5   5   0   3   0   3   4   7   6   4   3   4   1   8   4   6   4   3  25   5  0.44 0.35
  162 S   -1  1  1  0  0  1  0 -2  1 -2 -1  0  0 -2 -1  3  1 -5 -1 -1    5   7   7   5   2   5   5   2   4   2   5   7   2   2   4  23   7   0   2   4  0.19 0.23
  163 P   -1 -2  0 -2 -6  1 -2 -2 -1 -2 -3 -2  0 -6  6 -1 -1  2  0 -3    5   2   4   3   0   5   3   3   2   3   3   3   3   0  44   5   3   3   4   2  0.94 0.63
  164 T    0  0  0 -2 -1  1  0  0 -1 -1  0 -1  0 -4 -2  2  3 -4 -1 -2    6   6   5   2   1   6   6   8   2   4   8   2   3   0   2  15  22   0   2   2  0.20 0.25
  165 S    1  0  1 -2 -1 -1  0 -2  0 -1 -2  0 -4 -2 -1  4  1 -1 -2 -3   10   4   5   2   1   2   7   3   2   4   3   5   0   1   3  35   7   1   2   2  0.38 0.38
  166 P   -2 -3 -3 -3 -6 -5 -1 -3  0 -3 -4 -2 -6 -2  8 -1 -1 -7 -6 -4    3   2   2   1   0   0   4   2   2   2   2   3   0   2  65   5   3   0   0   1  1.76 0.94
  167 K    1  0  0  0 -1  1  1  0  0 -2 -1  0 -1 -2  1  1  1 -1 -2 -1   11   6   4   4   1   5   8   8   2   2   5   6   1   1   6  12  11   1   1   4  0.10 0.13
  168 G    0  0  0 -1 -1  0  0  2  1 -1 -1 -1 -1  0  1  1  0 -3  1 -1    7   5   3   3   1   4   5  15   3   3   7   3   1   4   8  12   6   0   5   4  0.08 0.10
  169 S    0  0  0  0 -3  0  0 -1  0 -2 -1  0 -1 -3  2  2  1 -3  0 -1    9   6   5   5   0   4   5   3   3   2   8   6   1   0  12  14   8   0   4   5  0.14 0.16
  170 T    0 -1  0  0  0  1 -1  1 -3 -1 -1  0  0  0  1  2  1  0 -1 -1    8   3   4   4   2   6   3  10   0   3   5   4   2   5   8  16  10   1   2   5  0.10 0.14
  171 Y   -2 -2 -1 -4 -5  0  0 -3  3 -2 -2 -3  0  2  0  0  0  1  6  0    4   3   3   0   0   5   6   2   7   2   4   1   3   7   5   7   5   2  31   6  0.62 0.43
  172 S    0 -1  1 -2 -2 -2  0 -2  0 -2 -2  0  0 -5 -2  4  2 -1 -1 -1    6   3   6   2   1   1   6   3   2   2   4   5   2   0   2  37  10   1   2   4  0.43 0.39
  173 P   -3 -4 -4 -3 -7 -1 -2 -2 -7 -4 -4 -4  0 -8  8 -2 -2  0 -7 -7    2   1   1   2   0   3   2   3   0   1   2   1   2   0  71   3   2   1   0   0  2.07 1.10
  174 T    0 -1  0 -1  1  1 -1 -1 -1 -2 -2  0  0 -2 -1  1  4 -2 -2 -2    8   4   3   4   3   6   3   5   1   2   4   6   2   2   3  11  28   1   1   3  0.29 0.30
  175 S    0 -1 -1 -2 -2  0  0 -2  1 -1 -3  0 -3 -6 -2  5  2 -6 -3 -2    8   3   2   3   1   4   5   3   3   3   3   6   1   0   2  39  11   0   1   3  0.54 0.48
  176 P   -4 -3 -1 -3 -8 -2 -4 -4 -1 -3 -5 -4 -3 -8  8 -3 -1 -9 -8 -2    2   2   3   1   0   2   1   2   2   2   1   1   1   0  72   2   3   0   0   3  2.10 1.13
  177 G    0  0  0 -1 -1  1  0  2 -1 -2 -2  0 -1 -3 -1  1  1 -2 -4 -1    8   5   5   2   1   6   7  19   2   2   3   6   2   1   4  12  11   1   0   5  0.19 0.21
  178 Y   -2  1 -2 -5 -3  1  0 -3  3 -2 -2 -2 -1  3 -2 -1 -2  0  7 -1    3   6   2   0   1   6   6   2   7   2   4   2   2   9   2   4   3   1  33   4  0.74 0.50
  179 S   -1  1  1 -1 -5  0  0 -1  0 -2 -2  1  0 -5 -1  4  1 -6 -2 -1    4   7   6   4   0   4   5   4   2   2   5   9   3   0   3  29   9   0   1   4  0.31 0.33
  180 P   -2 -7 -2 -4 -8 -1 -4 -4 -7 -5 -5 -6  0 -8  8  0 -2  0 -8 -5    4   0   2   1   0   3   1   1   0   1   2   0   2   0  72   6   2   1   0   1  2.17 1.14
  181 T    1 -1 -2 -2 -1  1 -1 -2  0 -2 -2  0  2 -5 -1  1  4 -6 -5 -1   13   4   2   2   1   6   3   4   3   2   4   5   5   0   3  11  31   0   0   4  0.42 0.39
  182 S    0 -2 -2 -2  0  0  0 -1 -2  0 -4 -2 -5 -4 -3  5  1 -6 -2 -3    9   2   1   2   2   4   5   4   1   6   1   3   0   1   1  46   9   0   2   2  0.71 0.57
  183 P   -3 -4 -5 -5 -3 -4 -4 -2  1 -4 -5 -2 -7 -5  8  0 -2 -9 -8 -3    2   1   1   1   1   1   1   4   3   1   1   3   0   1  69   6   3   0   0   2  2.00 1.08
  184 T    0  0  1 -1  0  1 -1  1 -1 -2 -1 -1 -1 -3 -1  2  3  0 -2 -1    8   4   5   3   2   8   4  11   2   2   6   3   2   1   2  13  18   1   1   3  0.18 0.22
  185 Y   -2 -1 -2 -2 -6 -2 -1 -2  3 -3 -3 -2 -1  2 -1 -3 -2  3  7 -1    4   4   2   2   0   2   5   4   7   2   3   3   2   8   3   2   3   3  37   5  0.86 0.56
  186 S   -1  1  1 -1 -3  0  0 -3  1 -2 -2  1  0 -5  0  4  2 -5 -3 -2    4   6   7   4   1   3   6   1   3   2   4   8   3   0   4  30  10   0   1   3  0.36 0.36
  187 L   -1 -3 -2 -4 -6  1 -2 -3 -6 -4 -1 -3  1 -7  7 -1 -1  1 -3 -2    5   1   2   1   0   6   3   2   0   1   7   1   4   0  52   6   4   2   1   3  1.25 0.76
  188 T    0 -1  0 -2 -2  2 -3  0 -4 -2 -2 -1  2 -2 -1  1  4 -1  0 -1    6   3   5   2   1   8   1   6   0   2   4   3   5   1   3  12  31   1   3   3  0.39 0.39
  189 S   -1  0  0 -1 -1 -1  0 -1  1 -1 -3 -2 -2 -5 -3  5  2 -6 -1 -2    5   5   4   3   1   3   6   4   3   4   2   2   1   0   1  40  11   0   2   3  0.51 0.46
  190 P   -4 -2 -3 -3 -8 -2 -3 -3 -3 -2 -6 -5 -7 -8  8 -2 -2 -8 -8 -4    1   2   2   1   0   2   2   3   1   3   1   1   0   0  74   3   3   0   0   1  2.19 1.14
  191 A    1 -1  0 -1 -2  1  0  1  0 -2 -1  0 -2 -4 -1  2  2  0 -3  0   13   2   3   2   1   8   7   9   2   2   5   5   1   0   2  14  13   1   0   8  0.15 0.21
  192 I    0 -2 -3 -1 -4  0  0 -2  1  0 -1 -1 -1  3  0 -1  0  0  5  0    8   2   1   3   0   5   6   2   3   7   6   3   1  11   4   4   7   1  22   5  0.30 0.28
  193 S    0 -1  1  0 -2  1  0 -1 -1 -2 -1  0  0 -3 -1  3  1 -5 -2 -1    6   3   7   5   1   6   6   4   1   2   5   6   3   1   3  29   8   0   2   4  0.24 0.28
  194 P    0 -6 -2 -4 -7 -2 -4 -3 -7 -4 -3 -1  1 -5  8 -2 -1 -2 -7 -4    7   0   2   1   0   2   1   2   0   1   4   4   3   1  65   3   4   1   0   1  1.75 0.96
  195 D    1 -1  1  3  2  2  1 -2 -4 -5 -4 -1  2 -6 -5  0  4 -6 -5 -4   10   4   6  18   4   9   9   2   0   0   1   3   5   0   0   6  25   0   0   0  0.56 0.47
  196 D    1  0  3  3 -2 -1  1 -3  2 -2 -4 -1 -2 -5 -2  3  0 -6 -4 -3   11   5  12  16   1   1   9   1   5   3   1   3   1   0   2  24   5   0   0   1  0.42 0.37
  197 S    0 -2  2 -3 -5 -1  0 -1 -2 -3 -5 -2 -3 -3  6  3 -1  0 -5 -3    6   2   8   0   0   3   6   5   1   1   1   2   1   1  36  19   4   2   0   1  0.81 0.55
  198 D   -1 -2  3  3 -5  2  2 -2 -1 -4 -5  0 -4 -4 -2  1  2 -5 -3 -4    4   2  13  20   0   9  15   3   1   1   0   4   0   1   2   8  16   0   0   1  0.51 0.40
  199 E    1 -1  1  3 -4 -1  3 -3  0 -1 -2  1 -1  0 -1  0 -1 -4 -1 -1   12   3   7  20   0   1  19   1   2   3   3   7   2   5   2   6   3   0   2   5  0.25 0.24
  200 E   -1 -1 -1  0 -6  4  3 -4  6 -5 -3  3 -4 -5 -3 -2 -4 -5 -1 -3    4   2   2   4   0  21  22   0  19   0   2  18   0   0   1   2   0   0   2   2  0.82 0.51
  201 N   -3 -2  5  1 -5  3  2 -3  3 -5 -5  1 -4 -5 -4  2 -2 -5 -4 -5    0   0  30   6   0  15  11   0   8   0   0  10   0   0   0  19   0   0   0   0  0.76 0.42

                      K         Lambda
Standard Ungapped    0.1151     0.2944
Standard Gapped      0.0410     0.2670
PSI Ungapped         0.1332     0.3174
PSI Gapped           0.0408     0.2670
