
Last position-specific scoring matrix computed, weighted observed percentages rounded down, information per position, and relative weight of gapless real matches to pseudocounts
           A  R  N  D  C  Q  E  G  H  I  L  K  M  F  P  S  T  W  Y  V   A   R   N   D   C   Q   E   G   H   I   L   K   M   F   P   S   T   W   Y   V
    1 M   -5 -6 -7 -8 -6 -5 -7 -8 -6  2  2 -6 10  0 -7 -6 -5 -6 -5  1    0   0   0   0   0   0   0   0   0  10  16   0  62   4   0   0   0   0   0   8  2.20 0.78
    2 R   -5  6  5 -4 -7  0 -4 -5  2 -2 -6  2 -6 -5 -6 -4 -5 -7 -4 -6    0  48  26   0   0   3   0   0   5   3   0  12   0   0   0   0   0   0   1   0  1.54 0.66
    3 I    0 -6 -7 -7 -4 -6 -6 -6 -6  5  3 -6  2 -1 -6 -5 -3  1 -3  2   10   0   0   0   0   0   0   0   0  38  29   0   5   2   0   0   1   2   1  12  1.06 0.47
    4 I   -3 -7 -7 -7 -5 -6 -7 -7 -7  5  2 -6  1  2 -7 -6 -4 -2 -4  5    1   0   0   0   0   0   0   0   0  37  15   0   3   8   0   0   1   1   0  34  1.28 0.54
    5 L   -5 -6 -7 -8 -5 -6 -7 -8 -7  4  5 -7  2  4 -7 -6 -4 -5 -4  1    0   0   0   0   0   0   0   0   0  22  50   0   4  16   0   0   0   0   0   8  1.34 0.56
    6 L   -3 -6 -7 -7 -3 -6 -4 -7 -6  2  5 -6  5  3 -7 -4 -4 -5 -4  0    2   0   0   0   0   0   1   0   0  11  53   0  12  13   0   2   1   0   0   5  1.22 0.54
    7 G   -5 -8 -6 -7 -8 -7 -8  8 -8 -9 -9 -7 -8 -9 -8 -6 -7 -8 -9 -6    0   0   0   0   0   0   0  99   0   0   0   0   0   0   0   0   0   0   0   1  2.99 1.06
    8 A    3 -5 -6 -6  0 -6 -5  0 -7 -6 -2 -3 -4 -7  7 -3 -5 -8 -6 -4   27   1   0   0   2   0   0   8   0   0   4   2   0   0  54   1   0   0   0   1  1.67 0.74
    9 P   -4 -8 -4 -7 -9 -2 -7 -8 -8 -9 -9 -7 -8 -10  9 -6 -3 -10 -9 -8    2   0   1   0   0   2   0   0   0   0   0   0   0   0  93   0   2   0   0   0  3.29 1.20
   10 G   -1 -7 -5 -7 -6 -4 -7  8 -7 -9 -7 -7 -8 -9 -7 -5 -7 -8 -8 -8    4   0   0   0   0   1   0  94   0   0   0   0   0   0   0   0   0   0   0   0  2.70 0.99
   11 A    5 -6 -5 -6  2 -5 -5 -3 -6 -3 -6 -5 -5 -7 -5  5 -3 -7 -6  0   46   0   0   0   4   0   0   1   0   1   0   0   0   0   0  39   1   0   0   7  1.39 0.71
   12 G   -5 -8 -6 -7 -8 -7 -8  8 -8 -10 -9 -7 -8 -9 -8 -6 -7 -8 -9 -9    0   0   0   0   0   0   0 100   0   0   0   0   0   0   0   0   0   0   0   0  3.05 1.10
   13 K   -5 -2 -5 -6 -9 -4 -5 -7 -6 -9 -8  8 -7 -9 -7 -6 -6 -9 -8 -8    0   1   0   0   0   0   0   0   0   0   0  98   0   0   0   0   0   0   0   0  3.05 1.16
   14 G   -4 -5 -6 -6 -8 -6 -5  7 -7 -9 -9 -5 -8 -8 -7 -2 -2 -8 -8 -8    1   1   0   0   0   0   1  90   0   0   0   0   0   0   0   4   3   0   0   0  2.48 0.96
   15 T   -5 -7 -6 -6 -2 -6 -7 -7 -7 -6 -6 -6 -6 -7 -7 -1  8 -8 -5 -4    0   0   0   0   1   0   0   0   0   0   0   0   0   0   0   3  94   0   0   1  2.81 1.16
   16 Q   -5 -5 -5 -6 -8  9 -4 -7  0  0 -2 -4 -3 -3 -7 -6 -6 -7  0  0    0   0   0   0   0  76   0   0   2   6   3   0   1   1   0   0   0   0   4   6  2.25 1.01
   17 A    6 -6 -5 -6  6 -5 -5 -1 -6 -5 -6 -5 -4 -7 -5  3 -1 -7 -6 -4   57   0   0   0  13   0   0   4   0   0   0   0   0   0   0  21   3   0   0   0  1.49 0.71
   18 Q    2  0 -1  0 -4  2  3 -2 -1 -4 -4  3 -3 -5  1  1  0 -5 -4 -3   15   4   2   5   0  10  18   3   1   0   1  16   0   0   6  11   5   0   0   2  0.39 0.29
   19 F   -2  4 -1 -4 -4 -1 -2 -4 -1  0  1  3  1  2 -4 -2 -3 -1  0 -1    3  27   3   0   0   2   2   1   2   7  13  18   3   8   0   2   1   1   3   5  0.47 0.31
   20 I   -4 -7 -7 -7 -5 -6 -7 -7 -7  6  5 -7  1 -3 -7 -6 -5 -6 -5  0    1   0   0   0   0   0   0   0   0  40  51   0   3   1   0   0   0   0   0   4  1.64 0.68
   21 M    3 -2 -4 -4  2 -2 -1 -3 -5  1 -2  1  0 -4 -4  2  0 -5 -4  3   23   1   0   0   4   1   3   1   0   6   3  11   3   0   0  13   4   0   0  25  0.46 0.33
   22 E    0  0  0  2 -6  2  4 -3  0 -6 -5  3 -4 -6 -3 -1 -2 -6 -5 -4    9   5   4   9   0   8  32   1   2   0   0  19   0   0   1   4   2   0   0   1  0.70 0.42
   23 K   -1  3  0  1 -3  1  2 -4  2 -3 -2  4 -2 -4 -4 -2  0 -5 -2 -4    5  13   4   8   0   5  12   0   5   2   3  31   1   1   0   2   5   0   1   1  0.54 0.34
   24 Y   -5 -2 -5 -6 -2 -4 -4 -6  2 -4  2 -5 -2  6 -7 -5 -3  0  7 -5    0   2   1   0   1   1   1   1   4   1  19   0   1  26   0   0   2   1  39   0  1.52 0.66
   25 G   -2 -3  3  1  2  0 -3  5  1 -6 -6  1 -4 -6 -3  0 -4 -6 -5 -6    2   1  13   8   5   4   1  45   4   0   1   8   0   0   2   6   0   0   0   0  0.90 0.46
   26 I   -3 -5 -6 -7 -1 -6 -6 -6 -6  5  3 -6  2  3 -6 -5 -3 -2  0  3    2   0   0   0   1   0   0   0   0  33  26   0   5  13   0   1   1   0   2  16  1.00 0.46
   27 P   -1 -2 -1 -3  4  0 -2 -4 -1 -1 -3  0 -3 -4  6 -2  0 -6 -3  2    5   2   3   1   9   4   3   1   1   3   2   7   0   1  34   2   6   0   1  15  0.73 0.41
   28 Q   -1 -4 -2 -4 -3  4 -4 -6 10 -6 -5 -1 -4 -5 -3 -2 -4 -5  2 -4    5   0   2   1   1  17   0   0  56   0   1   3   0   0   2   3   1   0   5   2  2.04 0.83
   29 I   -5 -6 -7 -7 -5 -7 -7 -8 -7  7  3 -7 -2 -2 -7 -6 -5 -6 -4  2    0   0   0   0   0   0   0   0   0  57  28   0   1   2   0   0   0   0   0  11  1.70 0.68
   30 S    1 -5 -2 -4  0 -5 -3 -3 -6 -7 -7 -5 -6 -7 -6  7 -1 -7 -4 -5   10   0   1   0   2   0   1   1   0   0   0   0   0   0   0  79   3   0   1   1  1.89 0.88
   31 T    0 -6 -5 -6  0 -5 -5 -6 -6 -4 -4 -5 -1 -7 -2  2  7 -7 -6 -1    7   0   0   0   2   0   0   0   0   1   1   0   1   0   3  13  67   0   0   4  1.66 0.79
   32 G   -4 -7 -3 -5 -7 -7 -7  8 -7 -6 -8 -6 -8 -8 -7 -3 -6 -7 -8 -8    1   0   1   0   0   0   0  94   0   1   0   0   0   0   0   2   0   0   0   0  2.66 0.99
   33 D   -3 -5  0  8 -8 -1  1 -5 -3 -8 -8 -4 -8 -8 -6 -4 -4 -9 -8 -7    2   1   5  79   0   3   7   1   1   0   0   1   0   0   0   1   1   0   0   0  2.30 0.92
   34 M   -2 -5 -7 -7 -4 -5 -5 -7 -6  5  4 -5  7 -2 -5 -6 -5 -6 -4  0    4   0   0   0   0   0   0   0   0  26  35   1  25   1   0   0   0   0   0   5  1.34 0.61
   35 L   -6 -7 -8 -8 -6 -7 -7 -8 -7  0  6 -7  0  5 -7 -7 -4 -5 -4  0    0   0   0   0   0   0   0   0   0   3  63   0   1  25   0   0   1   0   0   6  1.65 0.70
   36 R   -7  9 -5 -5 -6 -2 -6 -8 -6 -8 -8 -1 -7 -8 -8 -4 -5 -8 -7 -8    0  93   0   1   0   2   0   0   0   0   0   2   0   0   0   1   1   0   0   0  2.97 1.13
   37 A    4 -1  0  1 -4  1  3 -3  1 -5 -4  1 -4 -3 -4  0 -2  0 -1 -4   38   3   4   7   0   6  16   1   3   0   1   7   0   1   0   7   2   1   2   0  0.58 0.40
   38 A    4 -4  4 -4 -3  1  4 -4  4 -4 -5 -3 -2 -6 -5 -3 -2 -6 -4 -3   33   0  17   0   1   5  27   0   8   1   0   1   1   0   0   1   2   0   0   1  0.95 0.55
   39 V   -3 -3 -5 -7 -3 -4 -6 -7 -7  6 -1 -2  2 -3 -6 -4 -4 -6 -4  5    2   1   0   0   0   1   0   0   0  39   5   3   5   1   0   1   1   0   1  40  1.34 0.60
   40 K    3  1 -1 -1 -4  1  1 -2 -1 -4 -4  5 -3 -5 -4  1 -1 -6 -5 -4   24   7   3   3   0   5   7   2   1   1   1  32   0   0   0   9   3   0   0   1  0.63 0.40
   41 S    2  0  3  0 -3  1  2 -2 -2 -5 -4  1 -2 -4 -4  2 -1 -6 -2 -4   19   5  17   4   0   6  11   3   1   0   2   9   1   0   0  18   2   0   1   0  0.45 0.33
   42 G   -3 -1  1  1 -5  2  1  5 -1 -7 -6  2 -5 -7 -4 -2 -4 -6 -6 -6    1   3   7   6   0   9  10  45   1   0   1  13   0   0   1   3   0   0   0   0  0.93 0.49
   43 S   -5 -5 -3 -4 -6 -5 -4 -3 -6 -6 -6 -4 -6 -7 -5  4  7 -7 -7 -5    0   0   1   1   0   0   1   2   0   0   0   1   0   0   0  25  68   0   0   0  1.97 0.90
   44 E   -1 -4 -4  1 -7 -1  5 -4 -2 -6 -5  0 -4 -6  5 -2 -2 -7 -6 -4    6   1   1   8   0   2  40   1   1   0   1   7   0   0  27   3   2   0   0   1  1.11 0.58
   45 L   -3 -2 -2 -5 -4 -4 -3 -6 -3  2  5 -3  2  0 -6 -5 -3 -4  0  1    2   3   2   1   0   1   2   1   1   8  59   2   5   3   0   1   2   0   3   7  0.95 0.47
   46 G   -2 -6 -4 -5 -7 -7 -6  7 -7 -7 -8 -5 -7 -8 -7 -2 -6 -2 -8 -8    3   0   0   1   0   0   0  90   0   0   0   1   0   0   0   3   0   1   0   0  2.49 0.95
   47 K   -2  2 -1 -1 -2  2  0 -4 -3  0  2  4 -1 -4 -4 -2 -1 -5 -4  0    3   9   2   3   1   8   6   1   0   6  18  29   1   0   0   2   3   0   0   6  0.41 0.30
   48 Q   -1  1 -3 -3 -6  4  3 -5 -2 -1  0  4  1 -5 -4 -3 -1 -6 -3 -3    4   7   1   1   0  16  22   0   1   3   9  25   4   0   0   1   3   0   1   2  0.64 0.41
   49 A    5 -6 -6 -6 -1 -5 -6 -5 -6  3  1 -5  0 -3 -4 -3 -4 -6 -3  2   54   0   0   0   1   0   0   0   0  13  12   0   2   1   1   1   0   0   1  14  1.12 0.58
   50 K   -1  1 -2 -2 -5  2  1 -5 -3 -6 -4  7 -5 -6 -5 -1 -3 -7 -6 -5    6   7   2   2   0  10   8   1   1   0   2  57   0   0   0   4   1   0   0   0  1.27 0.63
   51 D    2  0  0  0 -5  1  3 -1 -1 -4 -4  2 -4 -5  0  2 -1 -5 -4 -3   16   4   4   5   0   6  18   4   1   0   1  13   0   0   4  17   4   0   0   1  0.38 0.29
   52 I   -2 -5 -6 -6 -2 -4 -6 -7  0  4  0 -5  0  3 -7 -5 -2 -3  7  1    4   1   0   0   1   1   0   0   2  21   8   0   2  12   0   1   3   0  36   9  1.17 0.55
   53 M   -5 -7 -6 -8 -6 -6 -7 -8 -7  4  1 -5  9 -5 -7 -5 -3 -7 -5  1    1   0   0   0   0   0   0   0   0  24   9   1  52   0   0   1   2   0   0  10  2.09 0.84
   54 D    0 -2  2  6 -4 -1  3 -5 -2 -6 -6  0 -6 -7 -5  0 -3 -8 -6 -6    8   2   9  46   0   2  16   0   1   0   1   6   0   0   0   7   1   0   0   0  1.13 0.56
   55 A    3  3  1 -3 -4  2  2 -3 -2 -6 -5  3 -4 -5 -5  2 -2 -6 -5 -5   22  15   6   1   0  10  11   1   1   0   0  18   0   0   0  13   1   0   0   0  0.63 0.40
   56 G   -4 -7 -6 -4 -8 -7 -6  8 -8 -9 -9 -6 -8 -9 -8 -5 -5 -8 -9 -9    1   0   0   1   0   0   1  96   0   0   0   0   0   0   0   0   1   0   0   0  2.83 1.04
   57 K   -1 -1  0  2 -4  3  3  1  0 -4 -1  3  0 -5 -4 -2 -4 -6 -4 -4    5   2   5  10   0  13  22  10   2   1   6  20   2   0   0   2   0   0   0   1  0.51 0.34
   58 L   -5 -5 -7 -8 -6 -6 -7 -8 -3 -1  6 -7  0  0 -2 -7 -5 -6  0 -4    1   1   0   0   0   0   0   0   1   3  83   0   1   4   2   0   1   0   3   0  1.81 0.76
   59 V   -4 -8 -8 -9 -6 -8 -8 -8 -8  2 -2 -8 -3 -5 -6 -7 -5 -8 -7  8    1   0   0   0   0   0   0   0   0   8   3   0   1   0   0   0   0   0   0  86  2.39 0.93
   60 T   -5 -6 -4 -2 -3 -5 -5 -4 -6 -8 -8 -6 -8 -9  8  3 -2 -9 -8 -8    0   0   1   2   1   0   0   1   0   0   0   0   0   0  71  19   3   0   0   0  2.37 0.99
   61 D   -5 -7 -1  8 -6 -4 -4 -6 -3 -9 -4 -6 -3 -7 -7 -2 -4 -10 -9 -9    1   0   3  87   0   0   0   0   1   0   2   0   1   0   0   3   1   0   0   0  2.64 1.02
   62 E   -1 -3 -1  5 -5  0  5 -4  0 -6 -7 -2 -4 -6 -4  1 -2 -3 -6 -5    5   1   3  26   0   4  42   1   2   0   0   2   0   0   1  10   2   0   0   0  1.13 0.58
   63 L   -5 -7 -7 -6 -5 -6 -6 -8 -3  5  4 -7  0 -2 -7 -6 -1 -4 -3  4    0   0   0   0   0   0   0   0   1  31  32   0   2   2   0   0   4   0   1  27  1.24 0.55
   64 V   -4 -7 -7 -7 -6 -6 -6 -7 -7  4  0 -6  4 -4 -7 -4  4 -7 -5  5    0   0   0   0   0   0   0   0   0  19   6   0   9   0   0   1  24   0   0  39  1.33 0.63
   65 I   -3 -4  3 -4  0 -3 -4 -5 -4  5  2 -5  1 -2 -6 -2  0 -1 -4  2    2   1  16   1   2   1   1   1   0  31  15   0   3   1   0   3   6   1   0  15  0.71 0.39
   66 A    1  1  1  2 -4  0  2  3 -3 -6 -6  2 -2 -6 -2 -1 -2 -6 -5 -5   12   7   7  13   0   5  12  23   0   0   0  11   1   0   1   5   1   0   0   0  0.51 0.32
   67 L   -4 -7 -8 -8 -3 -7 -7 -8 -7  5  4 -6  7 -3 -8 -7 -4 -7 -6  0    1   0   0   0   0   0   0   0   0  27  39   0  24   1   0   0   1   0   0   6  1.58 0.67
   68 V   -3 -7 -8 -8 -3 -7 -7 -8 -8  5  2 -7  3 -3 -7 -7 -5 -7 -6  6    2   0   0   0   1   0   0   0   0  28  18   0   6   1   0   0   0   0   0  45  1.49 0.64
   69 K    1  3 -1 -1 -2  0  2 -3 -2 -2 -1  4 -2 -3 -5 -1 -1 -3 -3 -2   11  15   3   3   1   4  13   1   1   2   7  27   1   1   0   5   3   0   1   2  0.43 0.30
   70 E   -1 -2  2  4 -7  0  5 -3  0 -7 -6  1 -6 -6 -4  0 -2 -7 -5 -6    6   2   8  23   0   3  34   2   2   0   1   8   0   0   1   7   2   0   0   0  0.88 0.49
   71 R    2  7 -1 -4 -4  0  2 -5 -1 -6 -5  1 -6 -3 -6 -3 -3 -4 -2 -3   15  49   3   0   0   3  11   0   1   0   1   6   0   1   0   1   2   0   2   2  1.15 0.59
   72 I   -6 -7 -7 -8 -3 -6 -6 -8 -7  4  5 -5  4 -1 -7 -7 -1 -6 -2  0    0   0   0   0   0   0   0   0   0  21  56   1   9   2   0   0   3   0   1   6  1.39 0.62
   73 A    2  0  0  1  0  2  1 -1 -1 -3 -2  1 -2 -4 -3  2  0 -5 -3 -3   18   5   3   9   2   9  11   4   1   1   4   9   1   0   1  13   5   0   1   1  0.25 0.22
   74 Q   -1  0  0 -1 -4  5  3 -1 -1 -5 -4  3 -3 -6 -4  0 -1 -3 -4 -5    5   5   4   4   0  25  18   4   1   0   2  19   1   0   0   7   4   0   0   0  0.66 0.41
   75 E    1 -1  1  2 -5 -1  1 -2  0 -1 -1 -1 -1 -3  4  0 -2 -5 -3 -2   11   3   7  11   0   2   8   2   2   4   7   4   2   1  24   6   2   0   1   2  0.38 0.26
   76 D   -3 -2  1  7 -4 -2  1 -2 -3 -5 -5  1 -5 -5 -1  0 -2 -7 -4 -4    3   2   6  52   0   1   8   3   1   1   1   8   0   0   3   7   2   0   1   2  1.13 0.54
   77 C    2 -4 -1  0  8 -2 -2  0 -1 -2 -3 -3 -2 -4 -1 -1  0  2 -2  0   16   1   3   5  32   1   3   6   2   2   2   2   1   1   3   3   6   3   1   7  0.83 0.42
   78 R    2  1  0  0 -3  1  1 -2  0 -3 -3  3 -3 -3 -3  1 -1 -5 -3 -2   18   7   5   4   1   7  10   3   2   1   2  20   1   1   1  11   4   0   1   3  0.31 0.24
   79 N   -1  1  5  1 -4  0 -1 -1  1 -5 -5  4 -4 -5 -3  0 -1 -5 -2 -3    4   8  25   6   0   5   4   5   3   0   1  24   0   0   1   7   3   0   1   2  0.61 0.36
   80 G   -4 -3 -2 -3 -4 -4 -5  7 -3 -5 -6 -2 -6 -5 -4 -1 -4 -2 -5 -5    1   1   2   1   0   1   1  77   1   1   1   3   0   0   1   5   1   1   0   1  1.83 0.72
   81 F   -3 -8 -7 -9 -1 -8 -8 -8 -7 -1 -3 -8 -4  8 -9 -8 -7  8  3  0    2   0   0   0   2   0   0   0   0   4   2   0   0  57   0   0   0  17  10   7  2.27 0.88
   82 L   -6 -7 -8 -8 -6 -7 -8 -8 -8  6  4 -7  0 -3 -8 -7 -5 -7 -6  2    0   0   0   0   0   0   0   0   0  46  42   0   2   1   0   0   0   0   0  10  1.70 0.67
   83 L   -6 -7 -8 -8 -4 -7 -8 -8 -7  2  6 -7 -1  4 -8 -7 -6 -3 -5 -2    0   0   0   0   0   0   0   0   0   9  72   0   1  16   0   0   0   0   0   1  1.79 0.71
   84 D   -8 -4 -2  9 -9 -6 -3 -7 -2 -9 -10 -7 -9 -10 -7 -3 -7 -10 -9 -9    0   1   1  94   0   0   1   0   1   0   0   0   0   0   0   2   0   0   0   0  3.10 1.11
   85 G   -6 -5 -6 -3 -8 -8 -8  8 -8 -10 -10 -7 -9 -9 -8 -6 -7 -8 -9 -9    0   1   0   2   0   0   0  97   0   0   0   0   0   0   0   0   0   0   0   0  2.94 1.05
   86 F   -8 -8 -9 -9 -2 -8 -9 -9 -6 -5 -5 -9 -3  9 -9 -8 -8 -4  6 -4    0   0   0   0   1   0   0   0   0   0   0   0   0  74   0   0   0   0  23   1  2.99 1.03
   87 P   -7 -9 -8 -8 -9 -8 -7 -9 -9 -5 -9 -7 -9 -10  9 -5 -7 -10 -9 -6    0   0   0   0   0   0   0   0   0   1   0   0   0   0  98   1   0   0   0   1  3.61 1.28
   88 R   -7  9 -3 -8 -4 -5 -6 -8 -2 -9 -6 -2 -7 -9 -8 -7 -4 -9 -8 -8    0  95   1   0   0   0   0   0   1   0   1   2   0   0   0   0   1   0   0   0  3.11 1.12
   89 T   -5 -6  4 -3 -4 -5 -1 -6 -2 -6 -7 -4 -6 -8 -7  0  7 -8 -7 -5    0   0  16   1   0   0   4   0   1   0   0   1   0   0   0   5  70   0   0   0  1.96 0.86
   90 I   -1 -1 -4 -4 -3 -3 -1 -5 -2  4  2 -3  1 -3 -3 -3  0 -5 -2  4    5   4   0   1   0   1   5   1   1  22  20   2   3   0   1   1   6   0   2  26  0.53 0.31
   91 P    2 -1  0  1 -3 -1  2 -1 -2 -2 -4  0 -3 -2  3  0 -1 -5 -2 -1   22   3   4   8   0   2  14   3   1   2   1   5   0   1  16   7   3   0   1   6  0.33 0.25
   92 Q   -7 -5 -1 -7 -9  9 -4 -8 -6 -9 -6 -5 -7 -10 -8 -6 -4 -8 -8 -9    0   0   3   0   0  95   0   0   0   0   1   0   0   0   0   0   1   0   0   0  3.37 1.28
   93 A    7 -2 -6 -6 -1 -5 -5 -1 -7 -5 -4 -6 -4 -7 -6 -3 -4 -8 -7 -1   81   3   0   0   1   0   0   5   0   0   2   0   0   0   0   1   1   0   0   5  1.82 0.80
   94 D   -1  0 -2  2 -5  2  5 -4  0 -1 -4  2 -2 -5 -5 -3 -2 -6 -4 -1    5   4   1  12   0   7  43   1   2   4   2  11   1   0   0   1   2   0   1   4  0.80 0.45
   95 A    5 -3 -3 -4 -4 -2  0 -2 -1 -1 -1  1  2  2 -5 -1 -2 -2 -2 -3   46   1   1   1   0   2   6   2   2   3   5   7   5   9   0   4   2   1   1   1  0.60 0.39
   96 M   -6 -7 -8 -9 -6 -7 -8 -9 -7 -2  6 -8  2  3 -8 -7 -5 -2 -3 -2    0   0   0   0   0   0   0   0   0   1  79   0   4  11   0   0   0   1   1   2  1.92 0.76
   97 K   -1 -2 -1  5 -3  0  4 -3 -2 -4 -4  2 -4 -3 -4 -1 -2 -1 -4 -3    5   2   2  36   1   3  22   2   1   1   2  12   0   1   0   4   2   1   0   2  0.81 0.42
   98 E    0  0  0  2 -6  1  5 -3 -2 -5 -5  3 -4 -6 -4  0  0 -6 -5 -4    9   5   4  12   0   5  33   2   1   0   1  16   0   0   0   7   5   0   0   1  0.70 0.40
   99 A    1  0 -1 -3 -3 -1  0 -3  1  2  2  0  5  0 -5 -2 -2 -3 -3 -1   11   4   4   1   0   3   6   1   3  11  23   5  17   4   0   3   2   0   0   2  0.35 0.25
  100 G   -3 -3  2 -1 -3 -2 -3  5 -2 -1  1  0 -1 -3 -4 -2 -3 -5 -3 -1    1   1  12   4   1   1   1  42   1   4  15   6   1   1   1   2   1   0   1   5  0.64 0.33
  101 I    0  0 -2 -2  2  2  0 -3  0  2  0  0  0 -1 -3 -2  1 -3 -1  1    7   5   1   2   4  12   6   2   2  14   9   6   2   3   0   2  10   0   2  11  0.13 0.14
  102 N    0  1  1  1 -3  1  2 -3  0 -3 -5  4 -3 -3  3  0 -1 -6 -4 -3    7   6   6   7   1   7  11   2   2   1   1  24   0   1  14   7   3   0   0   2  0.44 0.29
  103 V   -3 -5 -3 -5  1 -4 -5 -6 -5  4  4 -3 -1 -2  3 -4 -3 -4 -2  2    1   0   1   1   3   0   0   0   0  27  34   1   1   1  13   1   1   0   1  11  0.84 0.41
  104 D   -3 -4  2  7 -5 -1  0 -4  0 -5 -4 -3 -6 -5 -5 -1  0 -5 -3 -4    2   1  10  58   0   3   6   1   2   0   2   2   0   1   0   5   5   0   1   1  1.36 0.59
  105 Y    2  1 -3 -3  2 -1 -3 -1  2 -1  1  1  0  1 -4 -1 -1 -1  2  0   22   7   1   0   4   3   0   4   6   3  13   8   2   5   0   2   3   1   7   7  0.18 0.18
  106 V    2 -6 -6 -7 -2 -3 -6 -6 -6  1 -2 -6  1  0 -6 -4 -2 -6 -3  6   14   0   0   0   1   1   0   0   0   7   3   0   3   4   0   1   3   0   1  62  1.37 0.60
  107 L   -4 -6 -7 -7 -3 -6 -6 -4 -6  6  3 -6 -1  0 -5 -6 -5 -6 -3  3    1   0   0   0   0   0   0   1   0  39  30   0   1   3   1   0   0   0   1  21  1.25 0.52
  108 E   -2 -3  4  0 -3 -1  4 -4  0 -4 -1 -3 -3  2 -5  0 -3 -3  3 -1    4   1  22   4   1   2  25   1   2   0   8   1   0   8   0   6   1   0  11   4  0.59 0.37
  109 F   -5 -3 -7 -7 -5 -6 -6 -7 -6  4  5 -4  0  5 -6 -6 -5 -5 -2  0    0   1   0   0   0   0   0   0   0  20  49   1   2  19   0   0   0   0   1   5  1.27 0.53
  110 D   -1 -1  1  5 -4  1  3 -4  0 -3 -4  0 -4 -3 -4  0 -1 -6 -3  0    4   3   6  30   0   5  19   1   2   1   2   7   0   1   0   5   4   0   1   8  0.56 0.32
  111 V    0 -6 -6 -7  3 -4 -6 -6 -7  2  0 -6 -1 -3 -6 -4 -2 -6 -5  6    7   0   0   0   5   1   0   0   0  11   9   0   1   1   0   1   2   0   0  61  1.38 0.58
  112 P   -1 -3  0  4 -6 -4 -1 -3 -3 -6 -6 -3 -6 -6  6  1 -3 -7 -4 -6    5   2   5  24   0   1   4   2   1   0   0   2   0   0  43  10   1   0   1   0  1.28 0.58
  113 D   -3  0 -1  6 -6 -1  4 -5  0 -5 -2 -1 -3  0 -1 -3 -2 -4 -2 -4    2   5   3  40   0   2  23   0   2   1   4   3   1   5   4   1   2   0   1   1  0.88 0.45
  114 E    0 -2  0  4 -6  0  5 -3 -2 -6 -6 -1 -6 -6 -4  1 -2 -3 -4 -4    6   2   4  25   0   3  39   1   1   0   0   4   0   0   0   9   3   0   0   1  0.97 0.50
  115 L    0 -3 -2 -2 -1 -2  3 -4 -4  2  0 -1 -1 -3 -4 -2  1 -5 -2  3    8   1   2   2   1   1  23   0   0  12  11   3   1   1   0   3   7   0   1  24  0.42 0.29
  116 I   -3 -5 -6 -4 -5 -6 -6 -6 -6  4  5 -6  3 -4 -3 -4 -2 -6 -5  2    2   0   0   1   0   0   0   0   0  25  47   0   7   0   1   1   2   0   0  11  1.13 0.49
  117 V   -3 -2 -5 -3 -4 -3  0 -3 -5  4  1 -1  2 -1 -5 -4 -1 -5 -3  5    1   2   0   1   0   1   6   2   0  23  13   3   4   3   0   0   3   0   1  35  0.70 0.36
  118 D    0  2  0  2 -4  1  4 -2  0 -5 -5  3 -4 -5 -4 -1 -1 -6 -5 -4    8   9   5  12   0   6  28   2   2   0   1  17   0   0   0   4   4   0   0   1  0.62 0.36
  119 R   -7  9 -6 -7 -8 -4 -4 -6 -6 -8 -7  0 -4 -8 -7 -6 -6 -8 -7 -3    0  91   0   0   0   0   1   0   0   0   0   4   0   0   0   0   0   0   0   2  2.88 1.04
  120 I   -3 -6 -6 -7  1 -5 -6 -6 -2  5  4 -6  4 -2 -6 -5 -3 -6 -4  1    1   0   0   0   3   0   0   0   1  28  42   0   9   1   0   1   1   0   0  10  1.14 0.49
  121 V    0 -3 -3 -3  2 -2  0 -2 -4 -1  2 -1  1 -4 -4  3  3 -5 -4  1    8   1   1   1   4   1   6   3   0   2  21   3   3   0   0  21  16   0   0   8  0.35 0.28
  122 G    0 -4  1 -2 -5 -2 -1  6  0 -5 -3  1 -5 -5 -5 -1 -3 -4 -3 -5    7   1   6   2   0   1   4  57   2   0   3   8   0   0   0   5   1   0   1   0  1.07 0.49
  123 R   -7  9 -6 -7 -8 -3 -5 -7 -3 -5 -7 -3 -6 -8 -7 -6 -6 -7 -7 -5    0  94   0   0   0   1   0   0   1   1   0   0   0   0   0   0   0   0   0   1  3.06 1.08
  124 R   -1  6 -1 -3 -3 -2 -3 -3 -2 -1  1 -2 -2  0 -3 -2 -2  6  1 -1    5  39   3   1   1   1   1   2   1   4  12   1   1   4   1   2   2  10   5   3  0.72 0.32
  125 V    0 -2 -2 -3 -1 -2 -2 -3 -3  3  1 -2  0 -1 -3 -1  2  0 -1  3    6   2   1   1   1   2   2   2   1  21  10   2   2   2   1   5  15   1   2  20  0.32 0.17
  126 H   -2 -3 -2  2  9 -1 -1 -3  7 -3 -3 -2 -3 -3 -3 -2 -3 -3 -3 -3    3   1   2  10  36   3   4   3  23   1   3   3   1   1   1   2   2   0   1   2  1.43 0.45
  127 A    0  2 -2 -2 -3 -1  0 -1 -2 -2  0  1 -1 -3  5  0 -1 -3 -3 -1    8  10   2   2   0   3   6   4   1   2   8   9   1   1  26   8   3   0   1   5  0.38 0.19
  128 P    1 -1  1  0 -2  0  0  0 -1 -1 -2  1 -1 -2  1  1  0 -2 -2  0   15   2   8   5   1   5   5   7   1   4   4   9   1   1   8  10   4   0   1   8  0.11 0.08
  129 S   -1 -3 -2 -1  9 -2 -3 -2 -3 -3 -3 -3 -3 -3 -2  3  2 -3 -3 -3    3   2   2   3  36   1   2   2   1   1   2   2   1   1   2  24  10   0   1   2  1.16 0.42
  130 G   -1 -3  1 -2 -3 -1 -3  6 -2 -4 -3 -1 -3 -4 -3 -2 -3 -3 -3 -3    4   2   6   2   1   3   2  62   1   1   3   4   1   1   2   2   1   0   1   2  1.14 0.41
  131 R    2  5  0 -1 -3  0  1 -1  1 -3 -2  1 -1 -2 -2 -1  0 -3 -2 -2   17  30   4   3   0   3   8   3   3   2   3   8   1   1   1   4   5   0   2   2  0.41 0.22
  132 V   -1 -1  0 -1 -1 -1 -2  0 -1  2 -2 -2  0 -2 -1  1  3 -3 -2  2    5   3   5   2   1   2   2   6   2  14   3   1   2   1   3  11  18   0   1  18  0.21 0.15
  133 Y   -3 -3 -2 -3  0 -3 -3 -3 -2 -3 -3 -3 -3  3 -2 -3 -3 -1  8 -1    3   1   2   1   2   1   2   2   1   2   3   1   1  10   2   2   2   1  58   4  1.58 0.52
  134 H   -2 -2  5 -2 -3 -1 -3 -3  9 -3 -3 -2 -3 -3 -2 -2 -2 -3 -2 -2    4   2  23   2   1   2   2   2  45   1   2   2   1   1   2   3   2   0   1   4  1.50 0.49
  135 V   -1 -1 -1  0 -2 -1  0 -2 -2  2  1  0  0 -2 -2 -1  1 -2 -1  2    3   2   3   6   1   2   5   2   1  15  16   7   2   1   2   3  10   0   2  18  0.16 0.11
  136 K    0  0 -1  0 -2  0  1 -1  0  0  0  1  0  0 -1  0  0 -2  1  1    6   3   2   6   1   3  12   3   3   7  10  13   1   3   2   4   6   0   5  10  0.05 0.06
  137 F   -1 -3  0 -1 -2 -2 -1 -2  0 -1 -2 -3  0  6 -2  0 -1  0  5 -2    5   1   5   3   1   2   4   4   2   3   4   2   2  31   2   6   4   1  18   2  0.60 0.26
  138 N    0  0  5  1 -2 -1 -1 -2  0  0 -1  1  0 -1 -2  0 -1 -3 -2 -1    7   4  31   7   1   2   2   2   2   5   5   9   2   3   2   6   4   0   1   4  0.36 0.20
  139 P   -1 -1 -2  0 -3 -1 -2 -3 -3 -3 -3  0 -2 -4  7 -2 -2 -4 -3 -3    6   3   2   5   0   3   2   2   1   2   3   6   1   1  54   2   3   0   1   2  1.21 0.45
  140 P   -1 -3 -3 -3 -2 -2 -1 -3 -3 -1 -3 -3 -3 -3  7  0 -1 -2 -3 -2    5   1   1   2   1   1   4   2   1   3   3   2   1   1  56   6   5   1   1   3  1.30 0.47
  141 K    0  1 -2 -1 -3  0  1 -2 -2 -2 -1  5 -2 -3  1 -2 -1 -3 -3 -2    7   7   2   3   1   4   7   3   1   3   6  40   1   1   6   3   3   0   1   3  0.52 0.26
  142 V    0 -1 -1 -1 -2  0  1 -1 -2  0 -1  1 -1 -2  0 -1  0 -3 -2  3    6   3   3   3   1   4  12   4   1   5   4  10   1   1   4   4   7   0   1  25  0.16 0.14
  143 E    0 -2  0  2 -2  0  4 -1 -1 -2 -1  0 -2 -2  3 -1 -1 -3 -2 -2   10   2   4  11   1   3  25   4   2   2   5   4   1   2  14   3   3   0   1   3  0.34 0.21
  144 G   -1 -2  1  1 -2 -2  1  5 -2 -2 -2 -2  2 -2 -2 -1 -2 -1 -2 -2    3   2   7   7   1   2   8  41   1   2   5   3   5   2   2   3   2   1   1   3  0.53 0.25
  145 K   -1  1 -2 -2 -2 -1 -1 -2 -2  2 -1  3 -1 -1 -1 -2  0 -3 -1  2    4   8   2   2   1   2   4   2   1  14   6  19   1   2   3   2   6   0   2  18  0.21 0.15
  146 D   -3 -1 -3  4  9 -2 -2 -3 -3 -3 -3 -2 -3 -3 -1 -3 -3 -4 -3 -3    2   4   1  26  40   2   3   2   1   1   3   3   1   1   4   2   2   0   1   2  1.40 0.49
  147 D   -2  0 -1  7 -2 -2  0 -2 -2 -2 -2 -1 -1 -3  0 -2 -2 -4 -3 -3    3   4   2  52   1   2   5   3   1   3   4   3   1   1   5   3   2   0   1   2  0.96 0.39
  148 V    0  1  0 -1 -1  0  0 -2 -1  1  0  1 -1 -1 -2 -1 -1 -2 -1  2    7   7   5   4   1   3   7   3   1  11   7  11   1   2   1   4   3   0   2  20  0.09 0.09
  149 T   -2  0 -2  1  9 -3 -2 -3 -3 -2 -2 -2 -3 -3 -3 -2  4 -3 -3 -1    3   5   2   7  36   1   2   2   1   2   4   3   1   1   1   2  23   0   1   4  1.14 0.43
  150 G   -1  0 -1 -2 -1 -1 -1  6 -1 -3 -2 -1 -1 -3 -2 -1 -3 -2 -3 -3    5   5   3   2   1   3   3  54   2   1   4   3   1   1   2   4   1   1   1   2  0.85 0.36
  151 E    1 -3 -2 -1 -4  0  4  4 -2 -4 -4 -2 -3 -4 -3  1 -1 -3 -4 -3   12   1   1   2   0   4  25  27   1   1   2   2   0   1   1  12   3   0   0   2  0.57 0.34
  152 E   -1  2 -1  1 -4  0  4 -2 -1 -3 -3  2 -3 -3  4 -2 -1 -4 -3 -3    6  10   2   8   0   4  24   2   1   1   2  11   1   1  18   2   4   0   1   2  0.51 0.31
  153 L   -3 -4 -5 -5 -3 -3 -2 -5 -5 -1  5 -4  1  1 -5 -3  0 -3 -1  0    2   1   1   1   1   1   3   1   0   3  63   1   3   5   1   1   6   0   2   5  1.01 0.47
  154 T   -2 -2 -3 -3 -3  0  0 -4 -2  3 -2  0  0  0 -3  1  0 -3  3  3    2   2   1   1   0   4   7   1   1  20   2   6   2   3   1  10   7   0  11  20  0.35 0.26
  155 T   -3  2 -3 -3 -4  6 -3  2 -1  0 -3  0 -3 -6 -4 -2  0 -4 -3 -2    2  10   1   1   0  41   1  17   1   5   2   6   0   0   1   2   6   0   1   3  0.90 0.53
  156 R   -7  9 -4 -7 -9 -4 -6 -8 -2 -9 -8 -4 -7 -8 -8 -5 -7 -8 -5 -8    0  96   1   0   0   1   0   0   1   0   0   0   0   0   0   1   0   0   0   0  3.20 1.24
  157 K    2 -3 -2  3 -5 -1  2 -4 -3 -4 -4  2 -4 -4  2  3 -1 -6 -4 -1   18   1   1  15   0   2  11   1   1   1   1  11   0   1  10  19   2   0   1   5  0.46 0.36
  158 D   -6 -5 -3  9 -9 -6 -2 -7 -5 -8 -9 -5 -8 -9 -7 -5 -5 -9 -8 -8    1   1   1  94   0   0   2   0   0   0   0   0   0   0   0   0   1   0   0   0  3.05 1.17
  159 D   -6 -8 -5  9 -9 -6 -3 -7 -7 -9 -9 -7 -9 -9 -7 -6 -7 -10 -9 -9    0   0   0  98   0   0   1   0   0   0   0   0   0   0   0   0   0   0   0   0  3.33 1.27
  160 Q   -3  0  5 -1 -3  2 -1 -5  0 -6 -5  3 -4 -5 -4  0  4 -7 -6 -5    2   5  30   2   0   8   3   0   2   0   0  17   0   0   0   5  23   0   0   1  0.92 0.54
  161 E    0 -2 -5 -1 -7 -2  6 -5 -1 -1 -3 -1 -3 -5  4 -4 -5 -7 -4 -2    9   2   0   3   0   1  45   0   2   3   3   3   1   0  23   1   0   0   1   3  1.08 0.61
  162 E   -1 -5 -2  3 -8 -2  7 -5 -4 -7 -7 -2 -5 -8 -4 -2 -3 -8 -6 -4    6   0   2  14   0   1  67   1   0   0   0   1   0   0   1   2   2   0   0   1  1.68 0.82
  163 T    2 -3 -2 -6 -4 -4 -4 -5 -6  0 -4  0 -4 -5 -6  0  5 -7 -6  4   16   1   2   0   0   0   1   0   0   5   0   5   0   0   0   6  39   0   0  25  0.97 0.58
  164 V   -2 -7 -8 -8 -3 -7 -7 -8 -4  6  1 -7 -1  1 -7 -6 -5 -3 -4  5    3   0   0   0   0   0   0   0   1  40  12   0   1   6   0   0   0   0   0  37  1.45 0.64
  165 R    0  5 -2 -2 -5  1  0 -3 -1 -2 -2  4 -2 -6 -4 -2 -1 -5 -4 -2    7  32   2   2   0   5   5   2   2   2   4  29   1   0   0   3   3   0   0   3  0.77 0.45
  166 K    0  2  3 -2 -5  1  1 -4  3 -3 -4  5 -5 -6 -4 -1  0 -6 -4 -2    6  10  12   2   0   6   8   1   6   2   1  32   0   0   0   5   6   0   0   3  0.61 0.40
  167 R   -7  9 -6 -8 -9 -5 -6 -4 -6 -9 -6 -4 -7 -9 -8 -7 -7 -9 -8 -9    0  97   0   0   0   0   0   2   0   0   1   0   0   0   0   0   0   0   0   0  3.27 1.25
  168 L   -6 -7 -8 -8 -6 -2 -7 -8 -1  1  6 -7  3  0 -7 -6 -6 -3 -2 -2    0   0   0   0   0   2   0   0   2   7  76   0   6   3   0   0   0   0   2   2  1.65 0.72
  169 V    0  2  1  3 -5  2  3 -2 -1 -3 -4  2 -1 -5 -4 -1 -2 -6 -4 -2    9   9   5  15   0   9  21   2   1   1   1  13   2   0   0   5   1   0   0   3  0.46 0.32
  170 E    1 -4 -3 -3 -4 -1  1 -4 -4  2 -1 -1 -3 -5 -5 -1  1 -6 -5  5   10   1   1   2   0   3  11   1   0  11   4   3   0   0   0   5  10   0   0  39  0.60 0.39
  171 Y   -7 -7  0 -8 -8 -6 -8 -9  0 -7 -7 -8 -7  4 -9 -7 -7 -3 10 -7    0   0   4   0   0   0   0   0   2   0   0   0   0  13   0   0   0   0  80   0  3.16 1.19
  172 H   -2  3  2 -1 -6  0  1 -5  7 -1 -3  1 -1 -2 -5 -2 -3 -1  3 -3    4  14   9   4   0   4  10   0  26   4   2   7   1   2   0   2   1   1  10   1  0.74 0.42
  173 Q    1  0  0  2 -6  2  4 -4 -3 -5 -4  3 -3 -4 -3  1  0 -6 -5 -4   11   5   5   9   0   8  28   1   0   0   1  16   0   1   1   8   5   0   0   0  0.57 0.38
  174 M   -2 -2  2 -2 -4  6  2 -5 -1 -4 -2  2  1 -4 -5  0  0 -2 -1 -3    3   1   8   1   0  36  14   0   1   1   4  11   3   1   0   6   5   1   2   1  0.79 0.50
  175 T   -1 -6 -1 -5 -4 -5 -4 -4 -4  0 -4 -4  0 -4 -6  0  7 -7 -5 -2    5   0   3   0   0   0   1   1   0   5   1   1   2   1   0   6  70   0   0   3  1.64 0.81
  176 A    3  0 -2 -1 -4  2  3 -2 -3 -3 -2  2 -1 -3 -4  1 -1 -4 -3 -2   25   4   2   2   0   9  18   3   0   1   5  11   1   1   0  10   3   0   1   2  0.36 0.30
  177 P   -1 -6 -6 -3 -5 -4 -2 -3 -3 -5 -6 -3 -7 -7  8 -3 -4 -5 -6 -4    6   0   0   1   0   1   4   2   1   1   1   1   0   0  77   2   1   0   0   2  2.33 0.99
  178 L   -4 -7 -7 -8 -4 -6 -7 -8 -7  2  5 -7  0 -4 -7 -6 -3 -6 -5  4    1   0   0   0   0   0   0   0   0  11  58   0   1   0   0   0   1   0   0  27  1.45 0.65
  179 I   -1 -1 -5 -5 -2 -4 -1 -6 -5  5  2  0  0 -3 -5 -2 -2 -6 -4  3    5   4   0   0   1   1   5   0   0  36  20   5   2   1   0   3   1   0   0  16  0.72 0.40
  180 G    0 -1  1  5 -5  1  3  0 -1 -5 -4 -1 -5 -6 -1  0 -2 -6 -3 -5    7   2   6  32   0   5  20   8   2   0   1   4   0   0   3   5   2   0   1   1  0.68 0.40
  181 Y   -4 -4 -6 -6 -5 -5 -6 -7  4 -3 -3 -5 -4  5 -7 -5 -4  2  8 -2    1   1   0   0   0   0   0   0  10   1   3   0   0  23   0   0   1   2  52   2  2.01 0.82
  182 Y   -7 -7 -7 -8 -8 -7 -7 -8 -4 -7 -6 -7 -6  2 -8 -7 -7 -4 10 -7    0   0   0   0   0   0   0   0   0   0   1   0   0   6   0   0   0   0  91   0  3.57 1.28
  183 S    0  3 -1 -1 -5  2  2 -1 -1 -4 -4  3 -3 -3 -3  1 -1 -4 -1 -4    8  17   2   3   0   9  15   5   1   1   1  19   1   1   1  10   3   0   2   1  0.45 0.30
  184 K    1  0  2  2 -3  1  2 -2 -1 -4 -4  3 -3 -4 -3  0 -1 -4 -4 -4   14   5   8  13   0   7  13   2   1   1   1  22   1   0   1   7   2   0   0   1  0.43 0.28
  185 E   -1  3 -2 -2 -3  3  1 -3 -1 -3 -1  4 -1 -3 -3 -1 -1  1 -3 -3    6  17   1   1   1  15   8   2   1   2   7  24   1   1   1   4   4   2   1   2  0.47 0.28
  186 A    0 -2 -2 -2 -2 -2 -2  6 -1 -3 -3 -1 -2 -3 -2 -1 -2 -3 -3 -2    8   2   2   2   1   2   3  55   1   2   3   4   1   1   2   5   2   0   1   2  0.87 0.32
  187 E    0  0  0  0  0  0  0  0  0  0  0  0  0 -1  0  0  0 -1  0  0    9   4   5   5   2   5   6   6   2   6  10   9   2   3   4   7   5   1   3   7  0.02 0.00
  188 A    0  0  0  0 -1  0  0  0  0  0  0  0  0  0  0  0  0 -1  0  0    8   5   4   5   2   4   6   6   2   5  14   7   2   4   4   6   5   1   2   8  0.01 0.15
  189 G    0  0  0  0  0  0  0  1  0 -1  0  0  0  0  0  0  0  0  0  0    9   4   5   5   2   3   5  14   3   4   9   7   2   4   4   6   5   1   3   6  0.02 0.00
  190 N    0  0  1  1 -1  0  0  0  0 -1 -1  0 -1 -1  0  0  0 -1  0 -1    8   5  10   7   1   4   7   8   3   4   7   5   2   3   4   7   6   1   2   5  0.04 0.01
  191 T    0  0  2  1 -1  0  0  0  0 -1 -1  0 -1  1  1  0  0 -1 -1 -1    5   5  11   7   2   4   5   8   2   4   7   4   2   8   8   6   6   1   2   4  0.05 0.03
  192 K   -2  1 -1 -2 -1 -1 -1 -3 -1  2  2  4  0 -3 -3 -2 -2 -3 -3  1    3   6   2   2   1   3   4   2   1  14  17  26   2   1   1   2   2   0   1   9  0.32 0.22
  193 Y   -4 -4 -5 -4 -1 -4 -5 -3  0  0  5 -5  0  1 -4 -3 -2  3  4  1    1   1   0   1   1   1   1   2   3   4  48   1   1   5   1   2   2   4  12  11  0.82 0.41
  194 A   -1  1 -1 -3 -1  0 -1 -3  4  1 -1  1 -1  0 -1  0  0 -1  1  1    5   9   2   1   1   3   3   1  11  11   5  10   1   4   3   6   6   1   5  13  0.15 0.15
  195 K   -1  2  0 -1 -2  0  2 -2  1 -2 -3  2 -2 -3 -2  1  3 -4 -2 -1    4  14   3   3   1   3  14   3   3   2   2  11   1   1   2   9  18   0   2   5  0.28 0.23
  196 V   -4 -6 -6 -6 -3 -6 -6 -7 -6  6 -1 -6 -2 -1 -6 -4 -2 -6 -5  5    1   0   0   0   0   0   0   0   0  41   6   0   1   3   0   1   2   0   0  43  1.53 0.65
  197 D   -4 -5  5  7 -4 -2  0 -5 -1 -6 -6 -3 -6 -5 -2  0 -4 -7 -6 -5    1   0  22  55   0   1   5   0   1   0   1   2   0   1   2   6   1   0   0   1  1.59 0.72
  198 G    4 -6 -4 -5 -4 -6 -5  6 -6 -7 -6 -5 -5 -6 -6 -1 -5 -7 -7 -5   29   0   0   0   0   0   1  62   0   0   1   1   0   0   0   4   1   0   0   1  1.69 0.75
  199 T   -1 -1  2  2 -3  0  1 -3 -2  0  0 -2  3 -2 -3  1  2 -4 -2  0    5   3  12  10   0   3  11   1   1   4   8   1   9   1   1  11  12   0   1   7  0.22 0.22
  200 K    0  2 -2 -3 -4  4 -1  4 -2 -5 -2  2 -1 -5 -1 -2 -2 -2 -4 -3    7  10   2   1   0  20   3  31   1   0   4  10   1   0   3   2   2   1   0   2  0.61 0.40
  201 P    0 -3 -1  3 -5 -2  1  0 -3 -6 -6 -1 -4 -6  3  4  2 -6 -5 -5    6   1   3  14   0   1  10   6   0   0   0   3   0   0  14  27  13   0   0   0  0.63 0.43
  202 V   -2 -4 -5 -5 -5 -3 -3 -5 -5  5  0 -2  2 -3  3 -3 -2 -6 -4  3    3   1   0   0   0   1   2   1   0  34   7   3   5   1  16   1   2   0   0  22  0.85 0.45
  203 A   -1 -3  0  6 -7 -1  4 -3 -1 -6 -6  0 -5 -6  0 -1 -2 -7 -4 -4    5   1   5  38   0   2  26   2   2   0   0   5   0   0   4   5   2   0   1   1  1.00 0.55
  204 E    0 -2 -1  3 -6  1  5 -3 -3 -3 -4  0 -3 -4 -4 -1  0 -7 -5 -1    8   2   3  14   0   7  41   1   1   1   1   6   1   1   0   4   5   0   0   6  0.74 0.47
  205 V   -5 -8 -8 -8 -5 -6 -8 -8 -8  5 -3 -7 -4 -5 -8 -3 -2 -8 -6  7    0   0   0   0   0   0   0   0   0  27   2   0   0   0   0   2   2   0   0  66  2.00 0.86
  206 R   -1  0 -2 -5 -5  0 -2 -5  0 -4 -3 -1 -2  5 -6  0  3  6  3 -3    5   5   2   0   0   4   2   0   3   0   2   3   1  27   0   8  20   9   8   1  0.81 0.48
  207 A    3  0  0  1 -3  2  2 -1 -2 -4 -4  2 -4 -6  1 -1 -2 -6 -4 -3   24   5   5   7   1  10  16   3   1   1   1  12   0   0   7   4   2   0   0   2  0.41 0.32
  208 D    0  3  0  3 -2  2  3 -4 -1 -4 -4  2 -3 -3 -4  1 -1 -6 -2 -4    8  17   5  16   1   7  17   1   1   1   2  10   1   1   0   8   3   0   1   1  0.47 0.34
  209 L   -2 -7 -8 -8 -4 -7 -7 -8 -8  7  2 -7  0 -3 -7 -6 -3 -7 -6  3    3   0   0   0   0   0   0   0   0  53  20   0   2   1   0   0   1   0   0  20  1.58 0.69
  210 E   -1  0 -1  0  2  0  2 -3 -2  0  1  2  0  0 -4 -1 -1 -4 -2  0    4   6   2   6   5   5  14   1   1   4  19  13   2   4   0   4   3   0   1   6  0.15 0.16
  211 K    2  1  0  0 -4  1  2 -1 -2 -5 -5  3 -4 -5 -3  2 -1 -4 -5 -4   19   7   5   5   0   6  14   3   1   0   0  20   0   0   1  13   4   0   0   1  0.46 0.35
  212 I    3 -3 -4 -5  0 -1 -3 -4 -3  3  1 -1  0 -1 -5 -2 -2 -4 -2  3   31   1   0   0   2   2   1   1   1  20  10   3   2   2   0   2   2   0   2  18  0.54 0.36
  213 L   -5 -7 -8 -8 -6 -7 -8 -8 -7  4  6 -7  0  2 -8 -6 -5 -6 -4 -2    0   0   0   0   0   0   0   0   0  18  70   0   1   7   0   0   0   0   0   2  1.71 0.74
  214 G    3 -5  3 -4 -5 -4 -4  5 -5 -6 -6 -4 -5 -6 -5  3 -3 -6 -6 -5   20   0  15   0   0   0   0  40   0   0   0   0   0   0   0  25   0   0   0   0  1.16 0.56

                      K         Lambda
Standard Ungapped    0.1367     0.3161
Standard Gapped      0.0410     0.2670
PSI Ungapped         0.2136     0.3174
PSI Gapped           0.0654     0.2670
