  122         A         R         N         D         C         Q         E         G         H         I         L         K         M         F         P         S         T         W         Y         V    
  1 A   1  0.781998 -0.403903 -0.390999 -0.495201 -0.312605 -0.403903 -0.403903  0.625210 -0.599402 -0.612306 -0.612306 -0.403903 -0.508105 -0.703604 -0.403903  0.195500 -0.208403 -0.794902 -0.703604 -0.312605
  2 D   2 -0.599402 -0.599402  0.299701  1.798207 -0.899104  0.000000  0.599402 -0.299701 -0.299701 -0.899104 -1.198805 -0.299701 -0.899104 -0.899104 -0.299701  0.000000 -0.299701 -1.198805 -0.899104 -0.899104
  3 V   3 -0.104202 -0.395401 -0.916409 -1.124812 -0.618075 -0.506738 -0.610939 -1.124812 -0.916409  0.603804  0.097066 -0.402536  0.201268 -0.618075 -0.819343 -0.715141 -0.104202 -1.229014 -0.513873  0.909274
  4 F   4 -0.599402 -1.229014 -1.229014 -1.229014 -0.709373 -1.119044 -1.119044 -1.229014 -0.629611  0.329910  0.109970 -1.119044  0.109970  1.688237 -1.418745 -0.819343 -0.599402 -0.030209  0.789134  0.140179
  5 D   5 -0.819343 -0.819343  0.409671  2.458028 -1.229014  0.000000  0.819343 -0.409671 -0.409671 -1.229014 -1.638685 -0.409671 -1.229014 -1.229014 -0.409671  0.000000 -0.409671 -1.638685 -1.229014 -1.229014
  6 P   6 -0.579061 -1.158122 -1.158122 -0.579061 -1.737183 -0.579061 -0.579061 -1.158122 -1.158122 -1.737183 -1.737183 -0.579061 -1.158122 -2.316244  4.053426 -0.579061 -0.579061 -2.316244 -1.737183 -1.158122
  7 P   7 -0.568274 -1.449152 -1.240749 -0.672475 -2.121628 -0.672475 -0.672475 -1.344951 -1.449152 -2.225829 -2.225829 -0.672475 -1.449152 -2.898305  4.603126 -0.255669 -0.568274 -3.002506 -2.225829 -1.553354
  8 T   8 -0.407356 -0.695076 -0.966991 -1.121333 -1.591389 -0.688501 -0.792703 -1.673581 -1.465178 -1.110481 -1.246733 -0.584299 -0.839377 -2.143638  1.424131 -0.398717  0.838112 -2.384092 -1.736281 -0.438005
  9 Q   9 -0.258071 -0.648833  0.026071 -0.054057 -1.613752  0.749129  0.210251 -1.181942 -0.783468 -0.950984 -1.192461 -0.351447 -0.469845 -1.833692 -1.090089 -0.156172 -0.353295 -2.305366 -1.215277 -0.398736
 10 Y  10 -1.553354 -1.553354 -1.553354 -2.330031 -1.553354 -0.776677 -1.553354 -2.330031  1.553354 -0.776677 -0.776677 -1.553354 -0.776677  2.330031 -2.330031 -1.553354 -1.553354  1.553354  5.436739 -0.776677
 11 G  11  0.000000 -1.553354  0.000000 -0.776677 -2.330031 -1.553354 -1.553354  4.660062 -1.553354 -3.106708 -3.106708 -1.553354 -2.330031 -2.330031 -1.553354  0.000000 -1.553354 -1.553354 -2.330031 -2.330031
 12 Y  12 -1.240749 -1.449152 -1.240749 -2.017426 -1.449152 -0.672475 -1.344951 -2.017426  1.240749 -0.880879 -0.880879 -1.344951 -0.776677  1.809023 -2.121628 -0.928144 -1.240749  1.032346  4.498924 -0.880879
 13 D  13 -1.449152 -1.344951  0.672475  4.243255 -2.434233  0.208403  1.865959 -0.880879 -0.672475 -2.330031 -3.002506 -0.568274 -2.225829 -2.330031 -0.776677  0.000000 -0.776677 -3.002506 -2.225829 -2.225829
 14 G  14  0.000000 -1.553354  0.000000 -0.776677 -2.330031 -1.553354 -1.553354  4.660062 -1.553354 -3.106708 -3.106708 -1.553354 -2.330031 -2.330031 -1.553354  0.000000 -1.553354 -1.553354 -2.330031 -2.330031
 15 K  15 -0.937394  1.874788  0.000000 -0.937394 -2.812182  0.937394  0.937394 -1.874788 -0.937394 -2.812182 -1.874788  4.686970 -0.937394 -2.812182 -0.937394  0.000000 -0.937394 -2.812182 -1.874788 -1.874788
 16 P  16 -0.937394 -1.457981 -1.666385 -0.937394 -2.812182 -0.728991 -0.728991 -1.874788 -1.770586 -2.812182 -2.707980 -0.312184 -1.770586 -3.645374  5.728144 -0.833192 -0.937394 -3.645374 -2.707980 -1.874788
 17 L  17 -1.098111 -1.874788 -2.651465 -3.588859 -1.098111 -1.714071 -2.651465 -3.588859 -2.008597  1.392637  2.945991 -1.874788  1.392637  0.482151 -2.812182 -1.874788 -1.098111 -1.231920  0.348341  0.615960
 18 D  18 -1.714071 -1.553354  0.776677  4.981496 -2.972899  0.321434  2.356939 -1.098111 -0.776677 -2.812182 -3.588859 -0.615960 -2.651465 -2.812182 -0.937394  0.000000 -0.937394 -3.588859 -2.651465 -2.651465
 19 A  19  2.481498 -1.363029 -1.722900 -1.201892  1.133847 -1.154626 -1.106940 -0.586352 -1.931303 -1.145797 -1.249999 -1.258828 -1.145797 -1.978989 -1.258828  0.511758 -0.264919 -2.755666 -1.978989 -0.473322
 20 S  20  0.455243 -0.776677  1.740979  0.160717 -1.258828  0.000000  0.000000  0.000000 -0.615960 -2.035505 -2.035505  0.000000 -1.098111 -2.035505 -1.098111  3.267425  0.776677 -2.972899 -1.874788 -2.035505
 21 F  21 -1.714071 -2.169314 -2.330031 -2.330031 -2.035505 -1.526446 -2.008597 -2.651465 -0.776677 -0.482151 -0.321434 -2.169314  0.000000  4.177911 -3.267425 -1.553354 -1.714071  0.455243  2.169314 -1.098111
 22 C  22  0.000000 -2.812182 -2.812182 -2.812182  8.436545 -2.812182 -3.749576 -2.812182 -2.812182 -0.937394 -0.937394 -2.812182 -0.937394 -1.874788 -2.812182 -0.937394 -0.937394 -1.874788 -1.874788 -0.937394
 23 R  23 -1.098111  2.656498  0.160717 -0.287235 -2.812182  0.776677  0.623252 -1.714071 -0.462535 -2.812182 -2.196222  2.298090 -1.258828 -2.812182 -1.412253 -0.474859 -0.937394 -2.972899 -2.035505 -2.510364
 24 T  24 -0.212974  0.301436  0.225766 -0.711628 -1.969651  0.088462  0.088462 -0.804145 -1.210282 -2.272806 -1.834066  1.843421 -1.092172 -2.390917 -1.014783  1.098562  0.609746 -2.539293 -1.952177 -1.561178
 25 A  25  1.048409 -1.733581 -2.220781 -2.324982 -0.900389 -1.629380 -1.733581 -1.350583 -1.111988 -0.591401 -0.591401 -1.733581 -0.591401  1.414163 -2.183776 -0.413189 -0.900389 -0.907202  0.792991 -0.450194
 26 G  26 -0.495255 -2.035505 -0.829793 -1.258828 -2.651465 -1.861684 -1.861684  2.787342 -1.714071 -2.932887 -2.932887 -1.861684 -2.156210 -1.539551 -0.631831 -0.495255 -1.700967 -1.740279 -1.847880 -2.316927
 27 S  27  2.043248 -0.990988 -0.275648 -0.826559 -0.658099 -0.493671 -0.493671  0.321564 -1.377471 -1.595493 -1.595493 -0.493671 -1.044582 -1.928382 -0.990988  2.375752  0.390129 -2.758588 -1.928382 -1.155417
 28 R  28 -0.937394  2.399254  0.000000 -0.726205 -2.916383  1.898839  1.252785 -1.874788 -0.303155 -2.812182 -1.978989  2.465739 -0.827285 -2.812182 -1.253121 -0.315727 -0.937394 -2.597871 -1.660477 -2.190515
 29 E  29 -0.937394  0.529837  0.000000  1.080032 -3.484657  1.609869  3.627295 -1.874788 -0.264919 -2.812182 -2.547263  1.997068 -1.609869 -2.812182 -0.937394  0.000000 -0.937394 -2.812182 -1.874788 -1.874788
 30 K  30 -0.154210 -0.151942  1.736204  0.385222 -1.969284  0.021678  0.230082 -0.495201 -0.504906 -2.303822 -2.212524  0.699475 -1.448952 -2.477644 -1.240548  1.119843 -0.138984 -3.219538 -1.978989 -1.934502
 31 D  31 -1.025640 -0.766027  0.249028  3.085278 -3.178983  1.001573  3.296756 -1.411383 -0.463405 -2.704994 -3.061210  0.117773 -2.177410 -2.758588 -0.937394  0.053594 -0.883800 -3.168398 -2.231004 -2.123816
 32 C  32 -0.160717 -2.651465 -2.812182 -2.972899  6.829376 -2.651465 -3.588859 -2.972899 -2.812182 -0.455243 -0.133809 -2.651465 -0.455243 -1.553354 -2.812182 -1.098111 -0.937394 -1.874788 -1.714071 -0.615960
 33 R  33 -0.937394  4.142198  0.000000 -1.693197 -2.812182  0.937394  0.181591 -1.874788 -0.181591 -2.812182 -1.874788  2.419560 -0.937394 -2.812182 -1.693197 -0.755803 -0.937394 -2.812182 -1.874788 -2.630591
 34 K  34 -0.937394  1.344951  0.000000 -0.142638 -3.077100  1.202312  1.997068 -1.874788 -0.672475 -2.812182 -2.139706  3.627295 -1.202312 -2.812182 -0.937394  0.000000 -0.937394 -2.812182 -1.874788 -1.874788
 35 D  35 -1.735081 -0.145570  0.735081  3.880651 -3.000000  0.264919  1.470163 -1.264919 -0.735081 -3.000000 -3.470163 -0.205244 -2.470163 -3.000000 -1.264919 -0.264919 -1.000000 -3.735081 -2.735081 -3.000000
 36 V  36 -0.470102 -3.000000 -3.000000 -3.000000 -1.000000 -2.470102 -2.470102 -3.470102 -3.000000  3.470102  1.470102 -2.470102  1.000000 -0.529898 -2.470102 -2.000000 -0.470102 -3.000000 -1.000000  3.529898
 37 Q  37 -0.847686 -0.372200 -1.034741 -1.576671 -2.218912  0.546051 -0.036515 -2.588285 -0.013924 -1.091045 -0.077846 -0.100085 -0.015199 -1.545714 -1.874214 -0.811608 -1.098111 -2.287035 -0.804884 -0.965259
 38 A  38  1.810678 -0.629774 -0.115228 -1.097483 -1.075416 -0.573259 -0.573259  0.060045 -1.374400 -1.797393 -1.693191 -0.156452 -1.245439 -2.287035 -1.182833  1.315343  0.199273 -3.004027 -2.062606 -1.078337
 39 C  39  0.000000 -2.839283 -2.517849 -2.678566  7.071397 -2.839283 -3.678566 -1.553548 -2.839283 -1.482151 -1.482151 -2.839283 -1.321434 -2.160717 -2.839283 -0.839283 -1.160717 -2.000000 -2.160717 -1.321434
 40 D  40 -1.714071 -1.615960  0.776677  4.918890 -3.035505  0.258828  2.294333 -1.223323 -0.901889 -2.874788 -3.651465 -0.678566 -2.714071 -2.937394 -1.000000  0.062606 -0.624363 -3.714071 -2.776677 -2.651465
 41 K  41 -0.937394  2.110257  0.000000 -1.120227 -3.000000  0.812182  0.691955 -1.499151 -0.942379 -3.062606 -2.125212  4.201076 -1.125212 -3.000000 -1.182833 -0.120227 -1.062606 -2.937394 -2.062606 -2.182833
 42 K  42 -1.062606  1.231920  0.054203 -0.874788 -3.000000  0.615960  0.615960 -1.874788 -1.035505 -3.000000 -2.223323  3.722668 -1.223323 -3.160717  0.223129 -0.098111 -0.937394 -3.223323 -2.160717 -2.062606
 43 Y  43 -1.791597 -2.241791 -2.137590 -2.791597 -1.895798 -1.691986 -2.241791 -2.895798  0.545215 -0.654007 -0.654007 -2.241791 -0.654007  3.516970 -3.137590 -1.687395 -1.270589  1.237201  4.678214 -0.895798
 44 D  44 -0.928144 -1.511758  0.464072  3.763843 -2.080032 -0.166808  1.178143 -0.797688 -1.006091 -2.184234 -2.856709 -0.839283 -2.184234 -2.351042 -0.839283  0.166808 -0.359445 -3.127718 -2.351042 -2.017426
 45 D  45 -1.615960 -1.134863  2.104632  2.956471 -2.392637 -0.187818  0.759227 -0.723947 -0.358186 -2.079607 -2.678341 -0.661341 -1.964270 -2.330031 -1.267650  0.177942 -0.536129 -3.294526 -2.089482 -2.142213
 46 Q  46 -0.943485  0.119322 -0.312605  0.293704 -2.716802  2.453339  2.067022 -1.782768 -0.104202 -2.205244 -1.773317  0.422477 -0.606309 -1.580034 -1.151888 -0.208403 -0.943485 -1.669116 -0.725631 -1.574365
 47 G  47  0.104202 -1.574365  0.104202 -0.735081 -2.309446 -1.470163 -1.470163  4.410489 -1.574365 -3.148729 -3.148729 -1.470163 -2.309446 -2.413648 -1.574365  0.416807 -1.365961 -1.782768 -2.413648 -2.413648
 48 R  48 -1.000000  3.996841  0.000000 -1.422477 -3.104202  1.104202  0.681725 -2.000000 -0.160717 -3.000000 -2.104202  2.377949 -1.104202 -3.000000 -1.735081 -0.735081 -1.000000 -3.000000 -2.000000 -2.735081
 49 E  49 -0.839283 -0.482151 -0.482151  1.196415 -1.910680  1.196415  3.553548 -2.160717 -0.482151 -2.678566 -2.678566  0.357132 -1.839283 -2.839283 -1.321434 -0.160717 -1.000000 -2.839283 -2.000000 -1.839283
 50 T  50 -0.199870 -0.214073  1.190067 -0.557002 -1.529837 -0.405114 -0.509316 -1.227035 -1.083680 -1.755603 -1.651401 -0.300913 -1.160717 -2.264919 -1.264919  1.468894  2.668143 -2.651401 -2.000000 -1.246287
 51 A  51  1.493271  0.227121 -0.997308 -1.221737 -1.504038  1.110360  0.279609 -1.002692 -1.221737 -2.002692 -1.501346  0.900407 -0.723083 -2.501346 -1.000000  0.498654 -0.501346 -2.723083 -1.723083 -1.002692
 52 C  52  0.000000 -3.000000 -3.000000 -3.000000  9.000000 -3.000000 -4.000000 -3.000000 -3.000000 -1.000000 -1.000000 -3.000000 -1.000000 -2.000000 -3.000000 -1.000000 -1.000000 -2.000000 -2.000000 -1.000000
 53 A  53  1.485050 -0.500002 -0.173292 -0.941999 -0.935515 -0.356505 -0.460707 -0.458828 -1.293899 -1.455677 -1.476687 -0.252303 -0.874788 -1.978989 -1.229414  2.284690  0.393496 -3.000000 -1.937394 -1.245394
 54 K  54 -1.000000  1.979415  0.000000 -0.750001 -3.104202  1.104202  1.354200 -2.000000 -0.833192 -3.000000 -2.104202  4.395375 -1.104202 -3.000000 -1.062606 -0.062606 -1.000000 -3.000000 -2.000000 -2.062606
 55 G  55  1.599994 -1.065728 -1.039916 -0.801088 -1.384997 -0.866869 -0.689021  0.656549 -1.525147 -2.035356 -2.051382 -0.632896 -1.631454 -2.106898 -1.320712  0.392253 -0.740640 -2.611697 -1.752272 -1.218190
 56 I  56 -0.993909 -3.000000 -3.000000 -3.000000 -1.160717 -2.833192 -2.833192 -3.672475 -2.678566  3.190325  1.511758 -2.833192  0.839283  0.797494 -2.993909 -2.000000 -0.993909 -2.357132 -0.357132  2.523940
 57 R  57 -0.839283  2.805408  0.000000 -1.186049 -2.782768  0.782768  0.596719 -2.000000 -0.557861 -2.678566 -1.943485  2.122929 -1.104202 -2.839283 -1.498654 -0.337937 -0.035698 -2.839283 -2.000000 -2.177220
 58 E  58 -1.000000  0.735319  0.000000  1.154572 -3.681487  2.538731  3.836059 -2.000000  0.000000 -3.000000 -2.681487  1.104202 -1.467176 -3.000000 -1.104202 -0.104202 -1.000000 -2.785689 -1.785689 -2.104202
 59 K  59 -0.978989  1.603778  0.166808 -0.937394 -2.874788  0.833192  0.833192 -1.874788 -0.062185 -2.937394 -2.104202  4.061760 -1.104202 -2.728991 -1.104202  0.146223 -0.978989 -2.895798 -1.583193 -2.104202
 60 Y  60 -1.714071 -2.166808 -2.327525 -3.160717 -1.776677 -1.431726 -2.264919 -3.160717  0.570780 -0.163223  0.032998 -2.104202 -0.288435  2.580030 -3.041596 -2.000000 -1.714071  0.939900  4.796609 -0.365536
 61 K  61 -0.883800  1.916135  0.000000 -0.794518 -2.943420  0.862789  1.014677 -1.391963 -0.744093 -2.901824 -2.122226  3.394830 -1.175820 -2.839218 -1.169729 -0.160717 -1.009012 -2.776612 -1.955418 -2.116135
 62 P  62 -0.714391 -1.289040 -0.201975  0.429616 -2.483233 -0.258200  0.310885 -1.341964 -1.199621 -2.523723 -2.627925 -0.482629 -1.758908 -3.022377  2.361110  0.361597 -0.098032 -3.349902 -2.418279 -1.904842
 63 A  63 -0.037453 -0.724420 -0.228788 -0.266018 -2.322370  0.027592  0.700879 -1.221823  0.428422 -2.370830 -2.370830 -0.357553 -1.619923 -2.470661  0.636396  0.181179 -0.694239 -2.966873 -1.475710 -1.725136
 64 V  64 -0.673517 -0.696127 -1.270197 -1.010032 -2.454158 -0.163074  0.319077 -2.165700 -1.557232 -1.201887 -1.460629  0.824349 -0.787111 -2.519207  0.586831 -0.771543 -0.673517 -3.064984 -1.845689 -0.255481
 65 V  65 -0.539924  0.113433 -0.987280 -2.024289 -1.871475 -0.582597 -0.847515 -2.221905 -1.494452  0.064010 -0.518587  0.163230 -0.056052 -1.871475 -1.772585 -1.155272 -0.385146 -2.916607 -1.408941  0.668108
 66 Y  66 -0.843924 -1.516495 -1.907732 -2.573194 -1.533236 -1.122043 -1.683303 -2.597658 -0.017317 -0.163406 -0.255426 -1.203890 -0.437154  0.942903 -2.390360 -1.323727 -1.324833 -0.283341  2.818398 -0.162301
 67 G  67 -0.624494 -1.571378  0.093126 -0.292634 -2.714006 -1.330924 -1.153076  2.925049 -0.228022 -3.129043 -3.124058 -1.611868 -2.365471 -2.329966 -1.835191 -0.285929 -1.709979 -2.133266 -1.910421 -2.588794
 68 Y  68 -1.180142 -1.283237 -1.185127 -1.666649 -1.701540 -0.544129 -0.744708 -2.308275  0.488056 -0.894840 -0.769628 -1.163010 -0.774613  0.813847 -1.964725 -0.961804 -0.376557  0.189981  2.866085 -0.676502
 69 D  69 -1.180142 -1.266106  0.310836  2.523163 -2.401401 -0.389025  0.608283 -0.025231 -1.128133 -2.249087 -2.752726 -0.406770 -2.035734 -2.338795 -1.128133 -0.125212 -1.002921 -2.864550 -2.281174 -2.030749
 70 G  70 -0.218338 -0.819460  0.062606 -0.297447 -2.562118 -0.555647 -0.073497  2.430037 -1.180142 -2.962661 -2.842434 -0.235456 -2.000230 -2.464007 -1.340858  0.250424 -1.215646 -2.027959 -2.183063 -2.183063
 71 K  71 -0.779598  1.260163  0.000000 -0.775571 -2.580207  1.081701  0.721019 -1.290748 -0.891771 -2.642813 -1.863215  3.238276 -0.900783 -2.633801 -0.958404  0.053594 -0.636840 -2.450968 -1.733976 -1.747015
 72 P  72 -0.779598 -1.791597 -1.559196 -0.895798 -2.687395 -1.011998 -1.011998 -0.861996 -1.791597 -2.803595 -2.803595 -1.011998 -1.907797 -3.466993  5.224787 -0.779598 -1.011998 -3.350793 -2.687395 -1.907797
 73 L  73 -0.873682 -1.733976 -2.165997 -2.999189 -1.056515 -1.510653 -2.223618 -3.119416 -1.763583  1.011371  1.990655 -1.671370  0.886158  0.179090 -2.384335 -1.430915 -0.272546 -1.211335  0.269710  0.641956
 74 D  74 -1.630880 -1.229709  1.336217  4.130787 -2.848112  0.321434  2.033293 -0.936288 -0.494627 -2.687395 -3.302249 -0.454137 -2.406451 -2.687395 -1.016026  0.120227 -0.775571 -3.422477 -2.406451 -2.526678
 75 L  75  1.775010 -1.412732 -1.959995 -2.218101  1.188347 -1.350126 -1.706342 -1.264149 -2.085207 -0.371906  0.019093 -1.350126 -0.309300 -1.400598 -1.608231  0.175684 -0.293610 -2.331179 -1.596097 -0.090430
 76 G  76 -0.205140 -1.050808  1.441277  0.623974 -1.848686 -0.453605 -0.213151  0.927558 -0.832470 -2.400934 -2.521161 -0.573832 -1.687969 -2.268040 -1.252015  1.650317  0.158553 -2.710234 -2.107323 -2.142828
 77 F  77 -1.505668 -2.044527 -2.205244 -2.205244 -1.889708 -1.339054 -1.821204 -2.526678 -0.860294 -0.294333 -0.258828 -1.981921  0.062606  3.490095 -2.975830 -1.470163 -1.505668  0.163223  1.794103 -0.743485
 78 C  78  0.000000 -2.687395 -2.687395 -2.687395  8.062185 -2.687395 -3.583193 -2.687395 -2.687395 -0.895798 -0.895798 -2.687395 -0.895798 -1.791597 -2.687395 -0.895798 -0.895798 -1.791597 -1.791597 -0.895798
 79 T  79 -0.798410  1.041600  0.160717  0.090299 -2.108578  0.281476  0.401383 -1.505668 -0.827165 -2.108578 -1.792319  1.424081 -1.154626 -2.304077 -1.034720 -0.006028  0.339805 -2.464794 -1.827101 -1.637630
 80 L  80 -0.459493  0.275562 -0.599348 -1.552767 -1.705523 -0.295519 -0.664840 -1.246046 -1.288985 -1.184008 -0.327488  0.777132 -0.241576 -1.604363 -1.529439 -0.026681 -0.615158 -2.172651 -1.495123 -1.117163
 81 A  81  1.820054 -1.283837 -1.730925 -1.784519 -0.504238 -1.230243 -1.230243 -0.675966 -1.387468 -0.661464 -0.661464 -1.230243 -0.607870  0.136193 -1.509159  0.318008 -0.397050 -1.598288 -0.539774 -0.332510
 82 G  82 -0.398823 -1.827101 -0.636929 -1.154626 -2.338860 -1.749713 -1.749713  2.933590 -1.505668 -2.612512 -2.612512 -1.749713 -1.940037 -1.130513 -1.291318 -0.398823 -1.588996 -1.339012 -1.535275 -2.100754
 83 I  83  1.408699 -1.464646 -1.516447 -1.671669 -0.470948 -1.189197 -1.189197 -1.142680 -1.826890  0.469993 -0.161461 -1.189197 -0.201739 -1.155158 -1.344419  0.351676 -0.040278 -2.499577 -1.350658  0.756965
 84 R  84 -0.833192  1.789830 -0.360681 -1.252451 -2.259122  1.329755  0.293706 -1.906839 -0.586447 -1.898441 -0.945022  1.648462 -0.258200 -2.138895 -1.346535 -0.513343 -0.833192 -2.165039 -1.331846 -1.578592
 85 E  85 -0.833192  0.321434  0.000000  1.184234 -3.172052  1.505668  3.523094 -1.666385 -0.160717 -2.499577 -2.338860  1.476060 -1.505668 -2.499577 -0.833192  0.000000 -0.833192 -2.499577 -1.666385 -1.666385
 86 V  86  0.446056 -0.891238  0.533580 -0.755965 -1.194296 -0.320645 -0.481427 -0.693687 -0.916682 -0.770630 -1.108035 -0.535021 -0.614365 -1.750245 -1.254457  0.675250  0.107123 -2.671748 -1.417291 -0.323920
 87 D  87 -1.243003 -0.819621  0.409811  3.305627 -2.922959  0.846763  2.936530 -1.256574 -0.409811 -2.499577 -2.909387  0.013571 -2.076195 -2.499577 -0.833192  0.000000 -0.833192 -2.909387 -2.076195 -2.076195
 88 C  88 -0.160717 -2.338860 -2.499577 -2.660294  5.891561 -2.338860 -3.172052 -2.660294 -2.499577 -0.351042 -0.029608 -2.338860 -0.351042 -1.344951 -2.499577 -0.993909 -0.833192 -1.666385 -1.505668 -0.511758
 89 R  89 -0.833192  3.932464  0.000000 -1.588552 -2.499577  0.833192  0.077832 -1.666385 -0.077832 -2.499577 -1.666385  1.899882 -0.833192 -2.499577 -1.588552 -0.755360 -0.833192 -2.499577 -1.666385 -2.421744
 90 K  90 -0.833192  1.344951  0.000000 -0.351042 -2.660294  0.993909  1.476060 -1.666385 -0.672475 -2.499577 -1.827101  3.523094 -0.993909 -2.499577 -0.833192  0.000000 -0.833192 -2.499577 -1.666385 -1.666385
 91 D  91 -0.784305 -0.421139  0.311794  2.751601 -2.138895  0.040490  0.984269 -0.873682 -0.792703 -2.259122 -2.650654 -0.351042 -1.937689 -2.379350 -0.993909 -0.040490 -0.712965 -3.051825 -2.218633 -2.138895
 92 A  92  0.395516 -2.108578 -2.304077 -2.304077 -0.637693 -1.857368 -1.857368 -2.299561 -2.304077  2.104061  0.828676 -1.857368  0.442193 -0.642209 -1.857368 -1.079886 -0.386483 -2.499577 -1.028692  2.164288
 93 Q  93 -0.725939 -0.069171 -0.623768 -1.136417 -1.964652  0.747378  0.167280 -2.010728  0.381023 -1.263561 -0.496303  0.208182 -0.198502 -1.447252 -1.445440 -0.558654 -0.940315 -1.917595 -0.602252 -1.042616
 94 T  94  1.003151 -0.635576  0.066331 -0.436376 -1.069292 -0.234405  0.126277 -0.631454 -1.033047 -1.389141 -1.389141 -0.354632 -1.030808 -1.864001 -0.910581  1.195116  1.017988 -2.381466 -1.666385 -0.794055
 95 C  95  0.000000 -2.338860 -2.017426 -2.178143  5.570127 -2.338860 -3.011335 -1.053125 -2.338860 -1.315343 -1.315343 -2.338860 -1.154626 -1.827101 -2.338860 -0.672475 -0.993909 -1.666385 -1.827101 -1.154626
 96 D  96 -1.505668 -1.344951  0.672475  4.356286 -2.660294  0.321434  2.148535 -0.993909 -0.672475 -2.499577 -3.172052 -0.511758 -2.338860 -2.499577 -0.833192  0.000000 -0.833192 -3.172052 -2.338860 -2.338860
 97 K  97 -0.833192  1.898551  0.000000 -0.910581 -2.499577  0.833192  0.755803 -1.666385 -0.755803 -2.499577 -1.666385  3.933795 -0.833192 -2.499577 -0.910581 -0.077389 -0.833192 -2.499577 -1.666385 -1.743773
 98 K  98 -0.833192  1.023517 -0.321434 -0.833192 -2.499577  0.511758  0.511758 -1.666385 -0.993909 -2.499577 -1.827101  3.201660 -0.993909 -2.660294  0.452543 -0.160717 -0.833192 -2.660294 -1.827101 -1.666385
 99 Y  99 -1.666385 -1.891707 -1.891707 -2.499577 -1.666385 -1.283837 -1.891707 -2.499577  0.990418 -0.607870 -0.607870 -1.891707 -0.607870  3.175543 -2.724899 -1.666385 -1.666385  1.441062  4.931057 -0.833192
100 E 100 -1.189941 -0.271836  0.356749  2.370774 -2.695076  1.152852  2.092166 -1.309636 -0.517466 -2.499577 -2.575381  0.762563 -1.621962 -2.499577 -0.833192  0.000000 -0.833192 -2.736098 -1.902906 -2.023133
101 S 101 -0.758452 -0.832428  2.188259  0.381770 -0.179975 -0.482151 -0.488090 -0.559540 -0.355452 -1.982643 -2.060032 -0.559540 -1.387557 -2.143360 -1.554213  1.020868 -0.042606 -2.815836 -1.743773 -1.982643
102 D 102 -1.189409 -0.073156  1.159801  1.772207 -2.778936  1.065891  2.062803 -1.149451 -0.155010 -2.499577 -2.497460  0.762385 -1.586879 -2.499577 -0.993909  0.160717 -0.672475 -2.778404 -1.784495 -2.022601
103 K 103  0.373025  0.379544 -0.451531 -0.406577 -1.710340  1.281743  0.999492 -1.060075 -0.647031 -1.815879 -1.406068  1.086270 -0.661720 -2.041644 -0.755803  0.225766 -0.530038 -2.053099 -1.297296 -1.060075
104 C 104  0.000000 -2.267410 -2.267410 -2.267410  6.802230 -2.267410 -3.023213 -2.267410 -2.267410 -0.755803 -0.755803 -2.267410 -0.755803 -1.511607 -2.267410 -0.755803 -0.755803 -1.511607 -1.511607 -0.755803
105 L 105  0.598301 -0.951303 -0.259692 -0.937663 -0.677971 -0.468832 -0.664331 -0.781998 -1.224635 -0.651776 -0.260777 -0.468832 -0.169305 -1.120608 -1.146803  1.616719  0.286972 -2.071910 -1.316107 -0.769443
106 N 106 -0.951303  1.481289  1.172998 -0.485031 -2.267410  0.560304  0.440077 -1.120608 -0.244577 -2.267410 -1.707106  2.440837 -0.951303 -2.267410 -1.071530  0.075272 -0.560304 -2.462910 -1.511607 -1.827333
107 A 107  2.301850 -0.876031 -1.150925 -0.549789 -0.360681 -0.635576 -0.395122 -0.120227 -1.391380 -0.996258 -1.116485 -0.755803 -0.996258 -1.631834 -0.755803  0.635576 -0.120227 -2.387637 -1.631834 -0.360681
108 I 108 -0.916520 -2.147183 -2.267410 -2.387637 -0.916520 -2.147183 -2.267410 -2.862496 -1.945976  2.139891  1.430627 -2.147183  0.715314  0.964302 -2.428127 -1.511607 -0.916520 -1.504315 -0.112936  1.384088
109 K 109 -0.595086  1.627081  0.000000 -0.674482 -2.066203  0.554597  0.635918 -1.511607 -0.516933 -1.945976 -1.471117  1.495728 -0.876031 -2.106693 -1.035163 -0.118643  0.208498 -2.106693 -1.511607 -1.469533
110 E 110 -0.876031 -0.026143  0.120227  1.563893 -2.688675  1.914085  2.775402 -1.391380 -0.120227 -2.267410 -2.173326  0.515349 -1.203212 -2.267410 -0.755803  0.000000 -0.755803 -2.173326 -1.417523 -1.631834
111 K 111 -0.755803  1.511607  0.000000 -0.755803 -2.267410  0.755803  0.755803 -1.511607 -0.755803 -2.267410 -1.511607  3.779017 -0.755803 -2.267410 -0.755803  0.000000 -0.755803 -2.267410 -1.511607 -1.511607
112 Y 112 -1.190173 -1.190173 -1.190173 -1.785259 -1.190173 -0.595086 -1.190173 -1.785259  1.190173 -0.595086 -0.595086 -1.190173 -0.595086  1.785259 -1.785259 -1.190173 -1.190173  1.190173  4.165605 -0.595086
113 K 113 -0.421265  0.842530  0.000000 -0.421265 -1.263796  0.421265  0.421265 -0.842530 -0.421265 -1.263796 -0.842530  2.106326 -0.421265 -1.263796 -0.421265  0.000000 -0.421265 -1.263796 -0.842530 -0.842530
114 P 114 -0.343433 -0.686866 -0.686866 -0.343433 -1.030298 -0.343433 -0.343433 -0.686866 -0.686866 -1.030298 -1.030298 -0.343433 -0.686866 -1.373731  2.404030 -0.343433 -0.343433 -1.373731 -1.030298 -0.686866
115 V 115 -0.134560 -0.788339 -0.788339 -0.788339 -0.330060 -0.592840 -0.592840 -0.788339 -0.653779  0.586499  0.195500 -0.592840  0.195500  0.208181 -0.660120 -0.525559 -0.134560 -0.519219  0.006341  0.714718
116 V 116 -0.134560 -0.721059 -0.721059 -0.788339 -0.330060 -0.458279 -0.525559 -0.788339 -0.451939  0.519219  0.128219 -0.525559  0.128219  0.006341 -0.592840 -0.525559 -0.134560 -0.451939  0.275461  0.714718
117 D 117 -0.390999 -0.592840 -0.006341  0.971157 -0.653779 -0.134560  0.256439 -0.397340 -0.397340 -0.384658 -0.714718 -0.330060 -0.519219 -0.653779 -0.330060 -0.134560 -0.195500 -0.983839 -0.653779 -0.317378
118 P 118  0.073621 -0.458279 -0.525559 -0.330060 -0.586499 -0.262780 -0.262780 -0.390999 -0.525559 -0.653779 -0.653779 -0.262780 -0.458279 -0.916559  1.301217 -0.128219 -0.195500 -0.983839 -0.721059 -0.390999
119 N 119 -0.458279 -0.134560  1.038437  0.128219 -0.788339 -0.067280 -0.067280 -0.134560  0.060939 -0.788339 -0.788339 -0.067280 -0.525559 -0.855619  0.079962  0.128219 -0.067280 -1.051119 -0.592840 -0.721059
120 P 120 -0.262780 -0.525559 -0.525559 -0.262780 -0.788339 -0.262780 -0.262780 -0.525559 -0.525559 -0.788339 -0.788339 -0.262780 -0.525559 -1.051119  1.839458 -0.262780 -0.262780 -1.051119 -0.788339 -0.525559
121 P 121 -0.262780 -0.525559 -0.525559 -0.262780 -0.788339 -0.262780 -0.262780 -0.525559 -0.525559 -0.788339 -0.788339 -0.262780 -0.525559 -1.051119  1.839458 -0.262780 -0.262780 -1.051119 -0.788339 -0.525559
122 A 122  0.781998 -0.195500 -0.390999 -0.390999  0.000000 -0.195500 -0.195500  0.000000 -0.390999 -0.195500 -0.195500 -0.195500 -0.195500 -0.390999 -0.195500  0.195500  0.000000 -0.586499 -0.390999  0.000000
