
Last position-specific scoring matrix computed, weighted observed percentages rounded down, information per position, and relative weight of gapless real matches to pseudocounts
           A  R  N  D  C  Q  E  G  H  I  L  K  M  F  P  S  T  W  Y  V   A   R   N   D   C   Q   E   G   H   I   L   K   M   F   P   S   T   W   Y   V
    1 M   -4 -5 -6 -6 -5 -4 -5 -6 -5  1  1 -5 10 -3 -6 -5 -4 -5 -4 -2    0   0   0   0   0   0   0   0   0   5  11   0  84   0   0   0   0   0   0   0  2.42 0.75
    2 A    2 -4 -3 -4 -4  0 -3  1 -4  0 -1 -3  8 -3 -1  1  0 -5 -4 -2   17   0   1   1   0   5   1  10   0   5   3   0  39   1   3   9   5   0   0   2  0.81 0.50
    3 Y   -6 -8 -8 -10 -9 -8 -8 -9 -5 -8 -5 -8 -2  0 -9 -8 -4 -4 10 -7    1   0   0   0   0   0   0   0   0   0   1   0   1   3   0   0   1   0  93   0  3.66 1.48
    4 S   -3  3  2 -3 -4  4 -3 -3  3 -7 -6 -1 -1 -6 -4  4  2 -7 -5 -6    1  17  10   1   0  19   1   1   8   0   0   3   1   0   0  27  10   0   0   0  0.88 0.62
    5 E   -1 -2 -1  4 -7  4  5 -5 -5 -7 -6  2 -4 -8 -2 -1 -3 -7 -7 -6    5   2   3  20   0  16  35   0   0   0   0  10   0   0   3   3   2   0   0   0  1.03 0.65
    6 K   -2  0 -2 -5 -5 -1 -2 -5 -3  3  0  4 -1 -3 -4 -3  0 -6 -3  3    3   6   2   0   0   2   3   0   1  17  10  26   1   1   0   1   6   0   1  20  0.54 0.41
    7 V   -3 -7 -8 -6 -6 -7 -7 -8 -8  6  1 -7 -4 -1 -7 -5 -2 -7 -4  5    3   0   0   0   0   0   0   0   0  47  12   0   0   3   0   0   2   0   0  32  1.57 0.77
    8 I   -3 -3 -4 -7 -3 -1 -5 -4 -3  3  4  0  6 -2 -6 -4 -1 -3 -3  0    2   1   1   0   1   3   0   1   1  13  42   5  18   2   0   1   3   0   1   5  0.91 0.55
    9 D   -3 -3 -3  7 -8 -2  5 -6 -3 -5 -7  0 -8 -8 -7 -3 -3 -9 -4 -7    3   1   1  52   0   1  30   0   1   1   0   6   0   0   0   1   1   0   1   0  1.69 0.91
   10 H   -3 -1 -3 -7 -9 -4 -4 -8 10 -6 -1 -3 -7 -2 -8 -7 -5 -7  3 -5    2   4   1   0   0   1   1   0  67   0   8   2   0   2   0   0   1   0  10   1  2.66 1.22
   11 Y    1 -4  1 -5 -3 -5 -6 -3 -3 -2 -4 -4  1  5 -7  1 -5  1  7 -3   13   1   6   1   1   0   0   2   0   2   2   1   3  21   0  12   0   2  32   2  1.11 0.68
   12 E   -1  3  0 -1 -4  1  2 -3  0 -3 -1  3  2  0 -5 -1 -1 -4 -2 -3    5  16   5   3   0   7  11   2   2   1   7  21   6   4   0   5   3   0   2   1  0.37 0.32
   13 N   -3  0  7  0 -2  0 -1 -5  6 -6 -5  0 -5 -4 -7  0 -2 -7  0 -7    2   6  44   5   1   4   4   0  15   1   1   6   0   1   0   5   3   0   3   0  1.23 0.72
   14 P   -4 -1 -5 -6 -8 -3 -6 -8 -4 -4 -6 -2 -4 -4  8 -4 -4 -9 -5 -8    1   4   1   0   0   2   0   0   0   1   1   3   1   1  82   1   1   0   0   0  2.64 1.29
   15 R   -3  6 -3 -1 -3  2 -1 -6  6 -3 -4  2 -3 -7 -4 -3 -3 -7 -2 -4    2  44   1   3   1   8   3   0  15   2   2  11   1   0   1   2   2   0   1   1  1.24 0.72
   16 N   -6 -3  8 -5 -1 -4 -6  0  7 -8 -6 -4 -4 -2 -7 -4 -6 -7  1 -8    1   1  57   0   1   1   0   7  21   0   1   1   0   2   0   1   0   0   4   0  2.07 1.03
   17 V    0  2 -2 -5 -1  0 -3 -3  2  0 -2  2  0  1 -4 -2 -2  0  2  3    8  12   2   0   2   3   1   2   4   4   3  15   3   6   0   2   1   1   6  22  0.35 0.30
   18 G   -4  0 -3 -5 -4 -2 -4  7  2 -4 -4 -2 -4 -7 -6 -4 -5 -3 -2 -4    1   6   1   1   0   2   1  70   4   1   2   3   0   0   0   1   1   0   2   2  1.64 0.84
   19 S    0  0 -2 -1 -2  0  2 -3  0 -1  0  1 -1 -1  0  1  1 -5 -3  0    6   6   1   3   1   4  17   2   2   3  11   9   1   2   4  11   8   0   1   7  0.15 0.18
   20 F   -4  0 -6 -4 -3 -5 -3 -5 -4  3  4 -5  3  3 -2 -4 -2 -5 -3  0    1   5   0   1   1   0   2   1   0  16  41   1   8  10   3   1   3   0   0   6  0.81 0.48
   21 D    0 -4  0  4 -4 -1  5 -4 -5 -4 -4 -1 -6 -5  2 -1  1 -7 -6 -3    7   1   4  25   0   2  30   1   0   1   2   4   0   1   9   4   7   0   0   2  0.80 0.55
   22 N   -2 -2  3  4 -3  0  1  0  0 -4 -3  2 -2 -5  2 -1 -2 -6 -4 -3    4   2  14  21   1   4  10   7   2   1   4  13   1   0   9   4   2   0   1   2  0.45 0.34
   23 N    3 -3  2  0 -1 -3  1 -3 -1 -3 -4 -1 -5  1  4 -1 -1 -5  0 -3   27   1   8   5   1   1   8   2   1   1   2   4   0   5  17   5   4   0   3   2  0.47 0.36
   24 D   -2 -3  3  5 -3 -1  1 -2  0 -3 -3 -2 -3 -4 -3  0  1  0 -3 -4    4   1  14  34   1   3   7   3   2   2   4   3   1   1   1   8   7   1   1   2  0.70 0.43
   25 E    1 -1 -1  0 -1 -1  1  0  2 -1 -1  0 -1 -1  1  0  0 -1  0  0   16   4   3   6   1   3   8   6   5   4   5   6   1   3   8   5   6   1   3   7  0.07 0.07
   26 N    0  0  2  0  1  1  1  0  1 -1 -1  0 -1  0 -1  0  1 -1  0  0    8   4   9   5   3   7   8   6   4   3   5   6   1   6   2   6   8   1   3   6  0.06 0.06
   27 V    0 -2 -1 -1  1  0 -1 -1  0  1  0 -1  0 -1 -1  0  1 -2  2  3    8   2   2   3   3   4   3   5   3   6   7   4   2   2   3   5  10   0   7  22  0.11 0.12
   28 G    1 -2 -1 -2 -1 -1 -1  3  3  1 -1 -1  0 -2 -2 -1 -1 -3 -1  0   14   2   3   2   2   3   3  25   8  11   5   3   3   1   2   4   3   0   2   5  0.24 0.19
   29 S   -1 -1 -1 -2  0  0  1 -1  1  1 -2 -1 -1 -2 -2  1  2 -1 -1  2    3   4   2   2   2   4   9   5   4   9   3   4   1   1   2  13  14   1   2  16  0.15 0.18
   30 G    1 -2 -2 -4 -1 -2 -1  4  1 -1 -3 -1  0  0 -3  0 -2 -4 -2  1   12   2   2   1   1   1   5  36   4   3   2   4   2   4   1   6   2   0   1  10  0.46 0.31
   31 M   -2  0  0  0  1  1  2 -2  3 -1  0  1  1 -2 -2 -1  0 -1 -1 -1    2   5   3   5   3   6  17   2   8   4   8  11   4   1   1   5   7   1   2   5  0.16 0.17
   32 V    1 -1 -1 -1  0  0  0  1 -1  0 -1  0  1  0 -2  0 -1 -1 -1  2   12   2   3   3   2   6   6  11   1   4   5   5   4   4   1   6   2   1   2  19  0.07 0.12
   33 G   -1 -1  0 -1 -4  0 -1  4  3 -3 -3  1 -2 -2 -3 -1 -1 -4  0 -1    4   3   5   3   0   5   4  36   8   1   3   8   1   2   1   3   3   0   3   6  0.43 0.30
   34 A    0 -1  6  1 -1 -1 -2 -1  1 -5 -6 -1 -5 -6 -1  3  1 -6 -2 -2    9   3  34   7   1   2   2   4   3   0   0   3   0   0   3  18   7   0   2   3  0.68 0.48
   35 P    0 -2 -2 -2 -5 -1  0  0 -2  0 -1 -1 -2 -3  6 -1 -2 -6 -5 -3    7   2   1   2   0   3   7   7   1   7   7   4   1   1  43   4   2   0   0   1  0.82 0.50
   36 A   -1  1  1  0 -3  0  1  0  1 -2 -1  1 -1 -2 -1  1  1 -3 -1 -1    4   6   6   3   0   3  13   8   4   2   6  11   2   2   2  12   9   0   2   4  0.11 0.12
   37 C   -1 -1  0 -1  7  1 -1 -2  0 -1 -4 -1  0  0 -4  0  1  2  0 -1    6   3   5   3  28   7   3   3   3   3   0   3   3   4   0   6   9   3   3   5  0.58 0.33
   38 G    0  1 -3  0 -4  1 -3  5 -4  0 -1  0 -3 -4 -4 -1 -3 -5 -4 -1    6   8   0   6   0   6   0  42   0   7   7   6   0   0   0   5   0   0   0   5  0.56 0.32
   39 D   -4 -4  0  8 -6 -3  0 -3 -2 -6 -6 -4 -6 -6 -3 -2 -5 -7 -6 -6    2   1   3  78   0   1   4   2   1   0   1   0   0   0   1   3   0   0   0   0  2.10 0.86
   40 V    1  1 -1  1 -2  1  2 -3 -1  0 -2  0  0 -3 -3  0  1 -2  0  2   10   7   2   9   1   5  15   1   1   5   2   4   2   1   0   6  10   1   3  17  0.17 0.19
   41 M   -2 -3 -6 -6 -1 -5 -5 -5 -6  4  2 -5  6 -2 -3 -3 -3 -5 -2  3    2   2   0   0   1   0   0   1   0  26  18   0  19   1   1   2   1   0   1  23  0.92 0.50
   42 K   -2  3 -1 -1 -3  0  1 -4  1  0 -3  3 -1 -3 -4 -1  4 -2 -2 -1    2  14   2   4   0   4  10   0   4   6   2  18   1   1   0   3  24   1   1   4  0.40 0.34
   43 L   -3 -3 -6 -3 -2 -5 -6 -6 -6  3  5 -5  2  1 -6 -5 -3 -5 -2  2    1   2   0   2   1   0   0   0   0  18  49   0   4   6   0   0   1   0   1  15  0.96 0.51
   44 Q   -1  2 -2  0 -3  4  0 -3  1 -2 -3 -2  1  2 -5  0  0  1  5 -3    5  11   1   5   1  18   5   1   3   2   2   1   3   8   0   7   6   2  18   1  0.43 0.37
   45 I   -1 -5 -6 -3 -4 -3 -5 -4 -6  4  4 -5  2 -1 -6 -4 -2  2 -2  3    4   0   0   1   0   1   0   1   0  22  33   0   5   2   0   1   2   3   1  23  0.77 0.45
   46 K   -1  2  0 -1 -2  2  0 -3  2 -2 -2  5 -1 -3 -4 -1 -1 -2 -2 -2    5  12   4   3   1   7   6   1   4   2   4  37   2   1   0   4   3   1   1   2  0.50 0.37
   47 V   -2 -2 -5 -5  0 -3 -5 -4 -5  4  2 -3  2  0 -5 -3 -1 -4 -2  5    2   2   0   0   2   1   0   1   0  20  16   1   4   4   0   1   2   0   1  39  0.72 0.41
   48 N   -1 -1  2  5 -2  0  3  0 -1 -3 -4  1 -2 -5 -3  0 -1 -1 -4 -2    4   2  10  29   1   2  20   7   1   2   2   7   1   0   0   6   4   1   0   2  0.52 0.34
   49 D   -1 -2  2  5 -5 -1  2  1  0 -5 -5 -1 -2 -5  1 -1 -2 -5 -2 -3    4   2  11  36   0   2  12  11   3   0   1   3   1   0   6   3   2   0   1   2  0.65 0.39
   50 E   -1 -2  3  4 -1  1  2  1  0 -3 -4  0 -3 -3 -2 -1 -1 -4 -2 -4    5   2  16  26   1   5  14   9   2   1   1   6   0   1   2   4   4   0   1   1  0.46 0.29
   51 G   -1  0  0  1 -3  0 -1  5 -1 -3 -3 -1 -2 -3  0 -1 -1 -3 -2 -3    3   5   5   7   0   5   3  43   2   2   2   4   1   1   5   4   5   0   1   2  0.50 0.28
   52 I   -2  2 -2 -3 -1 -1 -2 -2  1  4 -1  2 -1 -2 -4 -2  1 -4 -2  3    3  12   1   1   1   2   1   2   3  24   4  12   1   1   0   2   8   0   1  20  0.34 0.29
   53 I   -3 -6 -3 -6 -1 -6 -6 -7 -1  7  0 -6 -2 -1 -6 -4 -4 -6 -5  4    1   0   1   0   1   0   0   0   2  58   6   0   0   2   0   1   0   0   0  26  1.45 0.69
   54 E    1  0 -1  0 -3  1  3 -2  0 -1 -2  1 -1 -3 -3  0  1 -4 -3  0   11   5   2   5   0   6  21   2   2   3   4  11   1   1   0   8   9   0   0   8  0.20 0.20
   55 D    0  1  1  1 -3  1  0  0  2 -2 -1  0  1  1 -2  0  0 -2  1 -2    7   7   7   7   0   7   7   7   6   0   7   7   6   6   0   7   7   0   6   0  0.09 0.12
   56 A    2 -4 -1 -4  1 -3 -2 -1 -4  2  1 -3  1  0 -4  0 -1 -4  0  3   21   0   3   0   4   0   3   3   0  14  12   0   3   3   0   5   3   0   3  23  0.30 0.27
   57 R   -1  0  0  0  2  0  0 -1  2  0 -1  0  1  0 -3  0  0  3  1  0    5   5   5   5   5   5   5   5   5   5   5   5   5   5   0   5   5   5   5   5  0.06 0.10
   58 F   -2 -5 -5 -6  2  0 -5 -1  3  0 -1 -5 -4  7 -6 -1 -5  4  4 -1    4   0   0   0   5   4   0   5   6   4   5   0   0  39   0   4   0   5  12   5  1.04 0.51
   59 K   -1  0  0  1  0  1  1 -2  1 -1  0  0  0 -1 -3  0  1  3  0 -1    5   4   5  10   3   7  10   3   3   3   9   6   3   3   0   6  10   5   3   3  0.10 0.11
   60 T    1 -4 -1 -1 -1 -3 -3  3 -4  0 -2 -3 -3 -2 -2  0  3 -4 -1  2   13   0   3   3   1   0   1  24   0   4   2   0   0   2   2   6  22   0   2  14  0.40 0.29
   61 Y   -2  0  2  1 -2  1  2 -3  1 -1 -2  0 -1  4 -3  0 -1 -1  1 -1    2   5  10   8   1   5  12   1   3   3   2   6   1  19   0   8   3   1   5   3  0.26 0.21
   62 G    1 -5 -4 -5 -5 -5 -5  7 -5 -6 -6 -5 -5 -6 -5  0 -5 -6 -6 -2   10   0   0   0   0   0   0  76   0   0   1   0   0   0   0   6   0   0   0   3  1.79 0.71
   63 C   -4 -2 -1 -1 10 -1 -2 -1  1 -1 -5 -5 -5 -5 -2 -2 -1 -5 -1 -4    1   3   3   4  58   3   3   5   3   4   1   0   0   0   3   3   4   0   3   0  1.83 0.80
   64 G    1 -1  0 -1  0  0 -1  2  0  0 -2 -1  0 -1  3  1  0 -4 -3 -1   13   2   4   2   2   6   2  16   2   5   4   2   3   3  14  11   4   0   0   4  0.18 0.18
   65 S    0 -1  0  1 -3 -2  0 -2  1  1 -1 -2  0 -1  1  1  1  1  2  0    7   2   5   8   0   0   8   3   4  12   3   0   2   2   7  11   7   2   8   8  0.10 0.15
   66 A    3 -3 -1  0  2 -2 -1 -1 -3 -3  0 -2 -1 -2 -3  3  2 -4 -3 -1   24   0   1   4   4   0   4   3   0   0   8   0   1   2   0  30  12   0   0   4  0.37 0.30
   67 I   -1  0 -2 -3  0  2 -1 -3 -1  3  0  0  2  0 -3 -1  0 -3 -2  1    5   4   2   0   2  16   2   1   1  26   7   5   5   5   0   2   7   0   0  11  0.20 0.20
   68 A    5 -3 -3 -3 -2 -1 -1 -1 -3 -1 -3 -1 -1 -3  0  1  0 -4 -3  1   53   0   0   0   0   2   3   3   0   4   1   4   2   0   4   7   5   0   0  12  0.51 0.34
   69 S    1 -1 -2 -3  5 -2 -2  0 -3 -2 -2 -2  1 -2 -3  4  1 -4 -3 -1   12   3   0   0  15   0   2   6   0   2   4   0   5   2   0  40   6   0   0   3  0.49 0.33
   70 S    3 -3 -2 -3  1 -2 -2  1 -3 -1 -1 -2  1  0 -3  2  0 -3 -3 -1   36   0   0   0   3   0   0   9   0   4   7   0   5   4   0  19   6   0   0   4  0.33 0.26
   71 S    1 -1  1  1 -1 -2  1 -1  1 -3 -4 -2  0 -2 -3  5 -1 -4 -2 -2    8   2   5   7   1   0  10   4   4   0   1   0   3   2   0  48   2   0   1   2  0.49 0.34
   72 L    0  1 -2 -2 -3  1  0 -3 -2  0  0  0  2  1  1 -1  0  4  1  0    7   7   0   0   0   7   7   0   0   7   7   7   7   7   7   0   7   7   7   7  0.13 0.14
   73 V    0 -3 -1 -3  2 -2 -3 -1 -3  1  2 -3  5  1 -3 -1  0 -3  0  0    8   0   4   0   4   0   0   4   0   5  23   0  24   5   0   4   5   0   4   6  0.31 0.25
   74 T    0 -3  0 -3  3 -2 -2 -1  1  0 -1 -2  1  0 -3  1  4  2  0  0    6   0   4   0   8   0   0   4   4   5   5   0   4   4   0   9  35   3   4   4  0.32 0.27
   75 E   -1 -1  0  3 -1  0  5 -2 -1 -1 -3  0 -1 -3 -3 -1 -1 -5 -4 -2    5   3   4  20   1   4  37   3   2   3   3   4   1   1   0   3   3   0   0   3  0.54 0.36
   76 W   -1 -1  0 -2 -1  1  0 -4  2  0  3 -1  3 -1 -1 -2 -1  4 -1 -1    5   3   4   2   1   6   5   0   6   4  31   4   9   2   2   2   2   6   2   3  0.22 0.22
   77 V    1 -4 -4 -2  2 -4 -4 -2 -4  4  2 -4  1 -1 -4 -2 -1 -4 -1  3   13   0   0   2   4   0   0   3   0  24  15   0   2   2   0   2   2   0   2  25  0.45 0.30
   78 K   -1  1 -1 -1 -2  1  0 -3 -1  2 -1  4  0 -4 -1 -2 -1 -4 -2  1    3   7   2   3   1   5   7   1   1  15   5  30   2   0   2   2   3   0   1   9  0.33 0.27
   79 G   -3 -2  1 -1 -6 -3 -3  7 -1 -6 -6 -3 -5 -6 -5 -2 -3 -5 -3 -6    2   3   5   3   0   1   2  74   1   0   1   2   0   0   0   2   1   0   1   0  1.61 0.70
   80 K   -1  1 -2 -4 -2  1 -1 -4 -1 -3  0  6  4 -4 -3 -2 -2 -1 -2 -3    4   6   1   0   1   6   4   0   2   1   9  46   9   0   1   2   3   1   1   1  0.75 0.46
   81 S   -2 -2  0  0 -4 -2 -1 -2  0 -3 -4  0 -4 -3  2  3  5 -1 -4 -3    2   2   3   6   0   1   3   2   3   1   1   5   0   1  10  22  35   1   0   1  0.64 0.46
   82 L   -1 -1 -4 -3 -2 -3 -1 -4 -2  3  3 -1  0 -1 -1 -3 -1  0 -1  3    4   4   0   1   1   1   4   1   1  16  25   3   2   2   3   1   4   2   1  24  0.38 0.28
   83 D    1 -2  1  4 -6  0  4 -1  0 -3 -4 -1 -2 -3 -2 -1 -1 -1 -2 -3   10   1   5  27   0   4  24   5   2   2   2   3   1   1   2   4   4   1   1   2  0.53 0.41
   84 E   -2 -2 -1  3 -7  2  6 -3 -1 -4 -4 -1 -6 -6 -3 -2 -2  0  0 -4    3   1   3  15   0   7  49   2   2   1   1   2   0   0   1   3   2   1   3   2  1.01 0.66
   85 A    5 -2 -4 -2  1 -1 -1 -2 -5  0 -1 -4  0 -1 -2 -1 -2 -5 -1  1   51   2   0   2   2   2   3   2   0   6   7   0   2   2   2   2   2   0   2   8  0.60 0.48
   86 Q    0  1 -1 -1  0  1  1 -2  0  0  1  1  1 -1 -1 -1 -1  3  0 -1    7   6   2   3   2   8  10   3   2   4  18  11   5   2   2   3   2   4   2   3  0.09 0.14
   87 A    1  0  0  0 -4  1  1 -1  1 -1 -2  3  2 -4 -1  0  0 -4 -3  0   15   5   4   5   0   6  10   3   4   2   4  18   7   0   2   4   5   0   0   6  0.18 0.22
   88 I   -2 -2 -5 -2 -4 -2 -2 -5 -5  4  3 -2  3  1 -5 -4 -1 -4 -1  1    3   2   0   2   0   2   2   0   0  29  32   2   8   4   0   0   3   0   2   7  0.66 0.40
   89 K    0  1 -1  1 -1  0  0  1  0 -1 -2  2 -1  0 -1  0  1 -3 -1  0    5   6   2   7   1   4   5  11   2   4   3  14   2   4   3   6  13   0   2   6  0.08 0.11
   90 N   -2 -1  5  4 -6  0  1  0  0 -4 -4  0 -2 -2 -1 -2 -2  0 -2 -4    4   4  25  22   0   3   8   6   3   1   1   6   1   2   4   3   3   1   2   1  0.59 0.40
   91 T    1 -1  1  2 -2  1  2 -2  0 -1 -1  2 -1 -2 -2 -1  1 -5 -2 -3   11   2   6  11   1   6  14   2   2   3   5  14   2   1   1   4  11   0   1   1  0.22 0.23
   92 D    0 -3 -2  5 -3  2  2 -3  0 -2 -4 -3  1  3 -4 -2 -2 -1 -2 -1    9   1   2  29   1   9  13   2   2   3   1   1   3  13   1   2   3   1   1   4  0.59 0.43
   93 I   -1 -3 -4 -4 -6 -4 -4 -5 -2  5  1 -4  3 -1 -3 -3 -3 -6 -2  3    6   1   1   1   0   1   1   1   1  35  13   1   6   3   2   2   1   0   2  22  0.84 0.49
   94 A    3 -3 -3  0 -2 -2  0 -2 -3  0  2 -2  1  2 -2 -2 -1 -5 -1 -1   27   1   1   5   1   2   5   3   1   5  22   2   3   8   2   2   3   0   2   5  0.29 0.28
   95 E    0 -2 -2  3 -6  2  4 -1 -2 -4 -5  2  2 -3 -3 -1 -2 -7 -4 -4    9   2   2  15   0   7  28   4   1   1   1  14   6   1   1   5   2   0   1   1  0.62 0.47
   96 E    1 -2 -1  1 -2 -1  4  2  1 -2 -1 -1  2 -1 -2 -1 -3 -2  0 -2   12   1   3   9   1   1  24  13   4   2   6   3   5   2   2   4   1   1   3   3  0.29 0.28
   97 L    0  0  0  0  2  0  0 -1  1  0 -1  0  1  0  0  0  0 -2  1  0    5   5   5   5   5   5   5   5   5   5   5   5   5   5   5   5   5   0   5   5  0.03 0.05
   98 E    0 -1  0  1  1  0  2  2  2 -1 -2  0  1 -3 -1  1 -1 -4  0 -1    9   3   3   6   3   4  13  14   4   3   3   4   4   0   3  12   4   0   3   4  0.13 0.17
   99 L   -1  0  0 -1 -4  0 -1 -2  0  0  3  2  1 -1 -2 -2 -2  0 -1  1    4   5   4   3   0   5   4   3   2   4  29  12   3   2   2   2   2   1   2   9  0.16 0.19
  100 P   -2 -5 -2 -2 -5  0  0 -2  1 -2 -1 -4  3  4  4 -1 -2 -4  3 -2    3   0   2   3   0   4   7   4   3   2   5   0   7  19  23   4   2   0   9   3  0.61 0.45
  101 P   -2 -2 -3 -1 -6 -2 -1 -3  0 -3 -3 -1 -1 -3  7 -3 -3 -7 -6 -3    4   3   1   3   0   2   5   2   2   2   3   4   2   2  60   2   1   0   0   2  1.47 0.82
  102 V    3 -2  1 -1 -4  1  1 -1  0 -1 -2 -2  2 -3 -3  1  0 -5 -4  1   29   2   7   3   0   6   9   3   2   3   3   1   6   1   1   8   5   0   0  12  0.28 0.31
  103 K   -3  7 -3 -2 -7 -1 -2 -4  0 -7 -6  4 -5 -3 -2 -3 -5 -6  0 -6    2  53   1   2   0   2   2   1   2   0   0  25   0   1   2   2   0   0   3   0  1.48 0.80
  104 I   -2  0 -3 -2 -4  0 -3 -3  1  4  1 -1  3  0 -1 -3 -2 -4 -1  3    2   6   1   2   0   4   1   2   3  23  10   4   8   4   3   1   2   0   2  21  0.34 0.30
  105 H   -3  0  0 -1 -6 -2 -2 -3  8 -4 -4  5 -5 -5 -3 -3 -2 -6 -1 -4    2   5   4   3   0   1   3   2  37   1   1  31   0   0   1   1   2   0   2   1  1.33 0.73
  106 C   -1 -7 -3 -7 11 -6 -7 -4 -7 -6 -4 -7 -6 -6 -2 -2 -3 -6 -1 -3    4   0   1   0  77   0   0   1   0   0   2   0   0   0   3   3   2   0   2   2  3.12 1.19
  107 S    5 -5 -4 -2 -1 -4 -4  0 -5 -1 -3 -4 -4 -3 -1  3 -1 -6 -5 -1   48   0   0   2   1   0   0   6   0   3   2   0   0   1   3  25   2   0   0   4  0.87 0.58
  108 I   -1 -2  1 -1 -2 -1  0 -3 -1  0  1 -1  3 -1 -4 -1  3 -4 -2  2    4   2   6   2   1   3   6   1   1   5  14   4  10   2   0   3  19   0   1  16  0.24 0.25
  109 L   -2 -3 -6 -6 -5 -2 -6 -4 -6  0  6 -4  4 -1 -5 -3 -5  4 -2 -2    3   1   0   0   0   2   0   1   0   5  66   1   8   2   1   3   0   5   1   1  1.19 0.63
  110 A    5 -5 -3 -5  1 -4 -4  2 -2 -3 -4 -4 -4 -6  2  1  0 -6 -5  0   48   0   1   0   3   0   0  17   1   1   1   0   0   0   9   8   5   0   0   6  0.86 0.54
  111 A    0 -3 -5 -1 -1 -2  2 -4 -3 -1  1 -2 -2  1 -4 -3 -3  9  0  1    8   2   0   3   1   2  12   1   0   3  13   3   1   7   1   1   1  28   3  11  0.91 0.51
  112 D   -1  1  1  3 -5  1  3 -1  3 -3 -4  1  0 -5 -4  0 -1 -1 -2 -2    5   7   6  18   0   5  18   4   8   2   1  10   2   0   0   6   3   1   1   3  0.38 0.30
  113 A    6 -4 -5 -4 -3 -5 -5 -1 -6 -2 -4 -5 -1 -4 -5 -2  3 -6 -6  1   62   1   0   1   0   0   0   4   0   2   1   0   1   1   0   1  18   0   0   8  1.24 0.71
  114 I   -2 -6 -7 -7 -2 -6 -6 -7 -6  3  5 -6  2  1 -6 -5 -3  1 -2  1    3   0   0   0   1   0   0   0   0  18  55   0   5   6   0   1   1   2   1   9  1.10 0.55
  115 K   -3  3  0 -1 -2  3  2 -4  4 -3 -2  4 -2 -5 -4 -2 -2 -5 -1 -2    1  13   4   3   1  14  12   1  10   2   5  26   1   0   0   2   2   0   2   2  0.58 0.40
  116 A    3  0 -1  2 -2  1  2 -3 -1 -2 -2  2 -1 -4 -2  0 -2 -5 -4 -3   24   5   2  10   1   7  16   1   1   3   3  15   1   0   2   5   2   0   0   1  0.35 0.30
  117 A    6 -6 -6 -6  0 -5 -4  0 -6  0 -1 -3  0 -6 -1 -2 -2 -7 -6 -3   68   0   0   0   2   0   0   6   0   5   7   2   2   0   3   2   3   0   0   1  1.23 0.70
  118 I   -1 -5 -6 -6 -4 -5 -6 -4 -6  5  4 -5  0 -1 -3 -4 -2 -5 -2  2    6   0   0   0   0   0   0   1   0  31  36   0   2   2   2   1   2   0   1  15  0.93 0.48
  119 A    1  2  2  1 -3  1  2 -1  1 -3 -2  2 -2 -3 -3  0 -1 -2 -1 -3   15  11  10   8   0   5  13   5   4   1   4  12   1   0   0   5   2   1   2   1  0.26 0.23
  120 D   -2 -2  3  5 -5  2  2 -3 -2 -3 -4  1 -4 -5 -4 -1 -2 -7 -5 -4    3   1  16  37   0  10  13   1   1   1   1   9   0   0   1   3   2   0   0   1  0.87 0.51
  121 Y   -1 -4 -2 -3 -4 -4 -2 -6  0  0 -2 -2 -2  2 -4 -3 -3  2  8 -3    6   1   2   2   0   1   3   0   2   6   4   2   1   6   1   2   2   3  56   1  1.45 0.71
  122 K   -2  3 -1 -3 -4  1  3 -4 -2 -3  1  3  0 -3 -3 -3 -2 -1  0 -2    3  19   2   0   0   4  19   0   1   1  16  21   3   1   1   1   2   1   3   2  0.49 0.37
  123 S    1  0  1  0 -4  1  1  2 -1 -2 -2  1 -2 -3 -3  1  0 -4 -3 -2   13   3   7   4   0   6  11  16   1   3   5  10   1   1   0  11   5   0   0   2  0.19 0.19
  124 K   -4  4 -2  0 -7 -1  2 -2 -3 -4 -5  6 -5 -7 -3 -3 -2 -7 -6 -5    1  22   1   5   0   1  13   3   0   1   1  46   0   0   1   1   2   0   0   0  1.10 0.60
  125 R    0  3 -1 -2 -6  5  1 -4  5 -4 -3  2 -3 -2 -5 -2 -3 -3 -4 -4    7  18   3   2   0  28   8   0  14   1   2  11   0   2   0   2   1   0   0   1  0.79 0.48
  126 E    0  1  2  2 -5  2  4  0 -2 -5 -5  2 -4 -6 -2 -1 -2 -3 -5 -4    6   8   9   9   0   8  32   7   1   0   1  12   0   0   1   4   1   0   0   1  0.57 0.35
  127 A    3 -1 -1 -3 -3  1 -1  3 -1 -3 -3  2  0 -4 -2  1  0 -4 -4 -2   29   1   3   0   0   8   3  22   1   1   2  12   3   0   2   8   4   0   0   1  0.38 0.27
  128 K   -3  2 -3 -2 -6  1  5 -5 -3 -6 -5  6 -4 -6 -4 -3 -3 -6 -5 -5    0   8   0   0   0   6  37   0   0   0   0  50   0   0   0   0   0   0   0   0  1.29 0.50

                      K         Lambda
Standard Ungapped    0.1295     0.3117
Standard Gapped      0.0410     0.2670
PSI Ungapped         0.1583     0.3171
PSI Gapped           0.0485     0.2670
