
Last position-specific scoring matrix computed, weighted observed percentages rounded down, information per position, and relative weight of gapless real matches to pseudocounts
           A  R  N  D  C  Q  E  G  H  I  L  K  M  F  P  S  T  W  Y  V   A   R   N   D   C   Q   E   G   H   I   L   K   M   F   P   S   T   W   Y   V
    1 G    2 -3 -2 -2 -3 -3 -3  6 -3 -4 -4 -2 -3 -4 -3 -1 -2 -4 -4 -3   18   0   0   0   0   0   0  82   0   0   0   0   0   0   0   0   0   0   0   0  1.19 0.20
    2 A    4 -2 -1 -2 -2 -2 -2  0 -2 -2 -3 -1 -2 -3 -2  3  2 -4 -3 -1   43   0   0   0   0   0   0   5   0   0   0   3   0   0   0  31  16   0   0   2  0.52 0.21
    3 M    1 -3  0 -3 -3 -2 -3  3 -3 -1 -2 -2 -1 -4 -3  0  5 -4 -3 -1    9   0   4   0   0   0   0  24   0   2   2   2   1   0   0   1  50   0   0   4  0.60 0.28
    4 D   -2 -1  4  1 -4  2  3 -2  0 -3 -4  0 -3 -4 -3  2  1 -4 -3 -3    0   1  26   4   0  11  22   1   2   1   0   5   0   0   0  16  10   0   0   0  0.49 0.22
    5 P    0  1  3 -2 -4  0 -1 -3 -2 -3 -2  5 -3 -4 -1  1  1 -4 -3 -3    9   5  15   0   0   3   0   0   0   0   3  45   0   0   2   9   8   0   0   1  0.51 0.25
    6 E   -1  1 -1 -2 -5  1 -1 -2 -3 -5 -4  6 -3 -5 -3  0 -2 -5 -4 -4    5   5   1   1   0   5   1   3   0   0   0  73   0   0   0   4   1   0   0   0  1.07 0.40
    7 F    1 -1 -2 -3 -2 -1 -2 -2  1 -1 -1 -1 -1  4 -3  0 -1  4  4  0   13   4   2   1   0   2   1   2   3   2   3   4   1  20   1   5   2   7  22   6  0.36 0.16
    8 A    2  0  1 -1 -2 -1 -1  2  1 -2 -1  0 -1 -1 -2  2  0 -3 -2 -2   23   4   7   3   0   0   1  18   5   2   8   4   2   2   1  16   3   0   0   1  0.18 0.11
    9 G    3 -3 -2 -3 -3  0 -1  4 -3 -3 -3 -2 -3 -4 -1  2  0 -4 -3 -1   37   0   0   0   0   3   2  32   0   0   0   1   0   0   2  14   6   0   0   3  0.57 0.25
   10 G    1 -3  1  0 -4 -3 -3  5 -3 -5 -5 -1 -4 -5 -2  0 -1 -4 -4 -4   12   0   8   6   0   0   0  59   0   0   0   3   0   0   1   7   4   0   0   0  0.88 0.30
   11 T    1 -1 -1 -2 -2  1 -1  1 -2 -2 -2 -1 -1 -3  3  1  2 -3 -2  0   13   2   2   0   0   8   1  11   0   1   2   2   2   0  15   9  22   0   1   9  0.27 0.15
   12 E   -1 -2  5  2 -4 -1  3 -3 -2 -3 -4 -2 -3 -5  1  0  0 -5 -4 -3    3   0  43  10   0   0  27   0   0   1   0   0   0   0   6   3   5   0   0   1  0.78 0.31
   13 G    0  0 -2 -2 -4  0 -1  4  2 -1 -3  3 -3 -4 -2 -1 -1 -4 -3 -2    4   4   0   0   0   2   3  37   7   6   0  27   0   0   1   3   3   0   0   2  0.47 0.23
   14 Q    0  1 -1 -2 -4  6  1 -2  1 -2 -1  1 -1 -4 -1 -1 -2 -4 -3 -2    8   4   1   0   0  52   5   1   3   3   5   9   1   0   3   3   1   0   0   2  0.68 0.32
   15 R   -2  4  4 -2 -4 -1 -2 -2  5 -2 -3  0 -3 -2 -2 -1  0 -4  1 -3    1  28  27   1   0   1   0   1  19   3   1   4   0   1   2   2   5   0   4   0  0.64 0.29
   16 L    1 -1 -3 -3 -2 -1 -3 -3 -2  1  2 -2  3 -1 -3 -1  2 -3 -2  1   16   4   0   0   0   2   0   0   1   5  30   1  13   2   0   3  15   0   0   7  0.27 0.19
   17 T    3  2 -2 -1 -3 -2 -2 -1 -3 -3 -2  2 -2 -4 -3  0  4 -4 -3 -1   30  12   0   4   0   0   0   2   0   0   1  14   0   0   0   3  29   0   0   3  0.46 0.29
   18 K   -3  2 -1 -2 -6 -1 -1 -4 -3 -5 -4  7  2 -5 -4 -2 -3 -5 -4 -5    0   7   2   1   0   0   2   0   0   0   0  80   7   0   0   1   0   0   0   0  1.49 0.58
   19 V   -1 -1 -4 -5 -3 -4 -4 -2 -4  3  4 -4  0  0 -4 -3 -2 -3  0  2    5   3   0   0   0   0   0   3   0  16  50   0   0   3   0   0   0   0   3  17  0.59 0.30
   20 D   -2 -4 -2  7 -6 -2  3 -4 -3 -5 -3 -3  0 -6 -4 -2 -3 -6 -5 -3    4   0   0  66   0   0  23   0   0   0   2   0   3   0   0   1   0   0   0   1  1.43 0.55
   21 R    0  5  2  0 -5  1  4 -2 -2 -5 -4 -1 -3 -5 -1 -2 -1 -2 -1 -4    7  36   9   3   0   3  31   2   0   0   1   0   0   0   3   1   2   1   2   0  0.72 0.39
   22 S    0 -2  0  3 -4 -1  4 -1 -2 -4 -4 -1  1 -4 -3  2  0  1 -2 -2    7   0   2  17   0   1  38   4   0   0   0   1   4   0   0  15   5   2   1   2  0.54 0.32
   23 D   -2 -3  3  5 -4 -2  0 -3 -1 -2 -2 -2  0 -4 -1 -1  4 -5 -4 -2    2   0  13  33   0   0   4   0   1   2   4   0   3   0   3   1  32   0   0   1  0.66 0.36
   24 D   -1 -3 -1  4 -5 -1  5  1 -3 -1 -4 -2 -4 -5 -3 -2 -2 -5 -4 -4    3   0   2  27   0   1  48  11   0   4   1   0   0   0   0   0   2   0   0   0  0.92 0.44
   25 I   -1 -3  0  1 -3  0  1 -3 -1  3 -1 -2 -1 -1  1 -1  0 -4 -3  2    4   0   6   9   0   3  14   0   2  23   2   1   0   2   8   3   6   0   0  17  0.21 0.20
   26 I    1 -3 -4 -4 -3 -2 -3 -2 -3  2  2 -1  0  2 -2 -2 -2 -3  1  2   13   0   0   0   0   1   0   3   0  11  27   4   0  11   1   2   1   0   5  21  0.30 0.21
   27 K    1  1 -2 -3 -4  1  0 -2  4 -4 -4  4 -3 -4  2 -1  0 -5 -3 -2   12   5   0   0   0   5   6   2  11   0   0  37   0   0  12   2   6   0   0   2  0.58 0.33
   28 P   -2  0 -2 -2 -4 -1 -3 -4  6  0  0 -3 -1 -3  4 -2  0 -4 -1  1    1   5   2   2   0   2   0   0  23   7  10   0   1   0  26   0   6   0   2  12  0.62 0.32
   29 K   -1  0  1  2 -4  1  3 -2 -2 -2 -3  3 -3 -3  1  0 -1 -4 -1 -3    6   2   8  12   0   4  21   1   0   3   1  24   0   1   7   4   2   0   2   1  0.38 0.23
   30 T   -1  3 -2 -2 -4  0  1 -2  0 -3 -3  4 -1 -4 -3  0  2 -4 -3 -2    4  20   0   0   0   3  11   3   2   0   2  27   2   0   0   6  18   0   0   1  0.46 0.27
   31 V   -2 -4 -2 -4 -3 -4 -4 -2 -4  3  2 -4 -1 -1 -4 -1 -1 -4 -3  5    2   0   2   0   0   0   0   3   0  12  19   0   0   2   0   5   2   0   0  51  0.72 0.36
   32 G    0 -2  1  2 -3 -1 -1  2 -1 -2 -3  0 -3 -4  2  2  0 -4 -3 -1    8   0   8  12   0   1   3  14   1   2   1   6   0   0  12  21   4   0   0   4  0.30 0.20
   33 K    0  0  0  0 -3  0  0 -2  1 -1  0  1  1 -1  2  0  0 -3 -1  0    7   4   4   7   0   2   3   2   4   3  11  11   7   2  13   5   7   0   1   6  0.11 0.09
   34 E   -1 -1  1  4 -4  0  3 -2  3 -3 -3  0 -3 -4 -2  1 -1 -4 -1 -3    3   1   8  24   0   3  27   2   7   2   1   3   0   0   1  12   3   0   2   2  0.49 0.27
   35 V   -2 -4 -4 -4 -3 -4 -4 -4 -3  1  2 -4  1  3  1 -3 -1 -2  3  4    2   0   0   0   0   0   0   0   0   5  16   0   3  14   6   0   3   0  11  38  0.54 0.28
   36 G    0  2 -1  1  0 -2 -1  5  0 -5 -4  1 -1 -5 -1  0 -3 -5 -4 -4    9  14   2   8   2   0   2  43   2   0   0   8   2   0   2   6   0   0   0   0  0.60 0.30
   37 K    0  2  0  1 -4  1  1 -3  1 -2  0  4  0 -3 -3 -1 -1 -4 -3 -2   10   9   3   7   0   7   7   0   3   2  10  31   3   0   0   2   2   0   0   2  0.30 0.22
   38 A    2  1  0 -2 -2  0 -1 -1 -2  0  0  1  0  0 -3  0  0 -3  0  0   24  10   5   0   0   3   2   2   0   4  12  10   2   4   0   4   7   0   2   7  0.11 0.13
   39 I    0 -4 -4 -5 -3 -4 -4 -5 -5  5  2 -4  3 -2 -4 -3  1 -4 -3  2    9   0   0   0   0   0   0   0   0  47  14   0   9   0   0   0   9   0   0  12  0.76 0.31
   40 E    0  1  0 -2 -3  3  1 -1 -2  0 -1  1  1 -2 -3  0  0 -3  0  1    7   8   4   0   0  21   8   4   0   4   4   7   6   0   0   6   4   0   4  12  0.17 0.14
   41 Q   -2  1  0  0 -4  4  1 -2  0 -2 -2  3 -1 -2  1 -1  0 -4 -2 -2    2   6   4   4   0  25   7   2   2   2   4  20   1   2   7   3   5   0   1   3  0.38 0.25
   42 G    4  0 -1 -4 -1 -1 -2  3 -4 -2 -2 -2 -1 -1 -4 -1 -1  3 -1 -2   39   6   2   0   1   3   2  22   0   2   4   2   1   2   0   2   2   4   3   2  0.47 0.29
   43 R   -4  7 -4 -5 -6 -2 -3 -5 -3 -5  0  2 -4 -5 -5 -4 -4  5 -4 -5    0  74   0   0   0   0   0   0   0   0   8   9   0   0   0   0   0   8   0   0  1.71 0.58
   44 Q   -1  0  1  0  1  3  2 -1  1 -1 -1  1  1 -3 -3  0  0 -3  0 -1    5   5   7   3   3  17  15   3   3   4   4   7   4   0   0   4   7   0   3   3  0.19 0.18
   45 K    0  1  1  1 -2  1  1 -2 -1 -2  0  1 -1  1 -2  1  1 -2 -1 -2    9   9   9   9   0   9   9   1   0   0   9   9   0   9   0   9   9   0   0   1  0.12 0.09
   46 F    0  0  0  0 -2  0  1 -1  1  0  1  2  2  0 -2 -1  0 -2  0  0    6   4   4   4   0   4   9   4   4   5  13  15   9   4   1   4   5   0   4   4  0.07 0.09
   47 E    1  0  1  2 -3  2  3  1 -2 -3 -3  1 -3 -3 -2  1  0 -3 -3 -3   13   6   5  10   0  10  18  11   0   1   1   7   0   1   1   9   5   0   0   1  0.29 0.19
   48 P   -1  1 -1 -2 -4  1 -1 -2  0 -2 -3  6 -2 -2  0 -1 -2 -3  1 -3    3   4   2   1   0   5   2   2   2   2   2  61   0   2   4   2   1   0   5   1  0.74 0.29
   49 T   -1 -1  1 -2 -4  0 -1  5  1 -4 -2  3 -3 -4 -3 -1 -1 -4 -3 -4    1   2   9   0   0   2   2  48   3   0   4  24   0   0   0   2   2   0   0   0  0.65 0.23
   50 M   -3 -4 -4 -5 -1 -2 -4 -2 -4  0  3 -4  6  0 -4 -4 -3  7  1 -1    0   0   0   0   1   1   0   4   0   2  34   0  30   2   0   0   0  20   3   1  1.00 0.32
   51 T    0 -3  1 -2 -3 -2 -1 -3 -3 -3 -4 -1 -3 -4 -3  3  6 -5 -4 -2    4   0   8   0   0   0   2   0   0   0   0   2   0   0   0  24  61   0   0   0  0.96 0.37
   52 Q   -3  2 -2 -2 -5  8  0 -4  0 -5 -3  0 -1 -5 -4 -2 -3 -4 -4 -4    0  10   0   2   0  78   1   0   2   0   3   1   1   0   0   1   0   0   0   0  1.55 0.49
   53 A    1  1 -2 -1 -4  1  2 -2 -2 -3 -2  5 -2 -4 -3 -1 -1 -4 -2 -3   12   4   0   1   0   6  12   1   0   1   4  53   0   0   0   3   1   0   1   1  0.59 0.26
   54 E   -1 -2 -1  5 -5  3  4 -3  0 -4 -4  0 -2 -5 -3 -1 -2 -5 -4 -3    3   0   0  38   0  18  32   0   2   0   0   3   1   0   0   1   1   0   0   1  0.89 0.30
   55 L   -3 -4 -5 -6 -3 -4 -5 -6 -5  1  6 -4  0  2 -5 -4 -3 -3 -2  0    0   0   0   0   0   0   0   0   0   3  87   0   0   7   0   0   0   0   0   4  1.20 0.37
   56 G    6 -4 -3 -4 -3 -3 -3  2 -4 -4 -4 -3 -3 -4 -3  0 -2 -5 -4 -2   84   0   0   0   0   0   0  12   0   0   0   0   0   0   0   5   0   0   0   0  1.20 0.41
   57 K    0  1  0  0 -3  3  1 -2 -1 -2 -2  2  0 -3 -2  0  2 -4 -3 -1    7   6   4   5   0  18   8   1   1   1   2  20   2   1   0   2  20   0   0   2  0.29 0.16
   58 E    0  3 -1 -2 -4  1  0 -3 -1 -2  0  5  1 -3 -3 -1 -2 -4 -2 -2    7  14   1   0   0   7   6   1   1   2  12  42   5   0   0   2   0   0   1   1  0.47 0.25
   59 I   -1 -4 -5 -5  4 -4 -5 -5 -5  5  2 -4  1 -1 -4 -2 -1 -4 -3  3    3   0   0   0  11   0   0   0   0  48  14   0   3   1   0   2   2   0   0  16  0.77 0.30
   60 G   -2 -1  6 -1 -1 -1 -2  3  0 -5 -3 -1 -4 -2 -4 -1 -2 -4  1 -4    2   2  51   2   2   2   0  22   2   0   2   3   0   2   0   1   1   0   5   0  0.84 0.35
   61 E   -2 -2 -2 -1 -2 -1  5 -4 -3  2 -2  0 -1 -4 -3 -1  0 -5 -3  2    1   0   1   0   1   0  48   0   0  12   2   5   1   0   0   2   6   0   0  19  0.59 0.31
   62 T   -1  1  1  0 -4  0 -1 -2 -1 -4 -4  4 -3 -4  0  1  2 -5 -3 -3    3   7   7   4   0   1   0   1   1   0   0  41   0   0   3  13  17   0   0   0  0.55 0.28
   63 A    0  0 -1 -1 -3  2  2 -3 -1 -1 -2  0 -2 -4  5 -1 -1 -4 -3  1   10   5   2   3   0  11  13   0   1   2   1   3   0   0  30   2   3   0   0  14  0.52 0.22
   64 A    0  0  1 -1 -3  4  0 -1 -1 -3 -3  1 -1 -4 -1  3  1 -4 -3 -3    6   3   8   1   0  25   2   3   1   1   1   9   1   0   2  30   7   0   0   1  0.46 0.27
   65 T    1 -3 -2 -1 -2 -2 -2 -3 -2  2  0 -3  0 -1 -3 -1  1 -4 -1  4   13   1   2   3   0   1   1   0   1  11   7   0   2   2   0   3  11   0   1  40  0.36 0.22
   66 V   -3 -5 -6 -6 -3 -5 -5 -6 -5  6  1 -5 -1 -2 -5 -5 -3 -5 -1  4    0   0   0   0   0   0   0   0   0  59   9   0   0   0   0   0   0   0   2  30  1.26 0.44
   67 A    2  1  3 -1 -1  3 -1  0 -1 -4 -4  1 -2 -4 -3  2  0 -2 -3 -3   17   7  16   2   1  15   1   6   1   0   0   7   1   0   0  22   3   1   0   0  0.38 0.23
   68 S   -1  2  1  3 -4  1  3 -3 -2 -4 -4  3 -3 -4 -3  0 -2 -4 -1 -4    5  11   4  22   0   5  21   0   0   0   1  20   0   0   0   8   0   0   2   0  0.55 0.26
   69 Y   -3 -5 -5 -6 -4 -4 -5 -6 -2  2  0 -5  0  2 -5 -4 -4  6  8  0    1   0   0   0   0   0   0   0   0  15   8   0   2   5   0   0   0  11  54   4  1.42 0.46
   70 E   -4 -3 -3 -1 -7 -1  7 -5 -3 -2 -6 -2 -5 -6 -4 -3 -4 -6 -5 -5    0   0   0   0   0   0  97   0   0   3   0   0   0   0   0   0   0   0   0   0  2.13 0.66
   71 R    1  3  3 -2 -2  0 -1 -2 -1 -4 -3  1 -3 -4 -3  3  1 -5 -3 -3    9  20  17   0   1   3   1   1   1   0   1   7   0   0   0  33   7   0   0   0  0.53 0.27
   72 G   -2 -5 -1 -2 -2 -4 -3  7 -5 -6 -6 -2 -5 -6 -5 -1 -4 -5 -6 -6    1   0   3   1   1   0   1  88   0   0   0   2   0   0   0   3   0   0   0   0  1.85 0.53
   73 T   -1  3  0  1 -4  0  1 -3 -1 -3 -3  4 -3 -3 -3  0  1 -2 -3 -2    5  21   4   7   0   2   9   0   1   1   2  33   0   1   0   4   8   0   0   3  0.47 0.23
   74 A    4  1  0 -3 -1 -2 -2  0 -1  0 -1 -1  0 -3 -2  0  0 -4 -2 -1   45   8   4   1   1   0   1   7   1   6   7   3   3   0   1   5   4   0   1   4  0.32 0.23
   75 T   -1 -2 -1 -2  0 -1 -1 -3 -1  3  0 -1  0 -1 -1 -2  1 -4 -1  2    3   1   3   2   2   3   4   1   1  27   6   4   2   2   3   1  12   0   2  20  0.22 0.17
   76 P   -3 -6 -6 -5 -6 -4 -5 -6 -6  0 -5 -3 -5 -4  8 -4 -4 -7 -3 -3    2   0   0   0   0   0   0   0   0   6   1   1   0   1  86   1   0   0   1   1  2.55 0.75
   77 D   -2 -1  5  4 -5 -2  1 -2 -1 -5 -5 -1 -4 -5 -1  2  0 -6 -3 -4    1   3  34  26   0   0   7   2   1   0   0   2   0   0   3  14   5   0   1   0  0.80 0.36
   78 Q   -2 -2  1  1 -4  4  1 -2 -2  1  0 -1  0 -3  1 -1 -1 -4 -2  0    2   0   7   7   0  27   9   3   0  11   7   3   3   1   8   2   2   0   1   7  0.28 0.21
   79 N    1  1  0  2 -4  4  1 -2 -1 -3 -2  2 -1 -4 -2  1 -1  0 -3 -2   12   5   4  10   0  25   9   1   1   1   3  12   1   0   1  11   1   1   0   1  0.38 0.24
   80 I   -2 -3 -2 -3 -3 -1 -4 -4 -4  4  2 -4  0 -1 -2 -3  1 -4 -2  4    1   1   1   1   0   3   0   1   0  29  16   0   2   1   2   1  10   0   1  30  0.54 0.28
   81 L    0 -2 -5 -5 -3 -1 -4 -5 -5  3  5 -3  2 -1 -5 -4 -3 -4 -3  1    9   2   0   0   0   3   0   0   0  16  57   1   4   1   0   0   1   0   0   6  0.78 0.35
   82 S    1  1  0 -1 -3  1  0  2 -1 -1 -1  1 -1 -1  0  1  0 -3 -2 -1   10   7   5   1   0   6   7  17   1   3   7   9   1   2   3  14   3   0   1   3  0.12 0.09
   83 K    0  2 -1 -1 -5 -1  0 -3 -1 -5 -3  6 -4 -6 -2 -2 -3 -6 -4 -4    6   9   3   2   0   1   6   1   1   0   2  65   0   0   1   2   1   0   0   1  1.10 0.46
   84 M   -4 -5 -6 -6 -4 -5 -5 -6 -5  4  4 -5  5  0 -5 -5 -3 -4 -3  0    0   0   0   0   0   0   0   0   0  28  49   0  18   3   0   0   0   0   0   2  1.17 0.44
   85 E    2 -2 -1 -2  2 -1  6 -4 -3 -5 -5 -2 -2 -5 -4  2 -2 -5 -5 -3   22   1   2   0   4   1  53   0   0   0   0   0   1   0   0  13   1   0   0   1  0.99 0.46
   86 R   -3  6  0  0 -6  0  0 -4  0 -3 -4  3 -4 -5 -4 -1 -3 -5 -4 -5    1  54   3   6   0   2   5   0   2   2   1  20   0   0   0   3   1   0   0   0  1.12 0.45
   87 V    4 -3 -4 -4 -2 -3 -3 -1 -1  2 -1 -2 -2 -1 -4 -2 -1 -4 -2  3   40   1   0   0   1   1   1   3   2  15   4   2   0   3   0   1   3   0   1  25  0.52 0.30
   88 L   -3 -5 -6 -6 -2 -5 -6 -6 -5  1  6 -5 -1  1 -6 -5 -2 -4 -2 -2    2   0   0   0   1   0   0   0   0   5  83   0   0   6   0   0   2   0   1   1  1.40 0.51
   89 N   -3 -3  3  2 -1 -2  1  6 -2 -6 -6 -3 -5 -6 -4 -2 -3 -5 -5 -5    0   1  17  10   1   1  10  57   1   0   0   1   0   0   0   2   1   0   0   0  1.13 0.43
   90 V   -2 -5 -5 -5 -2 -3 -5 -4 -5  4  0 -3  1 -2 -5 -4  0 -5 -4  5    2   0   0   0   1   1   0   1   0  30   5   1   3   1   0   0   5   0   0  52  1.00 0.41
   91 K   -3  1  0  0 -5  0  1 -3  1 -4 -4  5 -3 -2 -1  1  0 -5 -4 -3    0   7   4   5   0   2   6   0   3   1   0  52   0   2   2  12   4   0   0   1  0.74 0.35
   92 L   -4 -5 -6 -6 -4 -5 -6 -6 -6  2  6 -5 -1 -2 -6 -3 -3 -4 -4 -1    0   0   0   0   0   0   0   0   0   8  88   0   0   0   0   2   1   0   0   2  1.48 0.50
   93 R   -2  7 -1 -3 -4 -1 -1 -3 -1 -4 -1  1 -1 -4 -3 -1  0 -4 -1 -3    3  67   2   0   0   0   3   1   1   0   6   3   1   0   1   3   6   0   2   0  0.98 0.33
   94 G   -1 -3 -2 -2 -4 -1  0  6 -3 -4 -4 -1 -3 -1 -3 -1 -3 -4 -3 -2    3   0   1   0   0   3   8  71   0   0   1   3   0   3   0   2   0   0   0   4  1.04 0.28
   95 A    0  1  1 -1 -3  0  0 -2 -2 -2 -2  4 -1 -1 -1  1 -1 -4 -2 -1    7   6   6   2   0   2   3   0   0   2   4  44   2   3   2  12   1   0   0   5  0.34 0.18
   96 N   -2 -1  2  5 -4 -1  1  0 -2 -1 -2  2 -3 -4 -3 -1  0 -4 -3 -3    1   1  12  37   0   1   6   5   0   4   6  19   0   0   0   2   5   0   0   0  0.47 0.19
   97 I    0  0 -3 -2 -3 -2 -2 -3 -3  4  0  1  0 -1 -3 -1 -2 -3  0  1   11   6   0   2   0   0   2   0   0  46   5  14   1   2   0   2   0   0   3   6  0.32 0.19
   98 G   -1 -2 -2 -3 -4 -3 -2  6 -3 -3 -3 -3 -4 -4 -3 -1 -2 -4 -4 -4    3   2   0   0   0   0   2  82   0   2   2   0   0   0   0   2   2   0   0   0  1.33 0.33
   99 A    0  1 -1  1 -3  2  2 -2 -1 -1 -2  3 -1 -3 -2  1  0 -3 -2 -2   10   4   0   8   0  13  15   2   1   4   3  23   1   0   0   9   7   0   0   0  0.27 0.12
  100 P   -2 -3 -3 -3 -5 -2  1 -2 -4 -4 -3 -1 -4 -5  8 -2 -3 -5 -4 -4    1   0   0   0   0   0  11   2   0   0   2   4   0   0  76   2   0   0   0   0  1.88 0.40
  101 R   -2  1 -2 -2 -3 -1  1 -2 -2  0  3  2  2  0 -3 -1 -1 -3 -1  0    0   8   0   0   0   0   9   3   0   1  37  20   7   4   0   2   1   0   1   5  0.23 0.14
  102 L    0 -2 -1 -2 -2 -1  0  2 -1 -1  0 -1 -1  2  0  0  0 -2 -1  0   10   0   0   1   0   2   8  17   1   0  12   4   0  16   3   8   8   0   0  10  0.09 0.08
  103 G    0 -3  0 -2 -3 -2 -1  3 -1 -2 -4 -1 -2 -3  5  0 -1 -4 -3 -2    9   0   6   0   0   0   5  31   2   2   0   2   1   1  32   5   2   0   0   3  0.68 0.20
  104 P   -1  0 -1 -2 -3 -1 -2 -1 -3 -3 -4  2  0 -4  6  0  0 -5 -4 -3    4   4   3   0   0   1   1   5   0   0   0  19   3   0  49   6   4   0   0   0  0.98 0.25
  105 K   -1  2  1 -2 -4  1 -1  0 -2 -3 -4  5 -3 -4  1 -1 -2 -4 -1 -3    2  11   6   0   0   6   0   9   0   1   0  52   0   0   6   3   0   0   2   1  0.58 0.22
  106 K   -1  1 -1 -2 -4  0  1 -2 -2 -4 -4  6  0 -5  0 -1 -1 -5 -3 -4    3   4   1   0   0   1   7   2   0   0   0  74   2   0   3   3   1   0   0   0  0.96 0.31
  107 K   -2  1 -2 -2 -5  1 -1 -3 -2 -4 -4  7 -3 -5 -3 -2 -2 -5 -4 -4    0   0   0   0   0   3   0   0   0   0   0  97   0   0   0   0   0   0   0   0  1.45 0.34

                      K         Lambda
Standard Ungapped    0.1303     0.3091
Standard Gapped      0.0410     0.2670
PSI Ungapped         0.1615     0.3185
PSI Gapped           0.0494     0.2670
