  126         A         R         N         D         C         Q         E         G         H         I         L         K         M         F         P         S         T         W         Y         V    
  1 C   1  0.000000 -1.332189 -1.332189 -1.332189  3.996567 -1.332189 -1.776252 -1.332189 -1.332189 -0.444063 -0.444063 -1.332189 -0.444063 -0.888126 -1.332189 -0.444063 -0.444063 -0.888126 -0.888126 -0.444063
  2 T   2  0.048955 -0.365399  0.127633 -0.076874 -0.729283 -0.040597 -0.021767 -0.478291 -0.625347 -0.777699 -0.768483  0.112646 -0.338107 -0.984420 -0.565547  0.935025  0.381279 -1.357510 -0.943133 -0.634115
  3 C   3  0.000000 -1.542646 -1.542646 -1.542646  4.627937 -1.542646 -2.056861 -1.542646 -1.542646 -0.514215 -0.514215 -1.542646 -0.514215 -1.028430 -1.542646 -0.514215 -0.514215 -1.028430 -1.028430 -0.514215
  4 V   4 -0.014857 -0.372176 -0.651317 -0.836422 -0.804490 -0.140937 -0.410499 -0.928384 -0.848554 -0.338812 -0.183893 -0.094756  0.251791 -0.673146 -0.792753 -0.088364 -0.263397 -1.181524 -0.727144 -0.159430
  5 P   5 -0.483360 -0.698093 -0.628707 -0.532355 -1.359261 -0.340132 -0.332302 -0.903312 -0.769613 -1.073206 -1.069452 -0.371151 -0.676319 -1.346765  1.269342 -0.367690 -0.478570 -1.558378 -1.018246 -0.768743
  6 P   6  0.085150 -0.386188 -0.546643 -0.666056 -0.841394 -0.096893 -0.209385 -0.793466 -0.794703 -0.771742 -0.725243 -0.121811 -0.386495 -1.135004 -0.256341  0.095909 -0.094559 -1.368371 -0.908018 -0.452369
  7 H   7 -0.604069 -0.235329  0.323140 -0.301203 -1.289457 -0.108921 -0.044682 -0.879357  1.833256 -1.345354 -1.345552 -0.347476 -0.912478 -0.929578 -0.522019  0.030362 -0.089537 -1.290685 -0.027335 -1.176443
  8 P   8 -0.367488 -0.724599 -0.910325 -0.634339 -1.342364 -0.427259 -0.451929 -1.115071 -0.961949 -1.088323 -1.076756 -0.437369 -0.728412 -1.594768  1.873180 -0.435229 -0.356366 -1.827482 -1.251768 -0.721360
  9 Q   9 -0.475440  0.407477 -0.155048 -0.217881 -1.588851  1.522488  0.788802 -1.110614 -0.253523 -1.393418 -0.972997  0.561027 -0.230979 -1.493692 -0.635297 -0.080410 -0.465236 -1.345822 -0.781134 -0.969036
 10 T  10 -0.526676 -0.358004  0.041328  0.620973 -1.812832  0.674743  1.112904 -1.239931 -0.617185 -1.513327 -1.446669  0.026561 -0.904753 -1.788839 -0.824174  0.242650  0.373409 -1.935091 -1.367435 -1.035703
 11 A  11  0.139477 -0.161332 -0.348882 -1.060599 -1.490468  0.052144 -0.208308 -1.117181  0.178338 -1.396352 -1.174017  0.087784 -0.735249 -1.366940 -1.240012  0.049612 -0.468072 -1.951125 -0.610225 -0.982383
 12 F  12 -1.369977 -2.126722 -2.258218 -2.656441 -1.379363 -1.756193 -2.206166 -2.627786 -0.350566  0.047555  0.112988 -2.082720  0.070586  3.016149 -2.858490 -1.621450 -1.468991  0.506562  2.911810 -0.350444
 13 C  13 -0.073564 -2.138750 -2.178049 -2.256014  6.153879 -2.018209 -2.785257 -2.459841 -2.336984 -1.102975 -1.055753 -2.101304 -0.903014 -1.922548 -2.445991 -0.706685 -0.783335 -1.973450 -1.785980 -0.993634
 14 N  14 -0.599363  0.520316  0.737019 -0.334227 -2.210462  0.513635  0.268497 -1.043743 -0.427458 -2.179319 -1.811850  0.748218 -0.966565 -2.229802 -1.335443  0.407040 -0.288320 -2.618784 -1.581700 -1.815652
 15 S  15  1.064533 -0.586773  0.174281 -0.674540 -1.028573 -0.159418 -0.256584 -0.460243 -0.976414 -1.595000 -1.488944 -0.120247 -0.823293 -1.807224 -1.075376  1.895064  0.409195 -2.608442 -1.605906 -1.260984
 16 D  16 -1.428889 -1.328934  0.961715  3.862430 -2.695122  0.224854  1.613057 -0.993917 -0.633238 -2.676892 -3.257297 -0.532995 -2.346941 -2.694744 -0.939607  0.201769 -0.650440 -3.454719 -2.423858 -2.488468
 17 L  17 -1.357390 -2.318317 -2.434969 -2.765803 -1.656051 -1.981672 -2.286093 -2.704537 -0.668005  0.074795 -0.083290 -2.233387 -0.131120  2.940212 -3.052151 -1.715528 -1.426231  0.504605  2.549532 -0.268949
 18 V  18  0.540539 -2.525971 -2.625602 -2.605824 -0.847017 -1.770950 -1.761525 -2.350687 -2.685794  2.133385  0.594586 -1.782738  0.572846 -1.115315 -1.790186 -1.392641 -0.019506 -2.858100 -1.160038  2.996211
 19 I  19 -0.682959 -2.502348 -2.647152 -2.879479 -1.114140 -2.243549 -2.464597 -3.170165 -2.249112  2.078136  1.347509 -2.308431  0.752864  0.648371 -2.691273 -1.578831 -0.840729 -1.913989 -0.110747  1.646367
 20 R  20 -0.792136  1.417056 -0.345176 -1.463594 -2.398447  0.453476  0.017996 -2.071676 -0.484315 -1.787994 -1.216469  1.381812 -0.567805 -2.198075 -1.618135 -0.489702 -0.551269 -2.647043 -1.466880 -1.401928
 21 A  21  1.346324 -1.746882 -1.553443 -1.937801 -1.148535 -1.529842 -1.631552  0.800188 -2.181988 -0.831207 -1.153507 -1.561214 -0.870929 -1.860971 -1.599059 -0.142711 -0.590908 -2.488135 -1.939407 -0.035798
 22 K  22 -0.882920  2.007630  0.183881 -1.077049 -2.585237  0.756559  0.359853 -1.852334 -0.558890 -2.486329 -1.789659  2.375090 -0.937719 -2.589115 -1.373432 -0.125111 -0.255408 -2.700129 -1.695668 -1.941469
 23 F  23 -0.373854 -2.689293 -2.816345 -2.880934 -1.027748 -2.185758 -2.252321 -3.140627 -2.725703  2.781512  1.240367 -2.178697  0.890942 -0.372630 -2.248063 -1.839258 -0.451365 -2.655636 -0.828546  2.964169
 24 V  24 -0.490075 -1.316504 -1.699249 -2.147569 -1.253871 -1.021864 -1.366789 -2.530051 -1.998103  0.817110  0.874151 -0.885313  0.673009 -0.922915 -1.847250 -0.913247 -0.161020 -2.196327 -1.129214  0.893420
 25 G  25 -0.083722 -0.231063  0.337655 -0.096444 -2.065754 -0.028697  0.259513  0.308554 -0.857861 -2.348896 -2.210707  0.166751 -1.399020 -2.253740 -1.187740  0.851882 -0.360359 -2.416690 -1.916029 -1.877448
 26 T  26 -0.354931 -0.277949 -1.037793 -1.466420 -1.639138 -0.411171 -0.534499 -1.945579 -1.407734 -0.446969 -0.511938  0.118793 -0.081382 -1.562780 -1.408105 -0.499075 -0.401328 -2.388016 -1.366699 -0.120969
 27 P  27 -0.636117  0.055480  0.004312 -0.275822 -2.351803  0.441832  0.668435 -1.454640 -0.320099 -2.059796 -1.843304  0.709070 -1.097792 -2.152207 -0.941125  0.182980 -0.328316 -2.554437 -1.422517 -1.545606
 28 E  28 -0.767369 -0.592191 -0.350793  0.081504 -2.298442  0.105291  0.701152 -1.674257 -0.818904 -1.437093 -1.526737 -0.102486 -0.905111 -1.960987 -1.004849 -0.217784 -0.428785 -2.613902 -1.542234 -1.021664
 29 V  29 -0.480449 -1.030850 -1.082711 -1.356980 -1.685832 -0.702079 -0.768687 -1.928324 -1.613852 -0.145024 -0.430599 -0.406102 -0.119536 -1.424671 -1.452347 -0.566363 -0.377634 -2.511868 -1.330768  0.168842
 30 N  30 -0.613347 -0.657330  0.257610 -0.025111 -2.361928 -0.349030 -0.041643 -0.388158 -0.980180 -2.102280 -2.138174 -0.259364 -1.488215 -2.392066 -0.866622  0.009990 -0.505723 -2.797965 -1.980387 -1.644054
 31 Q  31 -0.548831 -0.394794  0.280756  0.415840 -2.500702  0.389899  0.794764 -0.408577 -0.605541 -2.404949 -2.374364 -0.064063 -1.483311 -2.372424 -1.116878  0.335969 -0.618509 -2.651404 -1.789800 -1.893946
 32 T  32 -0.726680 -0.904109  0.174530 -0.396151 -2.070774 -0.412814 -0.218208 -0.487821 -0.916745 -1.844142 -1.754279 -0.520145 -1.187531 -1.679879 -1.459046  0.102563 -0.091827 -1.606983 -1.322734 -1.457616
 33 T  33 -0.559754 -0.884166 -0.260454 -0.232159 -1.771541 -0.470785 -0.301145 -0.831828 -1.087900 -1.502996 -1.634795 -0.644239 -1.105377 -1.974762 -0.419076 -0.064356 -0.164464 -2.439341 -1.706437 -1.140054
 34 L  34 -0.545203 -0.802779 -0.718370 -0.926087 -1.642014 -0.414401 -0.403228 -1.358950 -0.740914 -0.858046 -0.776769 -0.379053 -0.523562 -1.060191 -1.499353 -0.360561 -0.507154 -1.817367 -0.762587 -0.643689
 35 Y  35 -0.935702 -0.179408 -0.574038 -1.122913 -1.853908 -0.231938 -0.438373 -1.696692  0.067611 -1.196649 -0.996273 -0.277590 -0.396670 -0.878861 -1.501450 -0.636463 -0.745010 -1.286088 -0.187484 -1.059411
 36 Q  36 -0.354209 -0.870206 -1.253374 -1.686883 -1.426525 -0.667861 -1.082184 -1.798294 -1.549472 -0.140552 -0.236680 -0.692018 -0.003244 -1.194374 -1.389556 -0.567725 -0.261358 -1.930445 -1.081470  0.068724
 37 R  37 -0.455285  0.580036 -0.507623 -1.208553 -1.928334  0.230735 -0.076051 -1.722958 -0.800305 -1.282140 -1.046098  0.371737 -0.542561 -1.878452 -1.461734 -0.327989 -0.259404 -2.332710 -1.300293 -0.910023
 38 Y  38 -1.017105 -1.812520 -1.942710 -2.514622 -1.526816 -1.265098 -1.814539 -2.404026  0.226330 -0.299938 -0.342381 -1.749679 -0.404431  1.728061 -2.429079 -1.400217 -1.348814  0.228837  3.083377 -0.375069
 39 E  39 -0.555996 -0.387292 -0.104677 -0.169835 -2.047203  0.034504  0.560039 -1.543709 -0.905794 -1.626814 -1.534937  0.066481 -1.055401 -2.104181 -1.313458  0.112445  0.326384 -2.568947 -1.697499 -1.106563
 40 I  40 -0.223899 -2.371914 -2.495283 -2.631240 -1.072154 -1.860296 -1.986942 -2.775657 -2.532345  2.092956  0.980580 -1.870891  0.741518 -0.558124 -2.105090 -1.499576 -0.374020 -2.540131 -0.954344  2.316277
 41 K  41 -0.787294  0.874523  0.270999 -0.636329 -2.582542  0.786609  0.696898 -1.608776 -0.317336 -2.397850 -1.879589  1.737275 -0.982484 -2.423311 -1.266569  0.093057 -0.591655 -2.599589 -1.527978 -1.818401
 42 M  42 -0.567390 -1.693525 -1.974383 -2.317994 -1.314381 -1.099789 -1.517051 -2.829964 -1.824854  1.426981  0.550839 -1.274754  0.635157 -0.940423 -2.037893 -1.318596 -0.461540 -2.460231 -0.870195  1.650374
 43 T  43 -0.792421 -0.432637 -0.440152 -0.936817 -1.993954 -0.121229 -0.253836 -2.008509 -1.133488 -0.874895 -0.697794  0.150900 -0.302196 -1.731040 -1.645389 -0.275606 -0.295021 -2.506566 -1.444790 -0.652306
 44 K  44 -0.762762  0.970012 -0.013269 -0.580840 -2.611357  0.683342  0.846467 -1.793752 -0.626710 -2.316767 -1.790990  1.804051 -0.968196 -2.433055 -1.324601 -0.017841 -0.428626 -2.655262 -1.700926 -1.709046
 45 M  45 -0.384216 -2.072743 -2.143772 -2.448735 -1.158285 -1.508091 -1.762351 -2.807646 -2.387522  1.729463  0.879769 -1.546651  1.019106 -0.786737 -1.974863 -1.158596 -0.180684 -2.513241 -1.101939  1.953739
 46 Y  46 -1.700570 -2.219303 -2.500685 -3.061602 -1.738135 -1.819036 -2.386317 -3.060427 -0.413059 -0.019764  0.333138 -2.181916  0.009413  2.693091 -3.179952 -1.925216 -1.623006  0.895064  3.044509 -0.502369
 47 K  47 -0.995932  1.728482 -0.201408 -1.178396 -2.780501  0.726030  0.607766 -2.016251 -0.783797 -2.558900 -1.725657  3.536576 -0.874067 -2.425656 -1.299770 -0.251913 -0.960317 -2.599488 -1.575134 -1.853978
 48 G  48 -0.210633 -0.653360  0.094571 -0.366083 -2.276173 -0.120730 -0.277097  0.832665 -1.124864 -2.458209 -2.331941 -0.431693 -1.435742 -2.482932 -1.418667  0.164849 -0.817459 -2.494624 -2.072802 -1.822237
 49 F  49 -0.552825 -0.737002  0.156342 -0.623393 -2.143202 -0.601045 -0.548009 -0.452293 -1.012530 -2.044107 -1.942408 -0.408262 -1.316442 -1.746886 -0.714004  0.283769 -0.192481 -2.424628 -1.581913 -1.680527
 50 Q  50 -0.499922 -0.563061  0.192409  0.175604 -2.087522  0.057361  0.247188 -0.784127 -0.926389 -2.023907 -1.962733 -0.049859 -1.219668 -2.271726 -0.493377  0.492735 -0.152624 -2.608289 -1.834595 -1.601560
 51 A  51 -0.472426 -0.375293 -0.419426 -0.599405 -1.905886  0.056313 -0.016175 -1.286062 -0.942758 -1.391384 -1.168320  0.180021 -0.527606 -1.721374 -1.128076 -0.025221 -0.584068 -2.223206 -1.391372 -1.050560
 52 L  52  0.000947 -0.793211 -1.125894 -1.687026 -1.343682 -0.726001 -1.017088 -1.287882 -1.488664 -0.520332 -0.256856 -0.541461 -0.002153 -1.217782 -1.286374 -0.265055 -0.487437 -1.976880 -1.265104 -0.305426
 53 G  53 -0.635881 -0.407638 -0.831187 -1.114990 -1.866696 -0.590084 -0.696448 -1.066647 -1.180078 -1.102192 -0.973143 -0.153147 -0.622299 -1.040963 -1.514885 -0.606671 -0.773161 -1.836040 -1.061961 -0.892366
 54 D  54 -0.570432 -0.134555 -0.369557 -0.764947 -1.880009 -0.203481 -0.285466 -1.320193 -0.939639 -1.238443 -1.206600  0.119206 -0.722847 -1.823059 -0.837506 -0.332356 -0.419416 -2.377235 -1.469319 -0.906766
 55 A  55 -0.405889 -0.479304 -0.840096 -0.968310 -1.674694 -0.355456 -0.434254 -1.515075 -1.188410 -0.847382 -0.749262 -0.313630 -0.382152 -1.382152 -1.142189 -0.377094 -0.400339 -2.112798 -1.257701 -0.610633
 56 A  56 -0.251852 -0.595853 -0.639313 -1.166167 -1.602758 -0.381890 -0.655148 -0.896016 -1.280565 -1.181024 -0.761527 -0.469123 -0.508116 -1.663347 -1.168150 -0.120729 -0.207462 -2.081731 -1.512464 -0.887223
 57 D  57 -0.831463 -0.311134  0.220716  0.452405 -2.352270  0.174045  0.405010 -0.521783 -0.478685 -2.315781 -2.225186  0.027912 -1.426004 -2.164619 -1.288689 -0.011357 -0.681854 -2.420870 -1.590409 -1.906990
 58 I  58 -0.685180 -0.478497 -0.776810 -1.022885 -1.832092 -0.278479 -0.487469 -2.024272 -1.199033 -0.642899 -0.683272 -0.214047 -0.379728 -1.630422 -1.366961 -0.432413 -0.173162 -2.472878 -1.361606 -0.424468
 59 R  59 -0.703731 -0.275514 -0.347795 -0.635294 -2.225956  0.116546  0.017778 -1.319758 -0.921205 -1.448075 -1.360177 -0.233514 -0.737955 -2.086536 -1.190144 -0.296453 -0.467172 -2.533737 -1.632566 -1.089724
 60 F  60 -0.691077 -0.949660 -1.135292 -1.578774 -1.650756 -0.747201 -0.756655 -2.043557 -0.716338 -0.590635 -0.657488 -0.856459 -0.397904 -0.343743 -1.844247 -0.678022 -0.476693 -1.562625 -0.023057 -0.422154
 61 V  61 -0.648460 -2.149941 -2.480954 -2.884374 -1.120634 -1.950902 -2.267582 -3.101318 -2.450628  1.984870  1.628627 -1.933144  0.971567 -0.103766 -2.427027 -1.590891 -0.626218 -2.219797 -0.760217  1.706367
 62 Y  62 -1.420253 -1.580092 -1.717796 -2.459618 -1.715388 -1.060782 -1.703013 -2.273351 -0.264011 -1.011253 -0.639598 -1.543501 -0.394902  0.723896 -2.560462 -1.272685 -0.938948  1.464923  1.983804 -1.019871
 63 T  63  0.057143 -1.100531 -0.536743 -1.260468 -0.994621 -0.800028 -0.967243 -1.621375 -1.415596 -0.426965 -0.567944 -0.916592 -0.449566 -1.251727 -1.263909  0.487849  1.942326 -1.872218 -1.096123  0.082377
 64 P  64 -0.181665 -1.190438 -1.136052 -1.142809 -1.960669 -0.707328 -0.802328 -1.167083 -1.374413 -1.796573 -1.691762 -0.772958 -1.057357 -2.372032  1.525185 -0.246646 -0.602095 -2.592675 -1.888823 -1.237106
 65 A  65 -0.137566 -0.289842 -0.544398 -0.906413 -1.889754 -0.247918 -0.258946 -0.933833 -1.001333 -1.661411 -1.441175 -0.042137 -0.864134 -1.905381 -0.829154  0.041040 -0.488854 -2.459167 -1.588626 -1.244048
 66 M  66 -0.305649 -0.901644  0.093759 -0.218947 -1.715737 -0.216312 -0.169884 -0.976408 -0.896894 -1.245695 -1.339092 -0.389805 -0.614480 -1.726511 -1.412694  0.611080 -0.200387 -2.557201 -1.500594 -1.008835
 67 E  67 -0.491874 -1.049803  0.138974  0.890370 -1.988917 -0.135135  0.444119 -0.443734 -0.828230 -2.162833 -2.292050 -0.521498 -1.529491 -2.019641 -1.108022  0.667694 -0.277238 -1.930992 -1.718912 -1.861811
 68 S  68  0.558439 -1.194705 -0.730958 -1.257066 -0.445152 -0.910371 -1.057909 -0.559043 -1.532716 -1.094733 -0.952637 -0.988637 -0.729519 -1.501077 -1.462980  0.608657  0.066470 -1.776832 -1.512024 -0.829662
 69 V  69  0.160108 -0.893936 -0.698732 -1.336615 -1.133526 -0.583030 -0.873051 -1.404218 -1.358352 -0.460012 -0.232805 -0.736321 -0.027211 -1.343625 -1.439812  0.029172 -0.086904 -2.263524 -1.321720 -0.254262
 70 C  70 -0.056963 -2.417061 -2.575362 -2.671793  7.397017 -2.512619 -3.416550 -2.671163 -2.545902 -0.967236 -0.941875 -2.499138 -0.874222 -1.850516 -2.679769 -0.900651 -0.905384 -1.892018 -1.796987 -0.953431
 71 G  71 -0.076776 -1.249383 -0.206396 -0.652006 -2.083711 -1.083149 -1.094910  2.586707 -1.403806 -2.664320 -2.646866 -1.076262 -1.910463 -2.345490 -0.390284  0.079951 -1.063490 -1.939979 -2.168398 -1.985638
 72 Y  72 -0.341989 -1.599718 -1.858999 -2.122982  1.676044 -1.423117 -1.916768 -2.202737 -1.552830  0.141822 -0.200908 -1.410069 -0.101383 -0.725641 -1.943726 -0.992714 -0.593953 -1.491224 -0.436746  0.314436
 73 F  73 -0.490440 -0.077172 -0.445564 -0.709162 -1.772127 -0.044420 -0.054314 -1.385619 -0.728837 -1.564727 -1.352818  0.294679 -0.840358 -1.814358  0.122182 -0.089962 -0.125147 -2.159679 -1.354508 -1.142109
 74 H  74 -0.534815 -1.068481 -0.958980 -1.304538  0.251561 -0.684250 -1.135106 -1.665087 -0.758785 -0.635659 -0.401951 -0.952477 -0.251745 -0.760730 -1.352014 -0.592960 -0.716469 -1.429274 -0.632397 -0.633450
 75 R  75 -0.611771 -1.075346 -1.101557 -0.736406 -1.772018 -0.572756 -0.464511 -1.545705 -1.357916 -0.963274 -0.812047 -0.684733 -0.577499 -1.598339  0.304964 -0.591377 -0.594521 -2.249956 -1.445536 -0.714773
 76 S  76 -0.306078 -0.775955 -0.264146 -0.398229 -1.659386 -0.382164 -0.304314 -0.986361 -1.033423 -1.161742 -1.288277 -0.345072 -0.824664 -1.705635 -1.145579  0.179826 -0.011843 -2.311986 -1.458483 -0.825250
 77 H  77 -0.827659 -1.508021 -1.287869 -2.147765 -1.463026 -1.258820 -1.751724 -2.068182 -1.583316  0.064694  0.797698 -1.391537  0.336682 -0.320126 -1.730466 -0.906496 -0.752171 -1.832586 -0.790193 -0.258715
 78 N  78 -0.750685  0.043672  0.533153 -0.272163 -2.275156  0.374404  0.316724 -0.786420 -0.302090 -1.914667 -1.695861  0.173071 -0.986707 -2.118359 -1.371331  0.021116 -0.562356 -2.459130 -1.493085 -1.556756
 79 R  79 -0.475512 -0.597184 -1.095960 -1.119984 -1.811606 -0.347270 -0.342277 -1.742254 -1.381595 -0.712434 -0.654126 -0.228845 -0.359279 -1.761525 -0.487257 -0.614483 -0.564811 -2.432058 -1.511196 -0.372734
 80 S  80 -0.283296 -0.897990  0.648634 -0.441091 -2.472182 -0.847674 -0.818278  2.500181 -1.154306 -3.010264 -2.900302 -0.513755 -2.018078 -2.554682 -1.487767  0.387277 -1.066827 -2.330668 -2.258284 -2.356251
 81 E  81 -0.609099  0.480120 -0.173507 -0.545264 -2.386814  0.621260  0.730947 -1.337114 -0.583852 -2.090370 -1.690327  1.152261 -0.935183 -2.181003 -1.226490  0.035572 -0.457852 -2.342743 -1.448687 -1.509763
 82 E  82 -0.681054 -0.396595 -0.041890  0.269819 -2.435549  0.449308  1.180352 -1.587709 -0.572509 -1.878397 -1.859402  0.059533 -1.204510 -2.119531 -0.904496  0.098125 -0.160590 -2.580803 -1.493466 -1.348914
 83 F  83 -1.824601 -2.063405 -2.156460 -2.993644 -1.827570 -1.307768 -2.148603 -2.998832  0.941232 -0.532469 -0.367564 -2.039259 -0.525606  2.811304 -3.023287 -1.929244 -1.806621  1.381409  5.248810 -0.732186
 84 L  84 -0.828444 -2.211644 -2.910379 -3.582551 -1.012443 -2.051524 -2.757317 -3.700109 -2.852414  2.207214  3.038285 -2.092583  1.603266 -0.021593 -2.808614 -1.907722 -0.878505 -2.092833 -0.885616  1.516772
 85 I  85 -0.810022 -2.653510 -2.837405 -3.062251 -1.050845 -2.408158 -2.637535 -3.528996 -2.718973  2.832209  1.880638 -2.431088  1.134053  0.210624 -2.719303 -1.855870 -0.738788 -2.365601 -0.681167  2.351097
 86 A  86  0.412804 -1.292706 -1.377898 -2.083561 -0.964987 -0.904348 -1.543814 -1.460231 -1.780706 -0.257950  0.091758 -1.200211  0.846289 -0.755887 -1.686768  0.048004  0.190196 -1.789727 -1.119600  0.025671
 87 G  87  0.325081 -1.731902 -0.212516 -1.007412 -2.527994 -1.578001 -1.668828  4.622163 -1.860965 -3.461820 -3.443694 -1.706215 -2.544188 -2.782143 -1.764252  0.146203 -1.591597 -2.093794 -2.697456 -2.523926
 88 K  88 -0.891167  0.922443  0.075928 -0.934493 -2.426128  0.627550  0.136411 -1.718539  0.094664 -2.136580 -1.748134  0.724005 -0.883116 -1.813275 -1.662676 -0.143686 -0.649302 -2.254403 -0.788827 -1.832011
 89 L  89 -0.397627 -1.158793 -1.275998 -1.574893 -1.656933 -0.807031 -0.925704 -1.855561 -1.619912 -0.196355 -0.383129 -0.753905 -0.088684 -1.180652 -1.795925 -0.552553 -0.396601 -2.215676 -1.128081  0.089999
 90 Q  90 -0.751226 -0.151908  0.003212 -0.180572 -2.384072  0.168163  0.536383 -1.521163 -0.197443 -1.804829 -1.873179  0.048522 -1.128756 -2.043042 -1.296223 -0.064384 -0.449576 -2.599782 -1.283600 -1.380417
 91 D  91 -1.023481 -0.585774  0.788300  1.270381 -2.575246  0.065273  0.632254 -0.546418 -0.556692 -2.504785 -2.593089 -0.276107 -1.741553 -2.295978 -1.276005  0.201091 -0.579545 -2.863882 -1.932917 -2.208755
 92 G  92 -0.231480 -1.253885  0.469175 -0.168226 -2.477863 -0.975523 -0.811821  2.768196 -1.297605 -3.032102 -3.015559 -0.979836 -2.182830 -2.589912 -1.504210  0.354848 -1.033365 -2.327486 -2.400261 -2.366605
 93 L  93 -0.737960  1.121802  0.080751 -0.723708 -2.456954  0.745483  0.479083 -1.335498 -0.485616 -2.211540 -1.752520  1.240839 -0.828987 -2.307046 -1.366185 -0.091385 -0.600076 -2.479374 -1.512873 -1.734762
 94 L  94 -0.525182 -1.673714 -2.172269 -2.891044 -1.132824 -1.541159 -2.169907 -2.638019 -2.031617  0.845176  1.642747 -1.584526  0.940309 -0.118948 -2.188826 -1.325106 -0.874133 -1.624622 -0.568976  0.492671
 95 H  95 -0.900222 -0.946878 -1.084941 -1.874264 -1.740116 -0.545819 -1.025104 -2.244261 -0.174757 -0.425841 -0.272138 -1.034445 -0.054608 -0.665694 -2.020361 -0.924581 -0.564205 -1.426852 -0.092896 -0.334942
 96 I  96 -0.425141 -2.116079 -2.332618 -2.740648 -0.966538 -1.883268 -2.189237 -3.004035 -2.418860  1.834599  1.526123 -1.899088  0.863430 -0.358586 -2.177540 -1.333247 -0.073862 -2.234623 -0.938125  1.679660
 97 T  97 -0.595706 -1.085742  0.800404  0.106321 -2.041238 -0.609719 -0.460296  0.104483 -0.750627 -2.059033 -2.169977 -0.850574 -1.477657 -2.101072 -1.205189  0.517306  0.283012 -2.512375 -1.802033 -1.639550
 98 T  98 -0.326487 -0.859232 -1.082089 -1.595499 -1.443396 -0.538516 -0.861700 -1.934362 -1.132611 -0.586017 -0.116446 -0.669406  0.013682 -1.098965 -1.194119 -0.242586 -0.392273 -2.106227 -1.032320 -0.529691
 99 C  99 -0.165756 -1.410886 -1.216947 -1.490922  3.460935 -1.361289 -1.853115 -1.668096 -1.519762 -1.306389 -1.258616 -1.277581 -0.952529 -1.816739 -1.948482 -0.333422 -0.667204 -1.984830 -1.574857 -1.155944
100 S 100 -0.178948 -0.925951  0.947997  0.566674 -1.646287 -0.284194 -0.063983  0.412507 -0.494662 -2.124033 -2.245637 -0.499132 -1.464020 -1.963442 -1.081614  1.437407  0.030514 -2.460602 -1.731811 -1.914929
101 F 101 -1.276049 -1.794793 -2.033745 -2.381804 -1.452146 -1.530677 -1.968372 -1.888541 -0.973089 -0.243786 -0.011071 -1.797797 -0.070129  1.446803 -2.490081 -1.500206 -1.255984  0.934102  1.325412 -0.526648
102 V 102 -0.102361 -1.727045 -1.601473 -2.034592 -1.031237 -1.378593 -1.500353 -2.180340 -1.796237  1.263743  0.335696 -1.373237  0.261115 -0.821194 -1.777646 -0.952400 -0.081088 -2.316821 -0.830958  1.551112
103 A 103 -0.545695 -0.027311 -0.949023 -1.340182 -1.785050  0.040679 -0.192497 -1.990796 -0.867724 -0.721743 -0.388563  0.102272 -0.003181 -1.374324 -1.447791 -0.605362 -0.645562 -2.038197 -0.967230 -0.499467
104 P 104 -0.650009 -0.153430 -0.814730 -0.647122 -2.303604  0.086325  0.288933 -1.634705 -0.847619 -1.989523 -1.743298  0.269296 -1.063188 -2.293827  1.202770 -0.413228 -0.685668 -2.533734 -1.591588 -1.436815
105 W 105 -2.085647 -2.209290 -2.866168 -2.949016 -1.550417 -1.491778 -2.211812 -1.699348 -1.213841 -1.983217 -1.356485 -2.213171 -0.734037  0.950745 -2.990126 -2.138721 -1.515369  7.000062  1.839102 -2.005441
106 N 106 -0.593156  0.273610  0.439722  0.178938 -1.959398  0.393271  0.478032 -1.084711 -0.399828 -1.918237 -1.759474  0.612638 -1.072699 -2.041453 -0.848059  0.294082 -0.131996 -2.364046 -1.466281 -1.556943
107 S 107 -0.640804  0.049370  0.541923  0.698969 -1.826632  0.404079  0.741117 -0.897482 -0.417487 -1.822857 -1.735471  0.545323 -1.076252 -1.832863 -0.846726  0.360908 -0.159058 -2.091607 -1.407745 -1.519320
108 L 108 -0.302006 -0.796537 -1.157682 -1.537689 -0.821155 -0.660928 -0.987065 -1.614462 -1.285815  0.391669  0.749353 -0.594076  0.612911 -0.520328 -1.302906 -0.601569 -0.300784 -1.361825 -0.740889  0.357400
109 S 109 -0.146381 -0.473417  0.139701 -0.240574 -1.046716 -0.137402 -0.077852 -0.814401 -0.787356 -1.148498 -1.061262 -0.126381 -0.688802 -1.327713 -0.478786  0.781121  0.923188 -1.332185 -1.141619 -0.847433
110 L 110 -0.389670  0.043667 -0.414834 -0.722322 -1.387685 -0.101286 -0.184935 -1.188303 -0.838921 -0.947996 -0.720903  0.355377 -0.445397 -1.365017 -0.458000 -0.194591 -0.265499 -1.774818 -1.135423 -0.715448
111 A 111 -0.052075 -0.029104 -0.167123 -0.243568 -1.307490  0.043708  0.243777 -0.852032 -0.404627 -1.213119 -1.144897  0.103248 -0.744080 -1.258416 -0.801580  0.232420 -0.028173 -1.679481 -0.976312 -0.909683
112 Q 112 -0.644961  0.077373 -0.448869 -0.398707 -1.674265  1.360160  0.676161 -1.449971 -0.378494 -1.125636 -0.754695  0.166499 -0.030261 -1.023986 -0.986078 -0.298252 -0.584642 -1.226307 -0.549236 -0.799110
113 R 113 -0.537741  1.329783 -0.207567 -0.891318 -1.602134  0.526507  0.166037 -1.252892 -0.481134 -1.363749 -0.825111  1.419855 -0.352558 -1.550503 -0.910852 -0.318884 -0.502538 -1.652131 -1.071481 -1.097781
114 R 114 -0.574328  1.257148 -0.124908 -0.772063 -1.660021  0.427164  0.210025 -1.185775 -0.224388 -1.477341 -1.022704  1.229596 -0.514944 -1.368747 -0.996918 -0.273564 -0.563540 -1.604569 -0.913809 -1.259728
115 G 115  0.284073 -0.545469 -0.248897 -0.710313 -1.020985 -0.604952 -0.646910  0.893710 -0.875324 -1.401398 -1.331765 -0.444143 -0.971862 -1.351612 -0.994621  0.198666 -0.539170 -1.387604 -1.261289 -1.040708
116 F 116 -0.579472 -1.275795 -1.510814 -1.844772 -0.722520 -1.199155 -1.485899 -1.956261 -1.271065  0.902285  1.153995 -1.225069  0.615328  0.496784 -1.658460 -0.959850 -0.490531 -0.955016 -0.114235  0.542516
117 T 117 -0.339671  0.745625  0.449949 -0.409398 -1.405639  0.397824  0.234951 -0.782725 -0.280061 -1.395609 -1.110625  0.844459 -0.597563 -1.513468 -0.813229  0.219131 -0.083530 -1.682032 -1.064168 -1.119368
118 K 118 -0.400323  0.056571 -0.054052 -0.494679 -1.325503  0.156511 -0.000430 -0.594423  0.245094 -1.252975 -1.069748  0.120636 -0.617041 -0.896388 -0.890118 -0.039405 -0.429246 -1.173446 -0.385005 -1.030798
119 T 119 -0.425519 -0.041711 -0.670236 -1.087308 -1.022994 -0.325776 -0.633947 -1.085919 -0.651227 -0.334677 -0.155704 -0.314638  0.104557 -0.508121 -1.148122 -0.515058 -0.376272 -1.049712 -0.513597 -0.319818
120 Y 120 -0.827605 -0.547042 -0.791206 -1.193014 -1.121978 -0.324452 -0.638091 -1.377932  0.451486 -0.623249 -0.519743 -0.521700 -0.397018  0.757563 -1.275444 -0.762022 -0.836433  0.169977  1.932104 -0.607545
121 T 121 -0.203777  0.363260  0.213270 -0.177725 -1.260565  0.437918  0.291503 -0.455523 -0.119287 -1.368907 -1.154210  0.562536 -0.640499 -1.344481 -0.632059  0.228760 -0.272989 -1.430214 -0.887815 -1.071836
122 V 122 -0.238517 -0.066379 -0.463295 -0.794176 -0.907234  0.021530 -0.253021 -0.991668 -0.545396 -0.629821 -0.303734  0.199615 -0.041830 -0.769016 -0.839050 -0.210649 -0.307452 -1.083643 -0.506780 -0.449352
123 G 123 -0.131086 -0.496082  0.193282 -0.363473 -1.214621 -0.281845 -0.417973  0.779862 -0.438054 -1.420766 -1.350151 -0.377292 -0.903664 -1.174946 -0.653368  0.199676 -0.413776 -1.186928 -0.939956 -1.105217
124 C 124  0.000000 -1.393748 -1.393748 -1.393748  4.181244 -1.393748 -1.858331 -1.393748 -1.393748 -0.464583 -0.464583 -1.393748 -0.464583 -0.929165 -1.393748 -0.464583 -0.464583 -0.929165 -0.929165 -0.464583
125 E 125 -0.262401 -0.138077  0.264936  0.335322 -0.909976  0.147147  0.324781  0.090611 -0.208177 -0.939420 -0.928921  0.029265 -0.606969 -0.886594 -0.371479  0.081197 -0.295128 -0.902806 -0.695715 -0.752422
126 E 126 -0.116827  0.036775  0.024189  0.169316 -0.308992  0.116724  0.240535 -0.161087 -0.052357 -0.277914 -0.264732  0.161834 -0.167795 -0.277914 -0.097542 -0.004904 -0.092638 -0.297804 -0.205166 -0.214369
