   50         A         R         N         D         C         Q         E         G         H         I         L         K         M         F         P         S         T         W         Y         V    
  1 G   1  0.092961 -0.334344 -0.046480 -0.202032 -0.466656 -0.334344 -0.334344  0.933313 -0.357584 -0.645449 -0.645449 -0.334344 -0.489896 -0.513137 -0.334344  0.023240 -0.311104 -0.380825 -0.513137 -0.466656
  2 S   2  0.056878 -1.291642 -1.115847 -1.207333  3.411153 -1.211444 -1.606340 -1.217175 -1.304292 -0.577038 -0.581840 -1.213901 -0.503195 -1.007225 -1.279587 -0.139835 -0.315890 -1.095999 -0.995927 -0.554293
  3 E   3 -0.229370 -0.549844 -0.302395 -0.156335 -1.417000 -0.012765  0.134882 -0.861508 -0.627847 -1.302626 -1.290119 -0.157920 -0.808691 -1.538210  0.228455  0.132315 -0.104422 -1.837150 -1.186878 -0.909410
  4 G   4 -0.360388 -0.509810  0.093998 -0.345195 -1.567534 -0.133041 -0.078346 -0.729067 -0.328380 -1.468380 -1.430432 -0.260260 -0.911653 -1.494227 -0.133818  0.135514 -0.282964 -1.896710 -0.990244 -1.146643
  5 K   5 -0.468363  0.045793 -0.267916 -0.826267 -1.587262 -0.041683 -0.236008 -1.159823 -0.321698 -1.279432 -1.181021  0.088947 -0.655523 -1.475086 -0.663651 -0.132536 -0.358644 -1.898184 -0.971891 -0.995028
  6 T   6 -0.150271 -0.556565  0.031114 -0.569809 -1.179724 -0.263742 -0.326026 -1.040057 -0.901800 -1.230287 -1.181738 -0.292799 -0.780088 -1.664922 -0.452288  0.482251  0.938200 -1.960615 -1.352916 -0.772609
  7 C   7 -0.000898 -2.722778 -2.701540 -2.707257  8.056949 -2.705286 -3.607465 -2.719393 -2.734529 -0.938426 -0.936765 -2.706591 -0.924031 -1.854232 -2.735203 -0.888096 -0.901305 -1.870297 -1.847899 -0.926940
  8 G   8 -0.339319 -0.607167 -0.203709 -0.433531 -2.015362 -0.143952 -0.163168 -0.825842 -0.939929 -2.029189 -1.847496 -0.311125 -1.184525 -2.236554 -0.188073  0.346627 -0.222916 -2.618741 -1.782127 -1.599521
  9 P   9 -0.247854 -0.971002 -0.699944 -0.448754 -2.105974 -0.292514 -0.022989 -1.156421 -1.144719 -2.019936 -1.972845 -0.388371 -1.305432 -2.409558  0.935519  0.124762 -0.456906 -2.796609 -1.864317 -1.455294
 10 S  10 -0.813379 -0.935854  0.900564  0.480974 -2.322339 -0.404949 -0.126302  0.262909 -0.416081 -2.471801 -2.529678 -0.690453 -1.742860 -2.095210 -1.404599  0.344872 -0.459540 -2.373568 -1.633197 -2.129682
 11 S  11 -0.870486  0.018385 -0.085945  0.252523 -2.728032  1.652872  1.689772 -1.701915  0.016057 -2.365945 -2.037014  0.424203 -0.971904 -2.109384 -1.259914 -0.007897 -0.627423 -2.086199 -1.035927 -1.723744
 12 F  12 -1.781455 -2.542679 -2.623976 -2.786324 -1.916992 -2.424591 -2.555530 -2.809048 -0.722130 -0.162273 -0.136072 -2.551476 -0.080036  4.439903 -3.522942 -1.817243 -1.758405  0.811671  2.588672 -0.885869
 13 S  13 -0.527056  0.759193 -0.375355 -1.035242 -2.204908  0.922097  0.196131 -1.842688 -0.614923 -2.049729 -1.514219  0.659721 -0.651099 -2.328281 -1.024831 -0.112435 -0.195255 -2.484129 -1.477192 -1.511749
 14 C  14  0.000000 -2.945377 -2.937071 -2.945377  8.732690 -2.938356 -3.910358 -2.953684 -2.953684 -0.959244 -0.973287 -2.938356 -0.973287 -1.967639 -2.938356 -0.977739 -0.930470 -1.981682 -1.967639 -0.943916
 15 P  15 -0.215792 -0.334266 -0.155293 -0.463896 -2.009632 -0.188409 -0.236299 -0.443093 -0.775644 -2.119085 -1.954583 -0.122145 -1.284094 -2.241950 -0.846495  0.060305 -0.628390 -2.583997 -1.725123 -1.642852
 16 G  16 -1.031356 -0.639930  2.533158  1.087645 -2.373860 -0.143809  0.175089 -0.235517 -0.210411 -2.501527 -2.624834 -0.297052 -1.757687 -2.519800 -1.452261  1.024839  0.022589 -3.267914 -2.012887 -2.338232
 17 T  17 -0.083102 -1.181465  0.292770 -0.357575 -2.042976 -0.929834 -0.851363  2.078095 -1.265552 -2.537063 -2.545237 -0.952410 -1.807123 -2.239570 -1.370537  0.682479 -0.432232 -2.130869 -2.119306 -1.983225
 18 H  18 -0.410264 -0.382623  0.445741 -0.400195 -1.780068 -0.274082 -0.270868  0.151864 -0.163266 -1.854989 -1.768944 -0.295131 -1.189002 -1.673648 -1.177744  0.242329 -0.380416 -1.893274 -1.195987 -1.520176
 19 V  19 -0.694351  0.727567 -0.511329 -0.947237 -1.917969  0.480613  0.227275 -1.766753 -0.615556 -1.541936 -1.188662  0.633212 -0.580188 -1.788236 -1.421032 -0.467776 -0.595691 -2.092881 -1.190515 -1.210234
 20 C  20 -0.037988 -2.894191 -2.899113 -2.933194  8.459737 -2.888969 -3.855897 -2.950718 -2.906939 -0.946546 -0.929991 -2.885148 -0.941063 -1.904457 -2.922388 -0.980766 -0.961514 -1.971571 -1.914658 -0.954449
 21 V  21 -0.832438 -2.674312 -2.804989 -2.972901 -1.088918 -2.503743 -2.640038 -3.646704 -2.715812  3.146980  1.710376 -2.493452  0.939825 -0.128324 -2.745831 -1.870229 -0.798532 -2.690778 -0.775309  2.591066
 22 P  22 -0.555549 -1.222956 -0.723172 -0.531841 -2.325640 -0.483490 -0.437229 -1.480898 -1.162369 -2.355484 -2.279878 -0.589532 -1.482372 -2.805344  2.245377  0.022204 -0.546504 -3.241223 -2.126420 -1.795737
 23 E  23 -0.509911 -0.227688 -0.524414 -1.166954 -2.080913  0.009097 -0.298102 -1.555918 -1.019600 -1.476539 -1.079840  0.131378 -0.512519 -1.845002 -1.440467 -0.127878 -0.658983 -2.445686 -1.424933 -1.181559
 24 R  24 -0.241670 -0.427852 -0.057232 -0.568929 -1.916224 -0.101994 -0.111475 -1.197672 -0.570837 -1.816311 -1.705694 -0.249632 -1.032890 -1.774262 -1.489968  0.630432 -0.104108 -2.257037 -1.269786 -1.536613
 25 W  25 -1.686519 -1.475670 -2.177118 -2.483109 -2.059193 -0.785724 -1.499564 -2.177488 -1.145107 -1.846155 -1.134403 -1.235491 -0.527074  0.085274 -2.737085 -1.549430 -1.393239  3.040292  0.731134 -1.778414
 26 L  26 -0.772961  0.009734 -1.417777 -2.239819 -1.961073 -0.418646 -0.948331 -2.587355 -1.041223 -0.320209 -0.223119 -0.169731  0.052751 -1.396657 -2.034137 -1.193080 -0.702672 -2.272340 -0.954392 -0.076253
 27 C  27 -0.031703 -2.971543 -2.942191 -2.974732  8.796930 -2.964653 -3.954046 -2.951291 -2.923035 -1.031561 -1.028080 -2.974996 -1.013992 -1.976213 -2.992875 -0.999450 -1.009960 -1.948644 -1.944970 -1.028176
 28 D  28 -1.947180 -1.665230  1.735066  5.038401 -2.964477 -0.008490  1.635351 -0.861968 -0.703641 -2.937315 -3.759279 -0.817506 -2.774301 -2.968416 -1.167828  0.178200 -0.817497 -3.971079 -2.809048 -2.927326
 29 G  29 -0.305699 -1.384687  0.069057 -0.893676 -2.780318 -1.351728 -1.392033  3.572304 -1.360872 -3.327755 -3.265730 -1.372320 -2.355667 -2.489947 -1.949922 -0.035440 -1.560077 -2.074073 -2.268769 -2.580729
 30 D  30 -1.028329 -0.845343 -0.463273  0.148608 -2.408101  0.007290  0.465604 -2.007451 -0.542990 -1.299072 -1.638862 -0.420169 -1.005732 -1.667138 -1.661535 -0.499501 -0.644620 -2.526202 -1.113251 -0.964414
 31 K  31 -0.891723 -0.557093  0.370143  0.033891 -2.395521 -0.149067  0.011244 -1.497158 -0.791558 -1.874499 -1.962321 -0.164862 -1.250101 -2.258789 -0.736366 -0.128357 -0.493851 -2.986163 -1.699732 -1.523050
 32 D  32 -1.878525 -1.678728  1.077246  5.035907 -2.983517  0.159997  1.835931 -1.042482 -0.537474 -2.948063 -3.760502 -0.846064 -2.751340 -2.867901 -1.096427  0.018012 -0.945034 -3.780476 -2.638348 -2.878811
 33 C  33  0.005249 -2.949138 -2.979382 -2.989446  8.837254 -2.969266 -3.959010 -2.979279 -2.969328 -1.004891 -0.999859 -2.964234 -0.994827 -1.964526 -2.989389 -0.994713 -0.999797 -1.994743 -1.974574 -1.004834
 34 A  34 -0.289451 -0.968258 -0.640330 -0.846418 -2.320479 -0.594217 -0.525634 -0.102686 -1.274540 -2.249876 -2.124757 -0.617348 -1.427186 -2.370651 -0.263178 -0.028430 -0.804764 -2.642508 -1.970889 -1.681047
 35 D  35 -1.824527 -1.736850  1.149674  4.953445 -2.916601 -0.018458  1.628798 -0.846310 -0.848245 -2.912828 -3.713120 -0.874215 -2.729255 -2.860255 -1.124108  0.096674 -0.911327 -3.777089 -2.753622 -2.868852
 36 G  36 -0.415097 -1.148066  0.449238 -0.832001 -2.667309 -1.064594 -1.166289  2.613868 -0.871561 -3.112813 -2.988572 -1.140599 -2.053782 -2.374391 -1.930499  0.032863 -1.381812 -2.071741 -1.984231 -2.488882
 37 A  37  0.709040 -0.883015  0.577601 -0.024990 -1.306644  0.046968  0.248802 -0.411068 -1.001276 -1.955353 -1.938494 -0.059759 -1.068933 -2.006908 -1.091096  2.938177  0.814649 -2.829476 -1.883845 -1.763044
 38 D  38 -1.991253 -1.965420  1.002170  5.850931 -2.987360  0.000384  1.961992 -1.002129 -0.946058 -2.987167 -3.958906 -0.988744 -2.963183 -2.961549 -1.019515 -0.010603 -0.997548 -3.904415 -2.933891 -2.982587
 39 E  39 -0.994961 -0.016361 -0.025741  1.930431 -3.947604  1.954602  4.868609 -2.005050 -0.039274 -2.937917 -2.936945  0.986691 -1.951970 -2.970117 -1.010928 -0.019549 -0.991379 -2.989308 -1.985277 -1.950691
 40 S  40 -0.411044 -0.494638 -0.483159 -0.554232 -2.058389  0.006003  0.077844 -1.565412 -0.980696 -1.463439 -1.250852 -0.119985 -0.730066 -1.932967 -1.200266 -0.044316 -0.426468 -2.569547 -1.562102 -1.116839
 41 I  41 -0.946030 -0.857035  1.340985  0.585782 -2.436796 -0.262225  0.047837 -0.157415 -0.220039 -2.447770 -2.519833 -0.543562 -1.729926 -2.374647 -0.936743  0.260570 -0.629744 -2.927552 -1.770853 -2.131428
 42 A  42 -0.112156 -2.181962 -2.069141 -2.093021  5.711631 -2.036920 -2.609235 -2.348544 -2.155748 -1.093307 -1.082252 -2.083681 -0.937207 -1.805896 -2.318797 -0.633723 -0.740110 -1.917599 -1.682761 -0.993729
 43 A  43 -0.102024 -1.101490 -0.732291 -0.760084 -0.645487 -0.702567 -0.704792 -0.672921 -1.042254 -1.307840 -1.329852 -0.817385 -0.917539 -1.645461 -0.197238 -0.049513 -0.319374 -1.955991 -1.389680 -0.922430
 44 G  44 -0.197671 -0.748104 -0.034367 -0.397866 -0.319333 -0.549073 -0.558534 -0.346411 -0.669084 -1.253120 -1.266294 -0.608613 -0.902560 -1.328381 -0.958414  0.140645 -0.061780 -1.538486 -1.101682 -0.986718
 45 C  45 -0.076645 -0.882095 -0.872028 -1.063405  1.220392 -0.825325 -1.101147 -1.020151 -0.984923 -0.558108 -0.491940 -0.800905 -0.404641 -0.951349 -0.929361 -0.263617 -0.278749 -1.198940 -0.856343 -0.449963
 46 L  46 -0.086981 -0.325729 -0.292550 -0.495614 -0.869431 -0.081060 -0.152380 -0.773160 -0.567695 -0.664001 -0.588189 -0.180637 -0.313489 -0.927737 -0.503376  0.057584 -0.002773 -1.246206 -0.737450 -0.445690
 47 Y  47 -0.536442 -0.504223 -0.373662 -0.567126 -1.112288 -0.316521 -0.403242 -0.911355 -0.159743 -0.968251 -0.923495 -0.365911 -0.601325 -0.768851  0.434420 -0.339896 -0.439059 -1.127324 -0.346304 -0.793096
 48 N  48 -0.314305 -0.176201  0.733946 -0.045071 -0.916208 -0.111308 -0.079696 -0.213807 -0.207909 -0.929677 -0.899688 -0.115599 -0.611329 -0.993944 -0.605031  0.262995  0.266148 -1.205139 -0.782169 -0.747651
 49 S  49 -0.061518 -0.740095 -0.530295 -0.651085  1.728150 -0.641853 -0.797091 -0.771996 -0.717846 -0.503033 -0.499151 -0.683874 -0.397766 -0.737448 -0.840241 -0.109063 -0.222429 -0.811259 -0.665703 -0.449027
 50 T  50  0.051819 -0.174568  0.051819 -0.122749 -0.174568 -0.122749 -0.122749 -0.245498 -0.297317 -0.226386 -0.226386 -0.122749 -0.174568 -0.349135 -0.174568  0.330023  0.665564 -0.400954 -0.349135 -0.103637
