
Last position-specific scoring matrix computed, weighted observed percentages rounded down, information per position, and relative weight of gapless real matches to pseudocounts
           A  R  N  D  C  Q  E  G  H  I  L  K  M  F  P  S  T  W  Y  V   A   R   N   D   C   Q   E   G   H   I   L   K   M   F   P   S   T   W   Y   V
    1 M   -6 -7 -7 -8 -7 -6 -7 -8 -7 -4 -3 -7 11 -5 -8 -7 -6 -7 -6 -4    0   0   0   0   0   0   0   0   0   0   0   0 100   0   0   0   0   0   0   0  3.98 1.20
    2 A    4 -3 -1 -2 -3 -2 -3 -2 -4 -4 -4 -2 -3 -5 -1  3  3 -2 -4 -3   42   1   2   2   0   1   1   1   0   0   1   1   0   0   3  24  18   1   1   1  0.80 0.45
    3 P    1 -1  1  0 -2  0  0  0 -1 -1 -1  1  0 -2  3  1  0 -2 -2 -1   10   2   7   4   1   4   4   5   1   3   5  12   3   1  16  12   5   1   1   3  0.19 0.11
    4 R   -6  8 -4 -7 -8 -4 -5 -7 -5 -8 -7  1 -2 -8 -4 -5 -6 -8 -7 -7    0  87   1   0   0   0   0   0   0   0   0   8   1   0   1   0   0   0   0   0  2.70 0.99
    5 K   -4  4 -3 -5 -7  2 -3 -5 -1 -2 -6  6 -4 -7 -2 -4  2 -7 -5 -4    1  22   1   1   0   7   1   1   2   3   1  46   0   0   2   1  11   0   0   1  1.27 0.65
    6 F   -3 -2 -3 -6 -5 -2 -5 -6 -3  0 -2  4 -3  4  6 -3 -1 -6  0 -3    2   3   2   0   0   2   0   0   1   5   4  20   1  15  36   2   3   0   3   2  1.06 0.58
    7 F   -6 -6 -8 -8 -3 -6 -8 -8 -4  4  4 -7  1  4 -8 -7 -5  5  1  0    0   0   0   0   1   0   0   0   0  23  36   0   3  18   0   0   0   7   5   6  1.29 0.59
    8 V   -2 -8 -8 -8 -6 -8 -8 -8 -8  6 -1 -8  2 -1 -8 -7 -6 -8 -6  6    4   0   0   0   0   0   0   0   0  41   6   0   4   3   0   0   0   0   0  41  1.76 0.75
    9 G    6 -7 -7 -7 -3 -7 -7  3 -7  1 -4 -7  0 -3 -7 -4 -5 -8 -5  1   52   0   0   0   1   0   0  22   0   8   2   0   2   1   0   1   1   0   0  11  1.32 0.69
   10 G    1 -5 -7 -7 -8 -8 -8  7 -8 -9 -7 -7 -8 -9 -8 -4  0 -9 -9 -8   12   1   0   0   0   0   0  78   0   0   1   0   0   0   0   1   6   0   0   0  2.26 1.00
   11 N   -9 -8  9 -6 -11 -8 -8 -8 -7 -11 -11 -8 -10 -11 -10 -2 -8 -12 -10 -11    0   0  95   0   0   0   0   0   0   0   0   0   0   0   0   3   0   0   0   0  3.65 1.53
   12 W   -11 -6 -12 -13 -11 -10 -11 -11 -4 -11 -4 -11 -10  1 -12 -11 -5 13 -4 -11    0   1   0   0   0   0   0   0   1   0   2   0   0   5   0   0   1  90   1   0  5.04 1.95
   13 K   -9 -6 -8 -9 -11 -7 -7 -10 -9 -11 -11  9 -10 -11 -9 -8 -9 -11 -10 -10    0   0   0   0   0   0   0   0   0   0   0 100   0   0   0   0   0   0   0   0  3.59 1.59
   14 M   -5 -10 -11 -12  3 -4 -11 -11 -10 -5  0 -10 11 -9 -11 -5 -4 -10 -10 -8    1   0   0   0   6   1   0   0   0   1   7   0  82   0   0   1   1   0   0   0  3.76 1.68
   15 N   -7 -9  9 -6 -4 -6 -9 -9  6 -11 -11 -9 -5 -1 -10 -6 -5 -4  1 -8    0   0  74   0   0   0   0   0  14   0   0   0   0   3   0   0   1   0   5   0  2.91 1.43
   16 G   -5 -5 -1 -8 -4 -3 -6  6  0 -6  0  4  2 -3 -2 -6 -3 -9 -4 -7    1   0   3   0   0   1   0  46   2   0   9  26   4   1   2   0   2   0   1   0  1.28 0.77
   17 D   -5 -1  3  2 -5 -3 -6 -3 -5 -5 -1 -5 -1 -6 -6  2  5 -9 -5 -5    1   4  13  12   0   1   0   2   0   1   8   1   1   0   0  16  36   0   1   1  1.04 0.72
   18 K   -2  2 -2 -5 -1  0 -4 -3  3  0  1  3 -2  0  1 -2 -1 -3 -2  0    4  12   2   0   1   3   1   3   7   6  16  18   1   3   6   4   3   0   2   7  0.32 0.27
   19 K    4 -2 -1  0 -4  2  1 -3  0 -5 -1  2 -4 -4 -3  1 -1 -8 -4 -3   31   2   3   6   0   8  10   2   2   1   5  10   0   1   1  12   3   0   1   2  0.48 0.41
   20 S    0 -4 -2  0 -1  2  5 -4 -3 -8 -2 -3  1 -2 -5  3 -2 -8 -4 -5    7   1   2   6   1   8  37   2   1   0   5   1   4   2   1  18   3   0   1   1  0.85 0.63
   21 L    4 -7  1 -7 -3 -5 -7 -1 -4  3  1 -5 -3 -2 -7 -1  1 -8 -4  1   32   0   7   0   0   1   0   4   0  15  15   1   0   2   0   4   8   0   0   9  0.71 0.49
   22 G    1  1  1  1 -2  1  0 -1 -1  0 -1  2 -2 -6 -4  0  0 -7 -4  1   11   7   6   8   1   7   7   4   1   6   7  11   1   0   1   6   7   0   1  10  0.17 0.17
   23 E    3 -3 -2  2 -10  1  5 -2  0 -5 -5  1 -4 -6 -5  0 -1 -10 -5 -4   19   2   2   9   0   7  32   3   2   1   1   7   0   1   1   7   4   0   1   2  0.77 0.55
   24 L   -3 -6 -10 -7 -4 -6 -7 -8 -3  3  5 -7  0  5 -10 -6 -5  1  1 -3    3   1   0   0   0   0   1   1   1  15  43   0   2  22   0   1   1   2   5   2  1.41 0.73
   25 I    2 -3 -6 -5  2 -6 -4 -6 -5  3  2 -5  0 -1 -6 -2 -2 -4 -5  4   18   2   1   1   4   1   2   1   0  16  17   1   2   3   1   3   3   0   0  26  0.76 0.44
   26 H    2  0  2  1 -2  3  2 -2  0 -5 -5  3 -4 -5 -6  0  0 -1 -5 -5   14   5   8   6   1  13  13   4   2   1   1  15   1   1   1   7   5   1   1   1  0.49 0.39
   27 T    2 -1  0  0 -3  0  2  0 -2  0 -3  1  1  1 -5 -1  1 -3 -4 -2   16   4   5   5   1   5  14   8   1   6   2   8   3   5   1   5   7   0   1   3  0.21 0.20
   28 L   -2 -6 -10 -5 -9 -6 -7 -4 -10  3  5 -10  1  3 -7 -7 -5 -2 -4  1    4   1   0   1   0   0   1   2   0  13  53   0   3  10   1   1   1   1   1  10  1.36 0.72
   29 N    2  1  4  0 -2 -1  0 -3 -2 -2 -1  3 -2 -8 -3  0 -1 -8 -4 -1   14   7  15   5   1   3   5   2   1   2   8  18   1   0   1   7   4   0   1   5  0.38 0.30
   30 G    2 -2  0  1 -3  1  2  1 -1 -4 -4  1 -2 -2  1  1 -1 -1 -4 -4   17   3   5   8   1   6  11  10   1   1   2   8   1   2   7   9   4   1   1   2  0.26 0.26
   31 A    3 -2 -2 -2 -1 -1  0  2  0 -1  0  0  0 -2 -4 -1 -3 -2 -3  0   25   2   2   2   1   3   7  14   2   4  11   7   2   2   1   5   2   1   1   7  0.28 0.24
   32 K    0 -1  0  0 -2  0  1 -2  1 -1  1  2 -1 -2  2 -1  0  0 -3  0    7   3   4   6   1   3   8   4   3   3  14  12   1   2   9   5   5   2   1   7  0.10 0.12
   33 L    1  0 -1  0 -1  0 -1  0  1  1  1  0  0  0  1 -1 -1 -1  0  0   11   4   3   5   1   4   3   6   4   7  15   6   2   3   8   4   4   1   3   6  0.04 0.05
   34 S    0 -2  2  4 -2 -1 -1  0  0 -4 -3  0 -2 -3  3  0 -1 -1 -1 -2    9   3   8  20   1   3   5   6   2   1   3   5   1   1  14   8   4   1   3   3  0.34 0.30
   35 A    2 -1 -1  1 -2 -1  1  0  0 -3 -3  0 -2 -2  3  1 -1 -7 -3 -2   15   4   3   8   1   3   9   7   3   2   3   6   1   2  12  12   5   0   1   3  0.21 0.23
   36 D   -1  0  4  4 -1 -1  0  1  0 -4 -6  2 -8 -4 -2  0 -2 -2 -4 -5    5   5  17  18   1   3   6  10   2   1   1  13   0   1   3   6   3   1   1   1  0.53 0.40
   37 T    0  0 -1 -1  5  0 -2 -2  1  0 -2 -2  0 -1 -1 -1  1  2  0  2    8   5   4   4  10   4   3   3   3   5   4   3   2   3   3   5   8   2   3  16  0.19 0.16
   38 E    0  0  0  0  2  1  0  0  2  0 -1  0 -2 -2  1  0  0  3 -2  0    6   6   6   6   6   6   6   6   6   6   6   6   0   0   6   6   6   6   0   6  0.08 0.11
   39 V   -1 -5 -6 -4  0 -6 -5 -6 -6  3  0 -5 -2 -2 -3 -3 -1 -3 -2  6    5   1   0   1   2   0   0   0   0  15   6   0   1   2   1   2   4   0   1  59  1.18 0.55
   40 V    2 -5 -5 -5 -2 -5 -5  1 -6  2  0 -5  1  0 -5 -3 -3 -3 -1  5   15   0   0   0   1   0   0   9   0   8   9   0   4   4   0   1   1   0   2  45  0.78 0.43
   41 C   -4 -6 -7 -7  4 -6 -7 -7 -7  5  1 -6 -2 -1 -6 -5 -4 -6 -4  5    1   0   0   0   8   0   0   0   0  34  13   0   0   2   0   0   0   0   0  40  1.38 0.59
   42 G    4 -6 -5 -6  8 -5 -6  0 -5  0 -3 -5 -1  3 -4 -1 -3 -6 -4 -3   37   0   0   0  28   0   0   7   0   5   3   0   1  10   1   4   1   0   0   1  1.22 0.57
   43 A    1 -7 -6 -6  1 -6 -6 -3 -7 -4 -3 -6 -4 -7  8 -4 -3 -7 -7  1   10   0   0   0   3   0   0   2   0   1   3   0   0   0  66   1   2   0   0  11  1.95 0.82
   44 P   -2 -6 -4 -5 -7  0 -6 -7 -7 -5 -7 -6 -7 -7  8  1  0 -8 -7 -3    3   0   1   0   0   4   0   0   0   1   0   0   0   0  72  10   6   0   0   2  2.21 0.91
   45 S    3 -5 -3 -2 -2 -4 -5 -4 -1 -4 -3 -5 -1  6 -3  1  2 -4  3 -3   23   0   1   2   1   1   0   1   2   1   1   0   1  37   1   9  11   0   7   2  0.92 0.49
   46 I    0 -5 -5 -5  0 -4 -5 -5 -5  3  2 -5 -1 -3  2 -2  4 -3 -5  2    7   0   0   0   2   0   0   0   0  14  16   0   1   1  11   1  30   0   0  15  0.69 0.41
   47 Y    1 -5 -1  0 -1 -3 -5 -5  4 -3  0 -5 -3  2 -6  0 -3  0  7 -3   14   0   3   7   2   1   0   1   9   1  10   0   0   7   0   6   2   1  35   1  0.90 0.48
   48 L   -3 -6 -3 -6 -4 -6 -7 -6 -7  4  6 -6 -1 -3 -7 -5 -4 -6 -4  0    2   0   2   0   0   0   0   0   0  22  65   0   1   1   0   0   1   0   0   4  1.46 0.62
   49 D    2  1 -1  3 -2  0  1 -1  1 -3 -3 -1 -2 -2  2  1  0 -1  0 -3   16   7   2  16   1   5   8   4   4   1   2   2   1   1   9  12   4   1   4   1  0.24 0.20
   50 F    1 -1 -2 -1 -2  2  0 -2  0 -2  0 -1  1  1  0  1  0 -2  2 -1   12   3   1   3   0  10   6   3   2   1  12   3   5   8   4  12   6   0   7   3  0.10 0.14
   51 A    4 -5 -5 -6  0 -5 -5 -4 -5  1  0 -4  1 -2 -5 -2  0 -6 -3  5   30   0   0   0   2   0   0   1   0   5   8   0   4   2   0   2   5   0   1  39  0.87 0.46
   52 R    1  4 -1 -2 -2  3  0 -2 -1 -2 -2  3 -2 -2 -3  0 -2 -4 -3  0   11  21   3   1   1  13   5   2   1   3   3  15   0   1   0   7   2   0   1   6  0.36 0.26
   53 Q    1  0  0  2 -4  3  3 -1  0 -3 -3  1 -3 -4 -2  1  1 -4 -3 -3   12   4   4  10   0  14  17   4   2   2   1   9   0   0   1   9   7   0   0   2  0.32 0.24
   54 K    2  0  0 -2  0  0 -1 -2  0  1  1  1  1 -1 -3  0  0 -3 -1  1   18   4   4   1   2   3   4   2   3   9  16   9   3   2   1   6   6   0   1   9  0.09 0.10
   55 L    0 -2 -2 -3  0 -2 -2 -3 -3  1  4  0 -1  0 -4 -2 -1 -3 -2  2    9   1   2   1   2   1   3   1   0   8  42   6   1   4   1   2   3   0   1  12  0.41 0.25
   56 D    0  0  2  3 -2  0  0  3 -2 -4 -4  1 -4 -4  1  0 -1 -5 -4 -3    7   5   9  16   1   4   6  24   1   1   1   8   0   1   8   5   2   0   0   1  0.40 0.25
   57 A    0 -2  0  0 -1 -1 -1  1  0 -4 -4  0 -3 -4  2  4  3 -5 -4 -4    7   1   4   5   1   2   4   9   2   1   2   6   0   1  10  28  16   0   0   1  0.42 0.30
   58 K   -1  0  3  2 -4  0  0  0  0 -4 -3  2 -3 -4  2  1 -1 -4 -3 -3    4   6  16  11   0   3   5   9   2   0   2  15   1   1  11   9   4   0   1   1  0.34 0.23
   59 I   -4 -6 -6 -5 -2 -4 -6 -6 -5  6  2 -5 -1  2 -5 -5 -3 -2 -2  3    1   0   0   0   1   1   0   0   0  44  19   0   1   7   0   0   1   1   1  22  1.13 0.48
   60 G    2  1 -1 -2 -2  1  0  1  1 -2 -1  2 -1 -1 -3  1 -1 -2 -1 -1   19   6   1   1   1   7   6  11   4   2   7  15   1   2   0   8   4   0   1   4  0.15 0.15
   61 V   -3 -5 -5 -6 -3 -4 -5 -6 -5  4  3 -5 -2 -1 -5 -5 -1  2  1  5    2   0   0   0   0   1   0   0   0  21  25   0   0   2   0   0   3   3   5  37  0.93 0.43
   62 A    3 -5 -4 -5 -1 -3 -5  6 -5 -2 -5 -5 -4 -4 -4  0 -4 -6 -3 -2   27   0   0   0   1   1   0  53   0   2   1   0   0   1   1   7   0   0   1   2  1.20 0.54
   63 A    6 -5 -5 -5 -3 -5 -4  1 -6 -4 -4 -5 -5 -5 -2  0 -3 -6 -6 -2   74   0   0   0   0   0   1  11   0   1   1   0   0   0   2   5   1   0   0   2  1.50 0.68
   64 Q   -5 -2 -5 -5 -7  9  1 -7 -3 -7 -7 -4 -5 -8 -6 -5 -6 -7 -6 -7    1   1   0   0   0  88   8   0   0   0   0   0   0   0   0   0   0   0   0   0  2.84 1.08
   65 N   -5 -3  8  5 -7 -4 -4 -5 -4 -7 -7 -5 -5 -7 -6 -4 -2 -8 -5 -7    1   1  67  25   0   0   0   0   0   0   0   0   0   0   0   1   3   0   0   0  2.20 0.84
   66 C    0 -5 -5 -6  8 -5 -6 -4 -6  0  0 -6  4 -2 -6 -3 -3 -6 -5  4    9   0   0   0  34   0   0   1   0   5   8   0  12   2   0   2   1   0   0  24  1.33 0.55
   67 Y   -1 -5 -1 -1  0 -4 -4 -3  7 -4 -5 -5 -5  1 -5  3 -4  4  6 -5    5   0   3   3   2   0   0   2  24   1   0   0   0   6   0  20   1   5  26   0  1.17 0.55
   68 K    0 -1 -2 -1 -2  1  0 -3  0 -1 -3  2 -2  2  1 -1 -1  6  2  0    9   2   1   4   1   6   5   1   2   3   2  16   0   8   7   4   3  13   6   6  0.35 0.24
   69 V    1 -1  0 -1 -2  1  3 -1  3 -2 -3  1 -2 -1 -4 -1 -1 -3 -1  1   12   3   4   2   1   5  24   4   8   1   1   9   1   3   0   3   3   0   2  13  0.27 0.23
   70 P    1 -2  0  3 -4 -1  3  0 -2 -3 -3  1 -3 -4  1 -1  1 -5 -3 -2   12   1   4  19   0   2  19   6   0   1   3   7   0   0   7   4  10   0   1   3  0.35 0.25
   71 K   -1 -1  3 -1 -2  1  1 -1 -1 -4 -4  2 -3 -1 -3  4 -1 -3 -2 -3    5   2  14   2   1   7   9   4   1   0   1  15   0   3   1  29   2   0   1   2  0.44 0.31
   72 G   -4 -6 -4 -4 -6 -6 -6  8 -6 -7 -7 -4 -7 -7 -6 -5 -4 -6 -7 -6    1   0   1   1   0   0   0  93   0   0   0   1   0   0   0   0   1   0   0   0  2.50 0.85
   73 A    7 -5 -3 -5 -5 -2 -4 -3 -5 -5 -5 -4 -5 -6  0 -1 -4 -6 -6 -4   83   0   2   0   0   2   1   2   0   0   0   0   0   0   5   3   0   0   0   0  1.77 0.74
   74 F   -5 -4 -4 -7 -4 -4 -6 -7  3 -5 -4 -6 -3  7 -7 -4 -6  2  7 -5    1   1   1   0   0   1   0   0   7   0   1   0   1  49   0   1   0   2  33   0  2.06 0.73
   75 T   -5 -6 -5 -6 -2 -5 -5 -6 -6 -5 -6 -5 -5 -6 -6 -2  8 -7 -6 -5    0   0   0   0   1   0   0   0   0   0   0   0   0   0   0   1  95   0   0   0  2.68 1.00
   76 G   -3 -6 -5 -6 -7 -6 -6  8 -6 -7 -7 -6 -7 -7 -6 -3 -6 -7 -7 -7    1   0   0   0   0   0   0  95   0   0   0   0   0   0   0   1   0   0   0   0  2.60 0.88
   77 E   -3 -4 -4  2 -1 -2  7 -4 -3 -7 -7 -3 -4 -7 -5 -3 -4 -7 -6 -6    2   0   0  11   1   1  79   1   0   0   0   0   0   0   0   1   1   0   0   0  1.99 0.79
   78 I   -4 -6 -2 -6 -3 -5 -6 -6 -5  6 -1 -6 -2 -4 -6 -4  1 -6 -4  4    0   0   2   0   0   0   0   0   0  52   4   0   1   0   0   1  10   0   0  29  1.39 0.57
   79 S    0 -5 -2 -4 -3 -5 -5 -2 -4 -6 -5 -5 -6 -6 -4  7 -2 -7 -6 -6    8   0   1   0   0   0   0   3   0   0   1   0   0   0   1  84   1   0   0   0  1.94 0.83
   80 P    4 -5 -5 -5 -3 -4 -4 -1 -5 -2 -2 -4 -1 -4  6 -2 -2 -4 -4  0   39   0   0   0   0   0   0   5   0   2   3   1   2   1  34   2   2   0   1   7  1.06 0.51
   81 A    2  0 -1  1 -3  0  2  1 -2 -3 -2  0 -2 -3  1  1 -1 -3 -2 -2   19   4   2   8   0   3  17  10   1   1   4   7   1   1   7   9   3   0   1   3  0.22 0.18
   82 M   -1 -6 -4 -7 -4  2 -6 -5 -4 -3 -3 -4 10 -2 -7 -4 -5 -6 -6 -4    5   0   1   0   0  10   0   1   0   1   1   1  74   2   0   1   0   0   0   1  2.67 1.01
   83 I   -3 -6 -7 -7 -4 -6 -7 -7 -7  3  6 -6 -1 -2 -7 -6 -5 -3 -4  1    2   0   0   0   0   0   0   0   0  17  70   0   1   1   0   0   0   0   0   7  1.52 0.62
   84 K    2  1 -2 -3 -4  0 -1 -4 -1 -3 -2  5 -3 -5 -4 -1 -1 -6 -2  0   19   7   2   1   0   4   3   0   1   1   5  42   0   0   0   3   3   0   1   7  0.67 0.40
   85 D   -3 -4  0  6 -6 -1  4 -3 -3 -6 -6 -1 -4 -6 -4  0 -3 -6 -5 -3    2   1   3  50   0   2  23   1   1   0   1   4   0   0   0   7   1   0   0   2  1.26 0.55
   86 I    1 -4 -3 -5  3 -4 -4 -4 -2  3  3 -4  2  2 -4 -2 -1 -4 -2  2   14   0   1   0   7   0   1   1   1  17  24   1   5  10   0   3   2   0   0  12  0.46 0.26
   87 G   -3 -3  0 -2 -5 -2 -4  7 -2 -6 -6 -2 -5 -4 -5 -3 -5 -4 -5 -6    2   1   4   3   0   2   1  77   1   0   1   2   0   1   1   2   0   0   0   0  1.76 0.66
   88 A    3 -5 -5 -6  7 -5 -5 -4 -5  3 -1 -5 -1 -4 -5 -3 -2 -5 -5  4   22   0   0   0  25   0   0   1   0  13   6   0   1   0   0   1   2   0   0  26  1.06 0.47
   89 A   -2  1  1  2 -4  1  1 -1  1 -4 -4  2 -4 -4 -1  2  2 -4 -1 -3    2   8   5  12   0   7   8   3   3   0   1  14   0   0   3  14  15   0   2   1  0.35 0.25
   90 W   -3 -3 -4 -5 -2 -4 -5 -3  3 -2 -1 -4 -2  1 -6 -3 -1  8  7 -3    3   1   1   1   1   0   0   3   6   2   5   1   1   4   0   2   3  22  41   2  1.59 0.63
   91 V    0 -6 -6 -6  1 -5 -6 -5 -6  1 -3 -5 -3 -5 -6 -2 -1 -6 -5  7    8   0   0   0   3   0   0   1   0   5   1   0   0   0   0   3   4   0   0  73  1.57 0.65
   92 I   -4 -6 -6 -6 -4 -5 -2 -6 -6  7  2 -6  1 -3 -6 -5 -4 -6 -5  1    1   0   0   0   0   0   3   0   0  61  19   0   4   0   0   0   1   0   0   9  1.48 0.58
   93 L   -3 -5 -5 -6 -2 -4 -5 -6 -4  5  4 -5 -1 -3 -5 -4 -2 -5 -4  4    2   0   0   0   1   1   0   0   1  28  38   0   0   0   0   1   2   0   0  23  1.03 0.44
   94 G   -3 -6 -1 -5 -6 -5 -6  8 -6 -7 -7 -5 -6 -6 -6 -4 -5 -6 -6 -6    1   0   2   0   0   0   0  91   0   0   1   0   0   0   0   0   0   0   0   0  2.44 0.84
   95 H   -6 -5 -5 -6 -7 -5 -2 -6 11 -7 -7 -6 -6 -6 -6 -6 -6 -7 -4 -7    1   0   0   0   0   0   2   0  92   0   1   0   0   0   0   0   0   0   0   0  3.93 1.20
   96 S   -3 -5 -3 -5 -3 -4 -5 -5 -5 -4 -5 -5 -5 -1 -3  7 -3 -6 -3 -5    1   0   1   0   0   0   1   1   0   1   1   0   0   3   1  86   0   0   1   1  2.07 0.85
   97 E   -5 -5 -5 -3 -7 -3  8 -4 -5 -7 -7 -4 -6 -7 -6 -5 -4 -7 -6 -6    1   0   0   1   0   0  91   1   0   0   1   0   0   0   0   0   1   0   0   0  2.62 1.00
   98 R   -6  9 -4 -6 -2 -3 -5 -6 -5 -7 -6 -2 -6 -7 -4 -5 -6 -6 -6 -5    1  89   1   0   1   1   0   0   0   0   1   2   0   0   1   0   0   0   0   1  2.74 0.99
   99 R   -6  9 -4 -7 -8 -5 -6 -7 -6 -6 -7 -2 -7 -8 -7 -4 -5 -8 -7 -6    1  93   1   0   0   0   0   0   0   0   0   2   0   0   0   1   1   0   0   1  2.99 1.09
  100 H    1  0  0 -1 -3  3  2 -2  6 -3 -2  0 -2 -5 -4 -1  2 -3 -3 -2   11   4   4   2   0  14  13   2  17   1   3   6   1   0   0   4  13   0   0   2  0.49 0.33
  101 V   -2 -3 -4  0 -1 -4 -3 -4  0  3  1 -3  1  0 -6 -4 -3 -1  6  2    3   1   1   5   1   0   2   1   2  14  16   1   3   3   0   0   2   1  30  14  0.72 0.39
  102 F   -5 -5 -4 -6 -2 -3 -6 -6  6 -2  0 -6 -2  8 -7 -6 -6 -3  4 -5    1   1   1   0   1   2   0   1  18   2   9   0   1  52   0   0   0   0  10   0  1.83 0.71
  103 G   -1 -1  3 -3  0 -2 -4  5  4 -6 -4  0 -5 -4 -4 -2 -4 -1 -2 -6    5   3  13   1   2   2   1  46  10   0   2   6   0   1   1   3   0   1   1   0  0.96 0.47
  104 E   -6 -6 -6 -1 -9 -4  8 -8 -6 -8 -8 -5 -2 -8 -7 -6 -6 -8 -8 -8    0   0   0   3   0   0  94   0   0   0   0   0   1   0   0   0   0   0   0   0  2.85 1.12
  105 S   -4 -4  1  2 -3 -3 -4 -3 -4 -5 -5 -2 -4 -7 -3  4  6 -7 -6 -5    1   1   6   9   0   1   1   2   0   0   1   3   0   0   1  32  42   0   0   0  1.21 0.64
  106 D   -4 -6  4  7 -5 -2 -1 -5 -4 -6 -7 -5 -7 -8 -3  0 -5 -8 -3 -5    1   0  18  62   0   2   3   1   0   0   0   0   0   0   2   7   0   0   1   1  1.82 0.77
  107 E    2 -3 -3  1 -5  1  6 -3 -2 -5 -5 -1 -5 -4 -4  0 -3 -4 -4 -3   17   1   1   8   0   5  50   2   1   1   1   3   0   1   0   6   1   0   0   2  1.04 0.58
  108 L   -2 -3 -2  1 -2  0 -1 -4 -2  2  3 -3  2  2 -4 -1  2 -3 -2  1    2   1   2   7   1   5   5   1   1  10  27   1   4   7   0   4  13   0   1   8  0.29 0.23
  109 I   -4 -6 -7 -6  0 -4 -4 -8 -7  6  1 -7 -2 -4 -7 -5 -3 -7 -6  6    1   0   0   0   2   1   1   0   0  36  10   0   0   0   0   1   1   0   0  46  1.53 0.65
  110 G    4  1  5 -4 -2 -2 -4  2 -1 -4 -4 -2 -3 -4 -6 -2 -3 -4 -5 -3   30   7  29   0   1   1   1  17   2   1   2   3   1   1   0   2   1   0   0   2  0.86 0.49
  111 Q    1  1 -2  0 -4  3  2 -4 -2 -4  0  4 -1 -5 -3 -2 -2 -4 -4 -4   13   8   2   4   0  15  15   1   1   0   9  23   2   0   1   2   3   0   0   1  0.52 0.36
  112 K   -5  0 -6 -7 -9 -2 -5 -8 -7 -9 -7  8 -7 -9 -7 -5 -5 -9 -8 -8    1   4   0   0   0   2   0   0   0   0   1  92   0   0   0   1   1   0   0   0  2.83 1.12
  113 V    2 -5 -4 -5 -1 -4 -5 -4 -5  1  0 -4  0  2 -5 -3  1 -2 -1  5   16   0   1   0   1   0   0   1   0   7   7   0   2   8   0   1  10   0   2  42  0.71 0.38
  114 A    2  2  0 -1 -2  1  1 -2  1 -2  0  3 -2 -3 -3 -1 -1 -2 -2 -2   19  10   4   3   1   5   8   2   4   2   9  20   1   1   1   3   3   0   1   3  0.23 0.19
  115 H    4 -1 -2 -3 -2 -1 -3 -3  4 -2 -2  0  0  1 -4  0  0 -3  2 -2   39   4   2   1   1   3   1   1   9   2   4   5   2   7   0   5   6   0   6   3  0.45 0.31
  116 A    6 -5 -4 -5  1 -4 -5 -2 -5 -1 -1 -4 -4 -3 -5 -2 -2 -5 -1  0   67   0   1   0   3   0   0   3   0   4   6   0   0   1   0   2   2   0   2   7  1.22 0.58
  117 L   -2 -2 -4 -5 -1  1 -3 -5 -1  1  5  0  0  1 -4 -4 -3  1 -1 -1    3   3   1   0   1   7   1   1   1   8  51   6   1   5   1   1   1   2   2   4  0.66 0.35
  118 A    2  2  1  1 -3  1  3 -2 -1 -4 -4  2 -3 -4 -3  1 -2 -5 -3 -3   19  12   6   9   1   5  16   2   1   0   1  14   1   1   0   9   2   0   1   1  0.40 0.27
  119 E    3 -2  3 -2 -1  1  1 -2  5 -4 -3 -1 -2 -2 -4  0 -1 -3  0 -2   23   1  17   2   1   5   8   3  15   1   3   3   1   1   0   6   3   0   2   3  0.44 0.29
  120 G   -3 -2  1  0 -3 -2 -1  7 -2 -6 -4 -2 -5 -6 -4 -2 -4 -6 -6 -5    1   2   6   4   1   1   4  68   1   0   2   3   0   0   1   2   1   0   0   1  1.44 0.59
  121 L   -4 -5 -6 -6 -5 -4 -5 -5 -5  2  5 -5  5  1 -6 -5 -4 -1 -2 -1    1   0   0   0   0   1   0   1   0   9  61   0  12   6   0   0   0   1   1   4  1.25 0.53
  122 G   -2  1  0 -1 -1  0 -1 -1  0  2 -2  3  0 -3 -3  0  3 -4 -3  1    1   6   4   4   2   3   3   5   2  13   2  17   2   1   1   6  21   0   1   8  0.25 0.22
  123 V   -1 -4 -5 -5 -3 -5 -5 -4 -6  1 -3 -5 -2 -5  7 -4 -2 -6 -5  4    6   1   0   0   1   0   0   1   0   7   2   0   1   0  48   1   2   0   0  28  1.45 0.62
  124 I   -4 -6 -6 -5 -3 -6 -6 -6 -6  7  0 -6  1 -2 -6 -5 -3 -6 -3  3    1   0   0   1   1   0   0   0   0  68   6   0   3   1   0   0   1   0   1  15  1.73 0.65
  125 A    0 -4 -5 -5 -3 -4 -5 -4 -4  3  3 -4  0  2 -2 -3 -2 -1  2  3   10   0   0   0   0   0   0   1   0  14  29   0   1  10   2   1   2   1   6  20  0.56 0.30
  126 C   -2 -7 -6 -1 12 -7 -7 -6 -7 -6 -6 -7 -6 -6 -7 -5 -6 -6 -6 -6    4   0   0   3  87   0   0   0   0   0   1   0   0   0   0   0   0   0   0   0  3.85 1.17
  127 I   -4 -6 -4 -6  5 -5 -6 -6 -6  5 -1 -5 -2  0 -5 -5 -2 -5 -3  5    1   0   1   0  10   0   0   0   0  36   4   0   1   3   0   0   2   0   1  39  1.30 0.53
  128 G   -3 -6 -4  1 -2 -5 -3  7 -6 -7 -7 -5 -6 -6 -6 -4 -5 -6 -6 -6    2   0   0   7   1   0   2  84   0   0   1   0   0   0   0   0   0   0   0   0  2.17 0.80
  129 E   -5 -5 -5 -1 -7 -3  8 -6 -5 -6 -6 -2 -6 -6 -5 -5 -5 -6 -6 -6    1   0   0   3   0   0  89   1   0   0   1   2   0   0   0   1   0   0   0   0  2.45 0.94
  130 K   -2 -3  0 -1 -4 -2 -1 -3 -2 -3 -2  1 -3 -4  0  2  5 -5 -3 -3    3   1   4   3   0   2   3   2   1   1   5   9   1   0   5  16  41   0   1   1  0.68 0.40
  131 L   -2 -3 -5 -3 -4 -1  0 -5 -4 -1  5 -1  3 -3 -5 -4 -2 -2 -4 -2    3   1   0   1   0   2   7   1   0   2  64   4   6   1   0   1   2   0   0   1  1.02 0.51
  132 D    1 -3 -2  3 -6  1  5 -3 -2 -4 -5 -1 -4 -5 -3  0 -2 -4 -4 -3   12   1   1  17   0   7  41   2   1   1   1   3   0   0   1   6   2   0   0   2  0.80 0.45
  133 E   -1  1  0  1  1  3  3 -3  2 -1 -1  0  0 -4 -1 -1  0 -4 -3 -1    4   6   3   9   3  15  24   0   4   4   5   3   3   0   3   3   5   0   0   4  0.30 0.28
  134 R   -2  5  0 -3 -4  0 -1 -2  1 -1 -2  1  0 -1 -1 -1 -1 -4  1 -2    3  39   4   0   0   3   4   3   3   3   4   9   3   3   3   3   4   0   5   3  0.48 0.37
  135 E   -2 -1 -1  2 -8  2  7 -6 -3 -3 -5  1 -4 -8 -6 -3 -4 -8 -7 -4    3   3   3   9   0   7  59   1   1   2   1   7   1   0   0   2   1   0   0   1  1.39 0.80
  136 A    5 -1  0 -1 -3  1  0 -2 -3 -3 -4  0 -3 -4 -4  2 -2  0 -3 -3   42   3   5   3   1   7   6   2   1   1   1   5   1   1   1  15   2   1   1   1  0.65 0.49
  137 G   -4 -5  3 -1 -4 -2 -3  7 -2 -7 -7 -2 -5 -2 -7 -3 -5 -8 -7 -6    1   1  11   4   0   2   2  68   1   0   0   3   0   2   0   2   1   0   0   1  1.68 0.86
  138 I   -2  2  0  0 -2  2  1 -2 -1  1 -2  4  0 -4 -4 -2 -1 -5 -3  0    2   9   5   6   1  11  11   3   1   9   4  23   2   0   0   2   4   0   1   5  0.34 0.30
  139 T    1 -3 -4 -3 -3  0  0 -5  4 -3 -3 -2  0 -4 -4  0  6 -3  0 -3   11   1   1   1   1   4   6   1  10   2   2   2   2   1   1   5  45   0   3   2  0.90 0.60
  140 E   -1 -2  1 -1 -5  0  4 -4 -2  0  0  1  1  2 -3 -2 -2 -2 -3  1    5   2   6   3   0   4  27   1   1   6  11   7   3   9   1   2   2   0   0  10  0.33 0.30
  141 K    2 -1 -1  3 -4  0  5 -4  2 -5 -4  0 -3 -5 -2  0 -1 -7 -4 -4   14   3   3  17   0   4  32   1   4   1   2   4   1   0   2   6   3   0   0   1  0.67 0.48
  142 V   -1 -4 -5 -7 -5 -5 -5 -7  1  1 -2 -3 -2  2 -4 -4 -1  4  1  6    4   1   1   0   0   1   1   0   4   8   2   2   1   8   1   1   4   5   5  51  1.08 0.61
  143 V   -3 -7 -2 -7  4 -6 -7 -7 -7  4  2 -6 -2 -4 -3 -4 -2 -2 -3  6    1   0   2   0   7   0   0   0   0  20  16   0   1   1   2   2   3   1   1  44  1.18 0.63
  144 F    1  1 -2 -1 -1 -1  1 -1 -2 -1  0  1 -2  2 -4 -1  0 -2 -1  1   13   9   1   3   1   2  10   5   1   2   9  11   0   9   0   4   5   0   2  12  0.11 0.16
  145 E    1  4  1  0 -3  0  1  0  1 -3 -4  1 -2 -3 -3  0  0  0 -1 -3   12  20   7   4   0   4  11   7   3   2   1   7   1   1   1   8   7   1   3   1  0.29 0.27
  146 Q   -8 -3 -5 -3 -10  9 -2 -9 -3 -10 -5 -4 -4 -5 -8 -6 -8 -9 -4 -5    0   1   0   1   0  89   2   0   0   0   1   1   0   1   0   0   0   0   1   1  3.11 1.53
  147 T   -4 -7 -7 -8  0 -7 -7 -8 -3  4  5 -5  3 -3 -7 -5  0 -7 -4  3    1   0   0   0   2   0   0   0   1  19  44   1   6   1   0   0   6   0   0  18  1.16 0.63
  148 K    1  2 -1  2 -2  1  2 -3 -1 -2 -2  4 -1 -5 -5  0  0 -1 -3 -3   10  10   3  11   1   5  12   2   1   2   4  24   2   0   0   5   6   1   1   2  0.38 0.32
  149 A    4 -2  0 -1 -3  0  0  2 -2 -1 -2  0 -3 -3  0  0 -2 -6 -4 -1   32   1   4   4   1   3   7  15   1   4   4   6   0   1   4   6   2   0   0   4  0.34 0.31
  150 I    3 -4 -4 -1  0 -2 -4  2 -4  3  0 -5 -2 -1 -5  1 -3 -5 -2  2   21   0   0   5   2   2   0  13   0  15   8   0   1   3   0  13   0   0   2  15  0.40 0.34
  151 A    0 -4 -4 -2  0 -3 -4 -5  0  1  5 -3 -1  2 -5 -4 -2 -1 -3  0    9   1   1   3   2   1   1   1   2   7  50   2   1   9   1   1   2   1   1   6  0.72 0.45
  152 D    2 -1  0  2 -3  0  2 -1  0 -3 -2  2 -2 -1  1  0 -2 -5 -2 -3   18   3   4  12   0   3  12   4   2   1   5  14   1   3   8   5   1   0   2   2  0.25 0.25
  153 N   -1 -3  1  2 -4 -2 -1  5  0 -2 -3  0 -4 -4 -4  0 -2 -6 -4 -2    4   1   7  12   0   2   3  39   3   3   2   7   0   1   1   7   3   0   0   3  0.63 0.42
  154 V   -1 -5 -3 -2 -3 -4 -4 -2 -2  4  3 -4 -2 -3 -4 -4 -3 -3 -3  4    5   1   1   2   0   1   1   4   1  19  27   1   1   1   1   1   2   0   1  30  0.74 0.44
  155 K    1 -3 -2  0 -3  0  4 -2 -2 -4 -3  2 -3 -4  0  2  1 -4 -5 -3   10   1   2   6   1   3  27   4   1   1   3  11   1   1   5  16   7   0   0   1  0.47 0.39
  156 D    1 -3  0  5 -1  4  2 -2 -2 -5 -5 -1 -4 -6 -2 -1 -1 -7 -5 -4   10   1   5  31   1  17  12   3   1   1   1   4   0   0   2   5   4   0   0   1  0.76 0.52
  157 W    2 -4 -4 -3 -3 -1 -3 -1 -3  1  1 -4  2  2 -2 -3 -3  8  1  1   15   1   1   2   1   3   1   5   1   8  12   1   4   9   2   2   1  18   4   9  0.64 0.41
  158 S    2  0 -1  1 -2  1  2  0  0 -3 -4  2 -3 -2 -2  2  0 -2 -4 -3   15   5   3   6   1   6  12   6   2   2   1  13   0   2   2  16   4   1   0   2  0.27 0.27
  159 K   -3  3  5  1 -4  2 -1 -2  1 -5 -5  4 -4 -5 -3 -1 -1 -3 -4 -5    2  13  24   6   0   8   4   3   3   1   1  21   0   0   1   5   3   0   1   1  0.72 0.49
  160 V   -1 -5 -7 -7  0 -6 -7 -3 -7  4  2 -6  1  0 -5 -2  0 -3 -3  4    5   0   0   0   2   0   0   3   0  22  21   0   2   4   1   3   6   0   1  29  0.83 0.49
  161 V   -2 -7 -6 -4 -4 -8 -6 -8 -5  4 -2 -8 -2 -5 -8 -5  0  1 -2  7    4   0   0   1   0   0   0   0   0  20   3   0   1   0   0   1   5   2   1  61  1.65 0.85
  162 L   -5 -8 -9 -9 -7 -8 -8 -9 -9  7  1 -8 -2 -2 -8 -8 -6 -3 -7  4    1   0   0   0   0   0   0   0   0  58  13   0   1   2   0   0   0   0   0  24  1.98 0.90
  163 A    7 -8 -8 -8 -7 -7 -7 -2 -8 -7 -8 -7 -7 -8 -5 -3 -6 -8 -8 -4   92   0   0   0   0   0   0   3   0   0   0   0   0   0   1   2   0   0   0   1  2.57 1.22
  164 Y   -8 -8 -8 -9 -4 -7 -8 -8 -3 -7 -4 -8 -7  0 -8 -8 -8 -5 10 -7    0   0   0   0   1   0   0   0   1   0   2   0   0   3   0   0   0   0  92   0  3.72 1.41
  165 E   -7 -3 -6 -3 -9 -4  8 -8 -6 -8 -8 -5 -8 -8 -7 -6 -7 -8 -8 -8    0   2   0   1   0   0  95   0   0   0   0   0   0   0   0   0   0   0   0   0  3.01 1.27
  166 P   -3 -8 -8 -7 -8 -7 -7 -8 -8 -8 -8 -7 -8 -9  9 -5 -7 -9 -8 -8    2   0   0   0   0   0   0   0   0   0   0   0   0   0  94   1   0   0   0   0  3.44 1.39
  167 V   -4 -5 -7 -7 -4 -7 -7 -6 -1  5 -3 -5 -3 -4 -7 -2 -1 -7 -6  6    1   1   0   0   0   0   0   1   2  26   2   1   0   0   0   3   4   0   0  58  1.66 0.74
  168 W   -5 -9 -9 -10 -9 -8 -9 -9 -8 -9 -4 -9 -8 -1 -9 -9 -9 13 -3 -9    1   0   0   0   0   0   0   0   0   0   2   0   0   2   0   0   0  91   1   0  4.97 1.69
  169 A    7 -7 -7 -5 -6 -6 -6 -2 -7 -7 -7 -6 -6 -7 -5 -2 -6 -8 -7 -6   91   0   0   1   0   0   0   3   0   0   0   0   0   0   1   3   0   0   0   0  2.43 1.03
  170 I   -7 -8 -8 -8 -7 -8 -8 -8  1  9 -4 -8 -5 -6 -8 -5 -4 -8 -7 -2    0   0   0   0   0   0   0   0   3  90   1   0   0   0   0   1   1   0   0   2  2.82 1.02
  171 G   -4 -5 -3 -6 -7 -7 -7  8 -7 -8 -8 -6 -7 -7 -7 -6 -6  3 -7 -8    1   1   1   0   0   0   0  91   0   0   0   0   0   0   0   0   0   3   0   0  2.66 0.98
  172 T   -3 -6 -2 -5 -6 -4 -4 -5  1 -5 -6 -3 -6 -7 -4  1  8 -7 -5 -4    1   0   2   0   0   1   1   1   4   0   0   1   0   0   1   8  77   0   0   1  2.06 0.89
  173 G   -5  0 -3 -5 -8 -7 -7  8 -7 -9 -8 -5 -8 -8 -7 -3 -5 -8 -8 -8    0   5   1   1   0   0   0  88   0   0   0   1   0   0   0   2   1   0   0   0  2.50 0.95
  174 K   -4  2 -2 -2 -5  2  0 -4  0 -1  0  5  1 -6 -5 -3 -1 -6 -5  0    0  11   2   2   0   9   6   1   2   4   9  41   3   0   0   1   3   0   0   6  0.74 0.43
  175 T    0 -5 -2 -6 -3 -4 -5 -6 -2 -1 -5 -5 -3 -3  0  2  6 -4 -6  4    7   0   2   0   1   1   0   0   1   4   0   0   0   1   5  12  42   0   0  24  1.02 0.57
  176 A    7 -7 -7 -7  1 -6 -6 -5 -7 -7 -7 -6 -2 -8  3 -1 -5 -8 -7 -5   79   0   0   0   3   0   0   0   0   0   0   0   1   0  12   3   0   0   0   0  2.04 0.90
  177 T   -3 -5 -1 -1 -2 -4 -2 -3 -3 -6 -3 -3 -6 -7 -4  4  6 -8 -7 -6    2   0   3   3   1   0   2   2   1   0   2   1   0   0   1  28  52   0   0   0  1.38 0.71
  178 P    2 -5 -1 -3 -4 -4 -4 -5 -6 -3 -2 -2 -4 -6  7  0  2 -8 -5 -2   15   1   3   2   0   1   1   1   0   2   4   2   0   0  48   8  10   0   0   3  1.21 0.61
  179 Q    1 -3 -2  3 -7  3  6 -3 -4 -5 -5  0 -6 -5 -4 -2 -3 -5 -5 -4   11   1   2  14   0  12  44   2   0   0   1   5   0   0   1   3   2   0   0   1  1.03 0.56
  180 Q   -3 -4 -3  4 -6  7  2 -3 -2 -1 -4 -3 -2 -4 -6 -2 -5 -4  1 -3    2   0   1  21   0  44  11   2   1   4   2   1   1   1   0   2   0   0   5   2  1.20 0.64
  181 A    6 -6 -6 -6 -5 -6 -6 -5 -6  3 -3 -6 -5 -6 -6 -4 -3 -7 -6  1   70   0   0   0   0   0   0   0   0  15   2   0   0   0   0   1   1   0   0   9  1.65 0.74
  182 Q    0 -1  1 -1 -4  7  3 -4 -3 -3 -5 -2 -5 -4 -4 -3 -4 -6 -6 -4    8   2   7   3   0  51  16   1   0   2   1   2   0   1   1   1   1   0   0   1  1.35 0.69
  183 E    0 -1 -2  2 -5  0  6 -4 -2 -6 -5  1 -4 -5 -5 -1 -3 -5 -6 -5    9   3   2  11   0   4  53   1   1   0   1   7   0   1   0   4   2   0   0   1  1.12 0.58
  184 V    1 -3 -5 -6 -3 -4 -5 -2 -6  2 -2 -4  5 -4 -4 -2  1 -6 -5  5   10   2   0   0   0   0   0   4   0  12   1   1  13   0   1   3   7   0   0  45  0.97 0.49
  185 H   -1 -5 -4 -6  6 -2 -5 -6 10  0 -2 -6 -1 -3 -6 -4 -5 -7 -4 -4    6   0   1   0  17   2   0   1  56   6   4   0   1   1   0   1   1   0   0   1  2.26 0.87
  186 E    4  1 -1  0 -2  1  0  1  0 -4 -3  2 -2 -4 -4  0 -2 -3 -1 -3   34   6   2   4   1   5   6   9   2   0   2  13   1   1   0   7   2   0   2   2  0.41 0.30
  187 K    2 -2 -2 -2 -3  0 -1 -2  1 -1  0  0 -1  5 -4 -2 -2 -1  1  0   20   2   1   2   0   4   4   3   3   3   9   6   1  25   0   3   2   1   5   5  0.38 0.26
  188 L   -5 -5 -7 -7 -2 -5 -7 -8 -7  7  2 -7 -1 -1 -7 -6 -5 -7 -6  1    1   1   0   0   1   1   0   0   0  65  18   0   1   2   0   0   1   0   0   8  1.82 0.73
  189 R   -6  8 -5 -7 -8  0 -5 -7 -1 -6 -6  0 -6 -6 -7 -6 -6 -7 -3 -6    0  85   0   0   0   3   1   0   1   1   1   5   0   0   0   0   0   0   1   1  2.62 1.02
  190 G    2  0  1  1 -3  3  2  1 -1 -5 -4  2 -3 -5 -4  1 -1 -5 -5 -3   17   4   6   6   1  14  11   9   1   0   1  15   0   0   0   9   3   0   0   1  0.40 0.29
  191 W   -1  0 -3 -3  0  0  0 -4  1 -1  0 -1 -1 -1 -4 -2  2  8  2  0    5   6   1   1   2   5   7   1   3   4   9   4   1   2   1   2  15  18   6   7  0.50 0.31
  192 L   -3 -5 -6 -7 -2 -6 -6 -7 -6  4  5 -6  0  0 -6 -6 -3 -3 -1  2    2   0   0   0   1   0   0   0   0  20  53   0   1   3   0   0   1   0   2  15  1.19 0.53
  193 K    4  1 -1 -2 -1 -1  0 -1  1 -1 -3  2 -3 -3 -3  0  0 -5 -3  0   33   8   2   2   1   3   5   5   3   3   3  13   1   1   1   7   5   0   0   5  0.33 0.26
  194 S    0  0  1  3 -4  0  4 -1 -1 -4 -4  2 -3 -5 -4  1 -1 -5 -4 -4    9   4   6  13   0   4  23   4   1   1   1  14   0   0   0  12   3   0   0   1  0.47 0.32
  195 H   -1  2  2 -2 -2  0  0 -3  0  1  2  1  2 -2 -3 -2 -1 -2 -2 -1    4  12  11   2   1   5   5   1   2   7  20  11   6   2   1   2   3   0   1   4  0.19 0.17
  196 V   -1 -4 -3 -4  0 -3 -4 -4  2  0  0 -4 -1  5 -3 -3 -2 -1  6  2    7   1   1   1   2   1   1   1   4   5   8   1   1  19   1   2   2   1  25  16  0.73 0.35
  197 S   -2 -3  0  3 -3 -3 -3  5 -3 -5 -5 -3 -5 -5 -2  4 -1 -5 -5 -4    3   1   5  13   1   1   2  38   1   0   1   2   0   1   2  26   3   0   0   1  0.89 0.47
  198 D    2 -1  0  3 -4  2  2 -1 -2 -3 -3  1 -3 -3  1  1 -1 -1 -2 -3   15   2   4  15   0   8  15   4   1   1   2   7   0   1   8   9   4   1   1   1  0.31 0.23
  199 A    2 -1 -1  2 -4  0  4  0 -1 -3 -3  1 -3 -4 -1  0  0 -4 -3 -2   17   3   2  12   0   4  25   7   1   1   2   8   1   1   3   6   5   0   1   3  0.37 0.25
  200 V    1 -3 -2 -3 -2  0 -2 -2 -3  2  0 -2 -1 -2 -3 -2  1 -1 -2  4   11   1   2   2   1   4   2   4   1  13   6   2   1   2   1   2  10   1   1  34  0.41 0.24
  201 A    6 -4 -3 -3 -3 -3 -4  2 -3 -4 -4 -4 -4 -5 -3  1 -4 -5 -5 -4   62   1   1   1   1   1   1  14   1   1   2   1   0   1   2  10   1   0   0   1  1.24 0.58
  202 Q    0  1  1  4 -3  2  3 -1 -2 -4 -4  1 -3 -4 -1  0 -1 -5 -4 -3    9   6   7  20   0   9  21   4   1   1   1   7   1   1   2   5   3   0   1   1  0.45 0.27
  203 S    1  0  2  0 -1  2  1  0  0 -4 -3  2 -3 -4 -2  2  0 -4 -3 -3   13   5   8   5   1   8   8   8   2   1   2  14   1   1   1  14   6   0   0   2  0.26 0.20
  204 T   -3 -4 -5 -5 -2 -4 -5 -5 -5  4  0 -5  3 -2 -2 -4  3  1 -4  4    1   1   0   0   1   1   0   1   0  22   9   0   6   1   2   1  20   2   0  32  0.90 0.45
  205 R   -4  7 -4 -5 -4 -1 -5 -4 -3 -1 -4  0 -5 -5  3  0 -1 -6 -6 -4    1  56   1   0   0   2   0   2   1   4   2   5   0   1  14   7   4   0   0   2  1.38 0.64
  206 I   -5 -7 -6 -8  0 -7 -8 -8 -8  8  2 -7 -3 -4 -7 -7 -5 -7 -6  2    1   0   0   0   2   0   0   0   0  67  14   0   0   0   0   0   0   0   0  13  1.98 0.77
  207 I   -6 -6 -7 -7 -6  4 -6 -8 -4  3  6 -6 -1 -4 -7 -6 -5 -6 -6 -1    0   0   0   0   0  17   0   0   0  14  63   0   1   0   0   0   1   0   0   3  1.55 0.71
  208 Y   -8 -8 -8 -9 -4 -8 -8 -9 -5 -8 -7 -8 -7 -3 -9 -8 -3 -4 10 -7    0   0   0   0   0   0   0   0   0   0   0   0   0   0   0   0   2   0  96   0  3.90 1.39
  209 G   -3 -8 -6 -7 -8 -7 -8  8 -8 -9 -9 -7 -8 -9 -8 -3 -7 -8 -9 -9    2   0   0   0   0   0   0  95   0   0   0   0   0   0   0   2   0   0   0   0  2.87 1.08
  210 G   -6 -8 -6 -7 -8 -8 -8  8 -8 -9 -9 -7 -8 -9 -8 -6 -7 -8 -9 -9    0   0   0   0   0   0   0  99   0   0   0   0   0   0   0   0   0   0   0   0  3.06 1.13
  211 S   -3 -6 -5 -6 -7 -6 -6 -5 -7 -8 -8 -6 -7 -8 -6  8 -4 -8 -7 -7    1   0   0   0   0   0   0   1   0   0   0   0   0   0   0  96   0   0   0   0  2.75 1.15
  212 V   -2 -7 -8 -8  0 -7 -7 -8 -8 -1 -4 -7  2 -6 -7 -7 -5 -8 -6  8    3   0   0   0   2   0   0   0   0   2   1   0   5   0   0   0   0   0   0  86  2.37 0.92
  213 T   -5 -2  6 -2 -7 -4 -4 -5 -3 -7 -7  6 -6 -7 -6  0  3 -7 -6 -6    1   1  34   2   0   0   1   0   0   0   0  39   0   0   0   7  14   0   0   0  1.48 0.70
  214 G    3 -2 -3 -2 -6 -2  0  1 -2 -5 -3 -2 -4 -6  6  0 -3 -7 -5 -3   22   2   1   2   0   2   6  10   1   1   3   2   0   0  39   6   1   0   0   2  0.95 0.50
  215 G    2 -3  1  3 -3  0  2  1 -1 -5 -4  2 -4 -6 -4  1 -1 -6 -5 -4   16   1   6  19   0   3  14  12   2   0   1  11   0   0   0  11   3   0   0   1  0.48 0.32
  216 N   -7 -6  9 -4 -8 -4 -6 -5 -5 -7 -8 -5 -7 -8 -7 -2  0 -9 -7 -8    0   0  89   1   0   1   0   0   0   0   0   0   0   0   0   3   5   0   0   0  2.97 1.12
  217 C    5 -6 -6 -7  7 -6 -6 -5 -6  4 -3 -6 -4 -3 -6 -2 -3 -5 -4  1   45   0   0   0  19   0   0   0   0  18   2   0   0   1   0   2   2   0   1   9  1.32 0.62
  218 K    3  2 -2  0 -3  0  0  0 -2 -3 -4  3 -3 -4 -1  0 -1 -6 -2 -1   27   9   2   5   0   4   6   6   1   1   1  20   0   1   3   5   4   0   1   4  0.38 0.29
  219 E    0 -4 -2  3 -6  0  6 -1 -3 -6 -6 -2 -5 -7 -4  0  0 -5 -6 -5    9   0   1  14   0   4  50   5   0   0   1   2   0   0   1   6   5   0   0   1  1.07 0.58
  220 L   -6 -7 -8 -8 -6 -5 -8 -8 -7  4  6 -7  0  2 -8 -7 -5 -6  1 -3    0   0   0   0   0   1   0   0   0  19  66   0   1   8   0   0   0   0   4   1  1.62 0.69
  221 A    2 -5 -6 -6 -2 -5 -6 -3 -4  2  2 -3  6  4 -6 -2 -3 -5 -2 -1   18   0   0   0   1   0   0   2   0  12  22   2  18  18   0   3   1   0   1   2  0.81 0.44
  222 S    4  0  0 -1 -2  0 -1  0 -2 -4 -3  2 -3 -6 -3  2 -1 -6 -4 -3   32   4   3   3   1   5   3   8   1   1   2  13   0   0   1  18   3   0   0   1  0.47 0.34
  223 Q   -3 -3 -3 -5  3  6  1 -5 -3  1  0  2  3 -4 -6 -3 -3 -6 -4  0    1   1   1   0   6  38   7   1   0   7  10  11   7   0   0   1   1   0   0   5  0.89 0.53
  224 H    1 -4 -2  0 -6 -2  2 -3 -2 -6 -6  1 -6 -7  7  0 -3 -8 -7 -5   11   1   2   6   0   2  11   2   1   0   1   9   0   0  46   7   2   0   0   0  1.18 0.60
  225 D   -5 -6  4  7 -3 -2  0 -3  3 -8 -7 -4 -5 -8 -6 -3 -5 -8 -4 -7    1   0  16  63   1   2   5   2   6   0   0   1   0   0   0   2   1   0   1   0  1.85 0.79
  226 V   -5 -8 -8 -8 -2 -8 -8 -9 -8  7 -1 -8 -3 -5 -8 -7 -5 -8 -6  6    0   0   0   0   1   0   0   0   0  50   5   0   0   0   0   0   0   0   0  44  2.01 0.79
  227 D   -4 -7  1  8 -9 -5 -3 -3 -5 -9 -9 -5 -9 -9 -7 -3 -5 -10 -6 -9    1   0   5  86   0   0   1   2   0   0   0   0   0   0   0   2   1   0   0   0  2.67 1.03
  228 G   -4 -8 -6 -7 -8 -7 -8  8 -8 -9 -9 -7 -8 -9 -8 -6 -7 -8 -9 -9    1   0   0   0   0   0   0  98   0   0   0   0   0   0   0   0   0   0   0   0  2.99 1.08
  229 F    4 -6 -6 -6 -3 -6 -6  3 -6 -3  1 -6 -4  5 -5 -4 -4 -5 -3  2   29   0   0   0   0   0   0  19   0   0  11   0   0  25   0   1   0   0   0  15  0.92 0.49
  230 L   -5 -7 -8 -8 -6 -7 -8 -8 -8 -3  7 -7 -3  2 -8 -7 -6 -6 -5 -4    1   0   0   0   0   0   0   0   0   0  90   0   0   8   0   0   0   0   0   0  2.22 0.87
  231 V   -4 -7 -8 -8 -6 -7 -7 -8 -8  5 -3 -7  0 -5 -7 -6 -4 -7 -6  7    1   0   0   0   0   0   0   0   0  24   1   0   2   0   0   0   0   0   0  70  2.07 0.80
  232 G   -5 -8 -6 -7 -8 -7 -7  8 -7 -9 -9 -7 -8 -8 -7 -4 -7 -8 -8 -8    0   0   0   0   0   0   0  97   0   0   0   0   0   0   0   1   0   0   0   0  2.90 1.02
  233 G   -4  2 -2 -4 -7 -6 -6  7 -6 -8 -8 -2 -7 -6 -6  0 -2 -7 -7 -7    1  10   2   1   0   0   0  75   0   0   0   2   0   0   0   6   2   0   0   0  1.88 0.75
  234 A    7 -6 -6 -6 -3 -5 -6 -4 -7 -5 -7 -5 -6 -6 -6  0 -4 -8 -6 -3   88   0   0   0   1   0   0   1   0   0   0   0   0   0   0   7   1   0   0   1  2.14 0.89
  235 S    2 -6 -5 -6 -3 -5 -5 -4 -6 -7 -7 -5 -7 -4 -6  7 -4 -2 -7 -7   13   0   0   0   1   0   0   1   0   0   0   0   0   1   0  83   0   1   0   0  2.15 0.94
  236 L   -6 -7 -8 -8 -6 -5 -8 -8 -8 -2  7 -7 -2 -4 -8 -7 -4  5 -6 -4    0   0   0   0   0   1   0   0   0   1  88   0   0   0   0   0   1   8   0   0  2.19 0.84
  237 K   -4 -2  1  4 -7  1  1 -5 -3 -5 -6  6 -5 -6 -5 -1 -1 -7 -5 -2    1   1   5  22   0   6   7   0   0   0   0  45   0   0   0   4   3   0   0   4  1.07 0.53
  238 P    5 -5 -5 -4 -5 -5 -2 -3 -5 -3 -4 -4 -2 -3  5 -1 -2 -7 -3  1   41   0   0   1   0   0   3   1   0   2   2   1   1   1  32   3   2   0   1   9  1.14 0.57
  239 E   -2 -4 -2  5 -8  1  6 -3 -5 -7 -7 -1 -7 -8 -6 -1 -3 -8 -7 -7    4   1   1  34   0   5  44   2   0   0   0   4   0   0   0   5   1   0   0   0  1.43 0.65
  240 F   -8 -8 -7 -8 -8 -8 -9 -9 -7 -3 -3 -7 -4  9 -9 -5 -8 -4  1 -6    0   0   0   0   0   0   0   0   0   1   2   0   0  91   0   1   0   0   4   0  3.20 1.06
  241 V    2 -4 -3 -2  1 -3 -2 -2 -3  2  3 -2  0 -1 -4 -1 -1 -2 -1  3   16   0   1   3   3   0   2   2   0  11  25   2   2   2   0   5   3   0   2  21  0.33 0.23
  242 D    2  1 -1  3 -5  2  2 -1 -2 -5 -5  2 -2 -6 -1 -1  0 -6 -4 -4   18   6   3  18   0   9  13   5   0   0   0  14   1   0   3   4   5   0   0   1  0.42 0.29
  243 I   -6 -8 -8 -8 -5 -6 -8 -8 -8  8  2 -7  2 -4 -8 -6 -6 -7 -6 -1    0   0   0   0   0   0   0   0   0  79  14   0   5   0   0   0   0   0   0   1  2.27 0.82
  244 I    0 -7 -7 -7  6 -6 -7 -6 -7  6  0 -6 -1 -4 -6 -5 -4 -6 -3  4    7   0   0   0  14   0   0   0   0  41   8   0   1   0   0   0   0   0   1  27  1.33 0.55
  245 N   -1  3  5  0 -3  2  2 -3  1 -6 -5  2 -4 -5 -5 -1 -2 -6 -5 -5    5  15  30   4   1   9  13   1   3   0   1  13   0   0   0   2   2   0   0   0  0.78 0.42
  246 A    6 -4 -4 -5 -3 -4 -5 -4 -4 -3 -5 -4 -5  0 -5  3 -3 -3  4 -2   59   0   0   0   0   0   0   0   0   1   0   0   0   3   0  20   0   0  12   2  1.24 0.59
  247 K    5  3 -2 -4 -4  2 -3 -3 -4 -5 -3  3 -4 -5 -4 -2 -2 -6 -3 -3   51  13   1   0   0   9   1   1   0   0   2  18   0   0   0   1   2   0   1   1  0.91 0.45
  248 H   -4  3  3 -3 -6  6  2 -4  4 -6 -5 -2 -4 -5 -4 -3 -3 -5 -1 -5    0  14  15   0   0  46  13   0  10   0   0   0   0   0   0   0   0   0   2   0  1.21 0.46

                      K         Lambda
Standard Ungapped    0.1342     0.3166
Standard Gapped      0.0410     0.2670
PSI Ungapped         0.2209     0.3175
PSI Gapped           0.0676     0.2670
