
Last position-specific scoring matrix computed, weighted observed percentages rounded down, information per position, and relative weight of gapless real matches to pseudocounts
           A  R  N  D  C  Q  E  G  H  I  L  K  M  F  P  S  T  W  Y  V   A   R   N   D   C   Q   E   G   H   I   L   K   M   F   P   S   T   W   Y   V
    1 A    7 -6 -6 -6 -5 -5 -6 -5 -6 -6 -6 -5 -6 -7 -6  1 -5 -7 -7 -5   92   0   0   0   0   0   0   0   0   0   0   0   0   0   0   8   0   0   0   0  2.26 0.98
    2 D   -2  2  1  4 -7  2  4 -2  3 -6 -6  0 -5 -7 -5 -1 -3 -7 -3 -5    2  12   5  25   0   8  27   3   7   0   0   5   0   0   0   3   1   0   1   0  0.87 0.52
    3 Q   -3  0  2 -1 -2  4  4 -3  3 -6 -4  2 -3 -1 -5  1 -2 -5 -1 -5    2   4  10   2   1  17  25   1   7   0   2  10   1   3   0   9   2   0   2   0  0.63 0.46
    4 L   -7 -8 -9 -7 -6 -8 -9 -8 -8  0  6 -8  1  4 -9 -8 -7 -5 -4 -3    0   0   0   0   0   0   0   0   0   4  73   0   3  17   0   0   0   0   0   1  1.99 0.94
    5 T   -4 -2  1  1 -6 -4 -2 -4 -7 -7 -4 -4 -4 -8  0  5  5 -8 -7 -7    1   2   6   6   0   1   3   2   0   0   2   1   1   0   6  36  34   0   0   0  1.18 0.76
    6 E   -1 -3 -1  3 -8  3  6 -5 -4 -6 -5  1 -5 -7  1 -4 -2 -8 -7 -3    5   1   3  13   0  12  42   1   0   1   1   8   0   0   7   1   2   0   0   3  1.03 0.66
    7 E   -1 -4 -2  4 -6  1  6 -5 -4 -8 -8  0 -5 -7 -5 -1 -3 -9 -7 -6    5   1   2  23   0   6  48   1   0   0   0   5   0   0   1   4   2   0   0   0  1.38 0.80
    8 Q   -5 -2 -6  0 -9  8  5 -8 -3 -7 -5 -1  0 -9 -5 -5 -4 -9 -8 -6    1   2   0   4   0  52  29   0   1   0   2   4   2   0   1   0   1   0   0   1  1.93 1.05
    9 I   -4  0 -6 -5 -5 -1 -3 -7 -5  6  1  2  2 -4 -7 -5 -3 -5 -4  2    1   5   0   1   0   3   2   0   0  42  13  12   4   1   0   1   1   0   0  13  1.04 0.57
   10 A    3 -1  1  1 -4  3  3 -2 -2 -3 -4  1 -2 -5 -5  0 -1 -6 -5 -2   20   3   6   8   0  14  17   2   1   2   1  10   1   0   0   8   3   0   0   3  0.47 0.39
   11 E   -4 -3 -3  3 -5  1  7  0 -2 -4 -5 -2 -3 -7 -6 -4 -5 -5 -8 -2    2   2   1  13   0   5  58   7   1   1   1   2   1   0   0   1   0   0   0   3  1.41 0.82
   12 F   -3 -7 -8 -8 -1 -6 -8 -8 -5  4  4 -7  2  6 -8 -6 -5 -4  3 -2    2   0   0   0   1   0   0   0   0  20  32   0   5  26   0   0   0   0  10   3  1.33 0.67
   13 K   -4  5 -2 -6 -5  1 -1 -4 -2 -5 -4  6 -4 -6 -7 -4 -3 -2 -3 -5    2  28   2   0   0   7   5   1   1   1   2  45   1   0   0   1   2   1   1   1  1.37 0.78
   14 E   -1  1 -2  2 -8  2  6 -5 -3 -5 -5  1 -3 -7 -7 -4 -2 -2 -6 -5    5   7   2   9   0   7  54   1   1   1   1   7   1   0   0   1   2   1   0   1  1.27 0.77
   15 A    6 -6 -7 -7  2 -4 -6 -4 -5  1 -2 -5  3 -6 -6 -3 -2 -8 -4  2   57   0   0   0   4   1   0   1   0   6   3   1   7   0   0   1   3   0   1  14  1.30 0.76
   16 F   -9 -10 -10 -10 -4 -10 -10 -10 -8 -7 -5 -10 -4 10 -10 -9 -9 -6 -2 -8    0   0   0   0   0   0   0   0   0   0   1   0   0  97   0   0   0   0   1   0  3.89 1.59
   17 S    0  1  2  3  0  2  1 -2 -1 -4 -3  2 -2 -4 -5  2  0 -5 -3 -4    6   7   9  16   2   8  10   3   1   1   2  11   1   0   0  15   4   0   1   1  0.37 0.32
   18 L   -1 -1 -2 -5 -3 -1 -1 -5 -2  0  4 -1  5 -2 -6 -1 -2 -4 -2  0    5   4   2   0   0   2   4   1   1   6  43   4  12   1   0   4   2   0   2   5  0.65 0.44
   19 F   -7 -9 -9 -10 -3 -9 -8 -9 -4  2 -1 -8  3  9 -9 -6 -7 -6  2 -3    0   0   0   0   1   0   0   0   1   9   6   0   7  67   0   1   0   0   6   2  2.38 1.08
   20 D   -5 -7 -5  9 -5 -6 -5 -7 -6 -8 -10 -6 -9 -10 -8 -6 -7 -10 -7 -6    1   0   0  94   0   0   0   0   0   0   0   0   0   0   0   1   0   0   0   1  3.23 1.45
   21 K    0  3 -2 -3 -5  1 -1 -4  0 -2 -4  4  0 -5 -2  0  3 -1 -4 -1    7  12   2   1   0   6   4   1   2   2   2  28   2   0   2   7  17   1   1   4  0.56 0.43
   22 D   -5 -1  5  7 -8 -2  0 -4 -4 -7 -8 -1 -8 -9 -7 -3 -1 -9 -8 -4    1   3  25  48   0   2   6   1   0   0   0   5   0   0   0   2   4   0   0   2  1.58 0.86
   23 G   -4  2  3 -3 -3 -1 -3  5  0 -7 -7  3 -6 -8 -4 -1 -6 -7 -5 -7    1   9  12   1   1   3   1  47   2   0   0  16   0   0   1   4   0   0   0   0  1.17 0.68
   24 D   -4 -2  1  7 -4 -3 -1 -3 -4 -6 -7 -1 -7 -8 -7  2  1 -8 -7 -6    1   2   7  53   0   1   3   3   0   0   0   4   0   0   0  16   7   0   0   1  1.44 0.81
   25 G   -5 -5 -2 -4 -6 -5 -4  7 -6 -9 -9 -4 -4 -6 -8 -3 -7 -8 -7 -7    1   1   2   1   0   1   1  87   0   0   0   1   1   0   0   2   0   0   0   0  2.50 1.18
   26 T   -1  2 -2 -2  1  0 -1 -5  0 -2 -2  3 -1  2 -4  0  2 -2  1 -1    5  10   1   2   3   4   3   0   2   2   3  21   2   9   0   8  14   1   5   5  0.33 0.30
   27 I   -6 -8 -8 -9 -5 -8 -8 -9 -8  8  1 -8 -1 -5 -8 -7 -5 -8 -7  2    0   0   0   0   0   0   0   0   0  73  11   0   1   0   0   0   1   0   0  11  2.31 1.04
   28 T   -1 -4  0  4 -3 -2 -1 -2 -2 -5 -4 -2 -4 -6 -1  4  5 -7 -5 -5    4   1   4  19   1   2   3   3   1   0   1   2   0   0   3  24  29   0   0   0  0.85 0.61
   29 T    1 -1 -2 -4  1 -1 -2 -3 -1  1  0  1 -1  1  1 -1  2 -1  3  1   13   3   2   0   3   2   2   1   1   8   8   8   2   5   6   4  11   1  11  10  0.17 0.19
   30 K    0  0  1  3 -5  1  3 -2  2 -5 -3  3 -3 -4 -4  1 -1 -6 -4 -4    7   5   5  13   0   5  19   3   5   0   3  19   0   1   0  10   3   0   0   1  0.48 0.38
   31 E   -5 -5 -2  3 -8  2  7 -7 -3 -7 -6 -1 -1 -7 -7 -3 -4 -8 -6 -5    1   0   2  14   0   9  63   0   1   0   1   3   1   0   0   2   1   0   0   1  1.77 0.98
   32 L   -5 -7 -8 -8  1 -7 -8 -8 -8  2  6 -7  1  1 -8 -6 -5 -7 -2  1    1   0   0   0   3   0   0   0   0   8  69   0   2   5   0   1   1   0   1   8  1.63 0.83
   33 G    0  3 -2 -3 -2 -2 -2  4 -1 -4 -4  4 -2 -4 -5 -1 -3 -5 -4 -3    9  13   2   1   1   2   3  32   2   1   2  23   1   1   0   4   1   0   0   2  0.73 0.49
   34 T    1 -2  0  3 -3  0  1 -3 -1 -1 -3 -1 -1 -2 -3  0  3 -6 -2  1   11   2   4  17   1   4   9   2   1   4   2   3   2   2   1   6  17   0   1  12  0.28 0.28
   35 V    3 -5 -5 -6  3 -6 -6  1 -6  2  1 -5  2 -3 -6 -2 -1 -4 -3  4   21   0   0   0   5   0   0  11   0  10  12   0   4   1   0   3   3   0   1  27  0.65 0.44
   36 M   -5 -7 -8 -9 -4 -7 -8 -7 -8  1  5 -6  8  2 -8 -6 -5 -4 -1 -2    1   0   0   0   0   0   0   0   0   7  44   0  34   7   0   1   0   0   2   2  1.80 0.91
   37 R   -1  7 -2 -2 -5  0 -1 -3  1 -5 -3  2 -5 -6 -5 -2 -1 -2 -4 -6    6  53   2   2   0   4   4   3   3   1   3  11   0   0   0   3   3   1   1   0  1.25 0.73
   38 S    4  0  0 -4  2 -2 -3 -3 -4 -4 -3  1  1 -4 -5  4  1 -2 -4 -4   31   5   5   1   3   2   1   2   0   1   2   7   3   1   0  27   7   1   1   1  0.68 0.52
   39 L   -5 -7 -5 -8  1 -4 -8 -8 -5  0  6 -5  4  0 -7 -5 -4 -4 -3  0    1   0   1   0   3   1   0   0   0   5  67   1   8   3   0   1   1   0   1   6  1.50 0.80
   40 G   -3 -3 -2 -3 -6 -6 -5  7 -8 -8 -9 -7 -5 -9 -8 -3 -7 -5 -9 -7    2   2   2   2   0   0   1  86   0   0   0   0   0   0   0   2   0   0   0   1  2.43 1.18
   41 Q   -2 -1 -3 -3 -2  5 -1 -2  3  0  0  0 -1  3 -3 -1 -2 -2  2 -2    3   3   1   1   1  23   4   3   6   6  10   5   2  14   1   5   3   0   6   3  0.40 0.35
   42 N   -2 -1  5  1 -1  0  2 -3 -1 -4 -4  1  0 -2 -1 -1 -1 -6 -2 -3    3   3  31   8   1   4  14   2   2   1   2   8   3   2   3   5   3   0   1   2  0.59 0.44
   43 P   -1 -6 -6 -5 -4 -4 -4 -6 -4  1  1 -4  1 -1  7 -4 -3 -3 -3  1    4   0   0   0   0   1   1   1   1   7  15   1   3   3  46   1   2   0   1  11  1.18 0.72
   44 T   -2 -2 -1  0 -5 -3 -3 -4 -3 -4 -4  1 -2 -6  1  3  6 -7 -6 -4    3   2   3   4   0   1   2   1   1   1   1   9   1   0   7  19  41   0   0   1  0.92 0.66
   45 E   -2 -1  2  3 -5  0  5 -4 -2 -3 -3  2 -2 -4  0 -3 -3 -4 -4 -3    3   3   8  16   0   4  31   1   1   2   3  14   1   1   5   2   1   0   0   2  0.65 0.48
   46 A    3 -1 -1  2 -4  0  3 -1 -2 -4 -4  1  0 -4 -1  1 -1 -6 -4 -3   22   2   3  10   0   4  20   4   1   1   1   8   3   1   3  11   3   0   1   1  0.39 0.36
   47 E   -4 -4 -3  2 -4  1  7 -4 -4 -4 -5 -2 -2 -5 -7 -5 -2 -4 -3 -5    1   1   1  11   0   6  65   2   0   1   1   2   1   1   0   1   2   0   1   1  1.65 0.95
   48 L   -2 -7 -7 -8 -4 -3 -6 -7 -7  4  4 -7  0 -3 -7 -6 -3 -7 -6  4    4   0   0   0   0   1   1   0   0  22  39   0   2   1   0   0   2   0   0  26  1.24 0.66
   49 Q   -1  1  0  1 -4  4  2 -4  0 -1 -1  2  0 -2 -2 -2 -2 -4  0 -3    5   8   4   8   0  16  12   1   2   3   8  14   2   2   2   3   3   0   3   2  0.31 0.29
   50 D    1  1  0  3 -6  2  3 -2 -2 -3 -3  3  0 -5 -5  0 -2 -5 -4 -3   11   7   5  16   0   9  17   3   1   1   2  15   2   0   0   7   2   0   0   2  0.46 0.37
   51 M   -2 -5 -5 -7 -2 -4 -6 -5 -1  4  3 -5  7 -2 -6 -3 -2 -2 -1  1    4   1   0   0   1   1   0   1   2  18  26   1  29   1   0   2   2   1   2   8  1.14 0.62
   52 I   -4 -3 -5 -7 -2 -4 -5 -6 -6  5  2 -4  6  0 -6 -2 -2 -6 -3  2    2   1   0   0   1   1   1   1   0  31  20   1  18   4   0   3   2   0   1  12  1.06 0.57
   53 I    1  1  3  1 -4  2  2  0  1 -3 -4  1 -3 -5 -4  0 -1 -6 -3 -3   12   7  13   8   0   9  13   8   3   1   2   9   0   0   0   7   3   0   1   1  0.35 0.30
   54 E    1 -1  0  2 -6  2  5 -2  0 -5 -4  0 -3 -5 -5  0 -2 -7 -4 -2   11   3   5  10   0   8  37   4   2   1   2   5   1   0   0   5   2   0   1   3  0.71 0.51
   55 V    2 -4 -3 -5 -3 -4 -3 -3  1  3  1 -3  2  0  0 -2 -2 -3  2  4   18   1   1   1   0   0   1   2   3  14  10   1   4   3   4   2   2   0   6  24  0.47 0.34
   56 D   -3 -4 -2  8 -3 -3  0 -2 -4 -4 -4  0 -5 -6 -3 -2 -3 -7 -4 -4    2   1   2  66   1   1   5   3   0   1   2   6   0   0   2   3   2   0   1   1  1.68 0.84
   57 A    2 -1 -2 -2 -2 -1  0 -2 -2  0 -1  2  1 -3  2  0  1 -4 -3  1   15   4   2   2   1   2   6   2   1   5   5  14   3   1   9   7  10   0   1  10  0.18 0.20
   58 D   -3 -3  3  7 -4 -2  2 -3 -2 -5 -5 -2  0 -4 -2 -2 -3 -4 -4 -4    2   2  12  50   1   1  11   2   1   1   1   2   2   1   3   3   2   0   1   2  1.21 0.67
   59 G   -2 -1  3 -1 -2 -2 -1  6 -2 -4 -3  0 -1 -5 -3 -1 -3 -2 -4 -4    4   3  12   3   1   2   4  48   1   1   3   6   1   0   1   5   1   1   1   1  0.88 0.52
   60 N   -3 -2  5  4 -4 -2 -1 -1 -3 -4 -5 -1 -1 -6  0  3  2 -7 -4 -4    2   3  23  18   0   1   3   5   1   1   1   4   1   0   4  20  11   0   1   1  0.69 0.49
   61 G   -2 -2 -2 -2 -5 -3 -3  7  0 -6 -6  1 -3 -6 -5 -3 -4 -7 -6 -5    3   3   2   2   0   1   2  69   2   1   1   8   1   0   1   2   1   0   0   1  1.62 0.83
   62 T   -2  1 -2 -2  0  0  1 -2 -1 -3  0  1  0  1  0  0  3 -3  1 -1    3   7   2   2   2   3   8   3   2   1  10   8   2   6   5   7  21   0   4   4  0.19 0.22
   63 I   -5 -7 -8 -8 -4 -7 -8 -8 -8  7  2 -7  1  0 -8 -7 -5 -7 -3  3    1   0   0   0   0   0   0   0   0  51  20   0   3   4   0   0   0   0   1  17  1.64 0.79
   64 D   -4 -3  3  6 -3 -3  1 -3 -2 -6 -7 -3 -7 -6 -3  1  0 -8 -3 -6    2   2  13  48   1   1  10   3   1   1   0   2   0   0   1  10   5   0   1   0  1.26 0.73
   65 F   -5 -6 -8 -7 -1 -6 -5 -8 -5 -2  1 -5 -1  8 -7 -7 -6  0  5 -3    1   1   0   0   1   0   1   0   0   2  11   1   1  61   0   0   0   1  14   2  2.12 0.99
   66 P   -1 -3  1  3 -6  0  4 -1 -2 -4 -5 -1 -3 -5  2  0  1 -7 -5 -4    5   1   6  17   0   4  27   6   1   1   1   4   1   0  10   7   8   0   0   1  0.58 0.45
   67 E   -3 -4 -3  3 -6  0  6 -2 -3 -6 -6 -3  1 -8 -6 -2  0 -8 -6 -3    3   1   1  15   0   4  53   3   1   0   0   2   3   0   0   3   6   0   0   3  1.29 0.79
   68 F   -6 -7 -9 -9 -9 -9 -9 -9 -8 -5 -2 -9 -5 10 -6 -8 -7 -3 -1 -6    1   0   0   0   0   0   0   0   0   1   4   0   0  89   1   0   0   0   1   0  3.37 1.44
   69 L   -2 -4 -4 -5  3 -1 -3 -4 -3  2  4 -3  2  0 -5 -3 -3 -3 -2  2    4   1   1   0   6   3   2   2   1  10  40   1   4   4   0   2   2   0   1  15  0.64 0.41
   70 T    2  0  0  0 -2  0  1 -2 -1 -3 -4  0 -3 -4  2  0  2 -5 -1 -1   18   4   5   6   1   5  10   3   2   2   1   6   0   0   9   7  15   0   2   4  0.24 0.26
   71 M    1 -6 -6 -6 -3 -5 -6 -7 -3  4  4 -6  6 -1 -5 -5 -4  0 -2  2   12   0   0   0   0   0   0   0   1  18  31   0  18   3   1   1   1   1   1  10  0.99 0.58
   72 M    0 -6 -3 -6 -1 -5 -6 -5  1  0  1 -5  8  1 -6 -4  0 -4  2  1    7   0   2   0   1   0   0   1   3   6  12   0  38   6   0   1   6   0   6   8  1.19 0.66
   73 A    2 -1 -1 -3 -1  1  0  1  0 -2 -2 -1  1 -4 -4  1  2 -2 -3  0   17   3   3   1   1   7   6  12   2   2   3   4   4   0   0  12  13   1   1   6  0.22 0.25
   74 R   -1  4  0  0 -4  1  1 -2  3 -3 -2  2  0 -5  0  0  0 -2 -3 -2    6  19   4   4   0   6  10   3   7   2   4  10   2   0   5   6   6   1   1   3  0.29 0.27
   75 K   -3  2 -1 -2 -2  2 -2 -2  3 -1 -2  5  2  0 -1 -3 -3 -2 -2 -3    2  12   3   3   1   7   2   3   6   4   4  32   5   4   4   2   1   1   2   1  0.56 0.42
   76 M   -3 -2  0 -3 -2  0 -2 -3  0  2  2 -2  6 -1 -3 -1 -1 -3 -1  0    2   2   5   1   1   4   2   3   2  10  21   3  22   3   2   5   3   0   2   5  0.50 0.36
   77 K   -1  2  2 -1 -4  2  0  0 -1 -3 -2  4 -2 -2 -2  0 -1 -6 -3 -2    5  11   9   3   0   8   5   6   1   2   5  26   1   2   2   7   3   0   1   3  0.37 0.31
   78 D    0 -3 -1  4 -4  1  3  1 -2 -4 -4  1 -3 -4 -1 -1 -2 -2 -1 -3    7   1   3  19   0   6  21  12   1   1   1  10   1   1   3   4   2   1   2   2  0.45 0.35
   79 T   -1  2 -1  0 -2  0  2 -2 -3 -1 -1  1  2 -4  0 -1  3 -3 -2 -1    4  12   3   4   1   4  13   3   0   4   7   7   6   1   5   3  17   0   1   4  0.21 0.24
   80 D   -3 -4  1  6 -5 -2  2  1 -3 -3 -5 -2 -5 -4 -2 -1 -1 -3 -1 -4    2   1   6  42   0   1  14   9   1   2   1   2   0   1   2   5   4   0   3   2  0.93 0.58
   81 S   -1  1  1  0 -3 -1  1 -3 -1 -3 -4  1 -4 -3  3  2  2 -4 -3 -2    5   7   6   6   0   2   8   2   1   1   2   7   0   1  15  17  11   0   1   2  0.31 0.32
   82 E   -2  0 -3  2 -5  0  6 -4  0 -3 -3  1  0 -3 -2 -4 -2 -4 -1 -2    3   4   1  11   0   4  44   1   2   2   3   7   2   1   3   1   2   0   3   3  0.83 0.57
   83 E   -1 -1 -2  4 -8  0  6 -4 -4 -6 -6  2 -4 -8 -5 -2 -3 -8 -7 -5    6   3   2  18   0   4  46   2   0   0   1  10   1   0   0   3   1   0   0   1  1.17 0.73
   84 E   -4 -3  0  3 -4  0  6 -4  4 -4 -5 -3 -3 -7 -5 -3 -1 -5 -2  0    2   1   4  17   0   4  43   1   8   1   1   1   1   0   0   2   4   0   2   6  1.05 0.67
   85 I   -6 -7 -8 -9 -1 -8 -8 -9 -8  5  5 -8  3  1 -5 -5 -5 -4  1 -1    1   0   0   0   1   0   0   0   0  27  48   0   6   4   1   1   1   0   4   5  1.41 0.73
   86 R   -3  5 -3 -4 -2  0 -2 -6  0  0  1  3  2 -1 -3 -3 -3  0  0  0    3  29   1   1   1   4   2   0   2   6  11  15   5   2   1   2   2   1   3   7  0.55 0.40
   87 E    1  1  2  1 -4  1  5 -4 -2 -4 -4  3 -3 -7 -5 -2 -3 -8 -7 -5   10   8   8   8   0   6  32   1   1   1   2  16   1   0   0   3   2   0   0   1  0.75 0.53
   88 A    7 -7 -8 -5 -1 -6 -6  0 -5 -2 -5 -5 -3 -7 -5 -2 -3 -5 -5 -1   75   0   0   1   1   0   1   6   0   3   1   1   1   0   1   2   2   0   0   5  1.80 0.98
   89 F   -9 -9 -10 -10 -9 -10 -10 -10 -8 -4 -2 -10 -2 10 -6 -9 -9 -2 -1 -6    0   0   0   0   0   0   0   0   0   1   5   0   1  89   1   0   0   1   2   1  3.42 1.45
   90 R   -1  5  1  0 -4  2  0 -3 -1 -6 -3  4 -2 -7 -3 -1 -3 -4 -5 -5    6  28   5   5   0   9   5   2   2   0   3  21   1   0   1   5   2   0   0   1  0.71 0.52
   91 V   -1 -3 -5 -5  2 -2 -2 -7  0  1  2 -3  4  0 -7 -4 -1 -4  2  4    6   1   0   1   4   2   4   0   3   6  17   1  10   4   0   1   4   0   8  30  0.66 0.42
   92 F   -6 -9 -7 -9 -4 -9 -8 -7 -5 -1  0 -6 -3  9 -5 -6 -4 -1  3 -6    1   0   0   0   0   0   0   1   0   3   7   1   1  73   1   1   1   1   7   0  2.60 1.17
   93 D   -6 -7 -2  9 -3 -6 -2 -7 -3 -10 -10 -6 -10 -7 -9 -6 -5 -11 -10 -6    1   0   2  88   1   0   3   0   1   0   0   0   0   0   0   1   1   0   0   1  2.95 1.40
   94 K   -3  3 -4  1 -4  1  0 -4 -2 -2 -1  5  0 -6 -1 -3  0 -4 -5 -2    2  13   1   7   0   5   6   1   1   3   6  39   2   0   3   2   6   0   0   3  0.75 0.51
   95 D   -5 -5  4  7 -9 -2  3 -2 -2 -8 -5 -3 -3 -9 -5 -3 -5 -9 -8 -8    1   1  15  54   0   2  16   3   1   0   1   1   1   0   1   2   1   0   0   0  1.72 0.91
   96 G   -2 -1  3  0 -3  0 -1  6  0 -8 -5  2 -2 -8 -7 -3 -6 -8 -6 -7    4   3  12   5   1   4   4  49   2   0   2  11   1   0   0   2   0   0   0   0  1.11 0.65
   97 N   -4 -2  5  4 -2 -2 -3 -5 -2 -6 -6  1 -5 -7 -5  3  2 -8 -7 -5    1   2  23  22   1   2   2   1   1   0   1   8   0   0   1  20  13   0   0   1  0.96 0.64
   98 G   -5 -6 -3 -4 -9 -5 -6  8 -8 -9 -9 -5 -9 -9 -5 -5 -6 -9 -9 -7    1   1   1   1   0   1   1  90   0   0   0   1   0   0   1   1   1   0   0   0  2.70 1.26
   99 Y   -4 -1 -4 -5  0 -2 -4 -5  0 -3 -2  2 -2  5 -7 -1  0 -3  6 -1    1   4   1   1   2   2   1   1   2   1   5  14   1  20   0   4   7   0  29   4  0.99 0.59
  100 I   -6 -9 -9 -9 -3 -9 -9 -9 -6  8 -1 -9 -1 -4 -9 -8 -6 -9 -8  1    1   0   0   0   1   0   0   0   0  79   6   0   1   1   0   0   0   0   0   9  2.56 1.15
  101 S   -4 -4  0  1 -2 -3 -1 -2  0 -7 -6 -2  1 -5 -1  4  5 -8 -5 -5    1   1   4   7   1   1   5   4   2   0   1   3   4   1   3  33  27   0   0   0  0.87 0.65
  102 A    3  0 -4 -4 -3 -2 -1 -1 -2  0  0  0  0  1  1 -1  0 -1 -2  2   24   5   0   0   0   2   5   5   1   6   8   6   2   5   6   4   5   1   1  13  0.20 0.21
  103 A    2  0  0  4 -6  1  3 -2 -2 -5 -6  1 -2 -6 -4  1 -1 -4 -5 -4   17   4   5  19   0   5  18   4   1   1   1   9   1   0   1  10   3   0   0   1  0.54 0.42
  104 E   -5 -3  1  3 -4  0  7 -5 -2 -7 -7 -2 -3 -6 -6 -2 -3 -8 -1 -3    1   1   6  12   0   3  59   1   1   0   0   2   1   0   0   3   2   0   2   2  1.49 0.88
  105 L   -5 -7 -9 -9 -7 -8 -9 -9 -9  1  6 -8  1  1 -7 -8 -7 -4 -7 -2    1   0   0   0   0   0   0   0   0   8  78   0   3   5   0   0   0   0   0   2  1.99 0.99
  106 R   -2  6 -4 -6 -2  2 -1 -4  1 -5 -4  5 -2 -5 -7 -4 -4 -5 -4 -4    3  39   1   0   1   8   4   1   3   1   2  27   1   1   0   1   1   0   1   1  1.26 0.75
  107 H   -1  3  0 -1 -2  2  2 -4  6 -3 -4  1 -2 -3 -5 -1 -1 -3  1 -3    6  15   4   3   1  10  14   1  16   2   2   7   1   1   0   5   5   0   5   2  0.55 0.40
  108 V    2 -5 -5 -6 -3 -6 -6 -5 -5  3  0 -3  3 -3 -7 -3 -3 -3 -2  5   19   1   0   0   1   0   0   1   0  15   8   2   6   1   0   2   2   1   1  39  1.00 0.57
  109 M    1 -5 -8 -8  2 -7 -8 -8 -7 -3  5 -7  7 -1 -6 -3 -3 -3 -5 -2   11   1   0   0   4   0   0   0   0   1  47   0  25   3   0   2   2   0   0   3  1.51 0.80
  110 T    0  1 -2 -2 -1  1 -1 -1  0 -2 -3  3  3 -5 -5  0  4 -3 -4 -1    8   9   2   2   1   5   3   4   2   3   2  15   6   0   0   7  23   0   0   5  0.40 0.35
  111 N   -1  1  3  0 -2  0  3 -3  1 -4 -4  1 -3 -5 -4  2  2 -6 -4 -4    6   6  14   5   1   4  20   2   3   1   2   9   1   1   1  13  11   0   0   1  0.48 0.38
  112 L   -4 -4 -5 -3  0 -2 -4 -5 -1  1  5 -5  4  1 -5 -4 -1  1  0 -1    1   1   1   2   2   2   2   1   2   7  52   1   8   5   1   2   4   2   3   4  0.91 0.52
  113 G   -3 -4 -3  0 -3 -4 -3  7 -5 -6 -6 -4 -7 -6 -6 -4 -5 -5 -5 -6    2   1   1   5   1   1   2  78   0   1   1   1   0   0   1   2   1   0   0   1  2.02 1.00
  114 E   -4 -4 -3  3 -3  0  6 -4  0 -3 -3 -3  0 -4 -3 -4 -4 -3 -4 -3    1   1   1  16   1   5  52   2   2   2   4   1   3   1   2   1   1   0   1   2  1.24 0.74
  115 K   -2  2  3  0 -4  0 -1 -2  0 -3 -5  5 -4 -5  1 -1  0 -4 -3 -4    3  11  12   5   0   4   3   4   2   2   1  30   0   0   7   4   5   0   1   1  0.56 0.41
  116 L   -4 -2 -4 -5  2 -3 -5 -5 -2  2  4 -3  5  3 -3 -4 -3 -4 -2  0    2   2   1   1   4   1   1   1   1  10  41   2  13   9   1   1   2   0   1   5  0.88 0.49
  117 T   -3 -5  0  1 -3 -3 -1 -2 -4 -5 -7 -3 -4 -8 -2  4  6 -8 -6 -5    2   1   5   7   1   1   4   3   0   1   0   2   0   0   3  27  40   0   0   1  1.11 0.75
  118 D   -2 -3 -1  6 -5 -1  4 -4 -1 -2 -2 -1 -2 -5 -1 -2 -3 -5 -1 -2    4   2   3  35   0   3  23   1   2   3   4   4   1   0   4   3   2   0   2   3  0.82 0.54
  119 E    0  0 -3  4 -6  1  5 -3 -3 -5 -7  1 -5 -6 -4 -1 -2 -2 -6 -3    9   4   1  19   0   7  38   2   1   1   1   7   0   0   1   4   2   1   0   3  0.93 0.61
  120 E   -4 -4 -3  3 -5  0  7 -7 -1 -5 -6 -3 -4 -5 -6 -5 -3 -5 -3 -1    2   1   1  14   0   4  61   0   2   1   1   1   1   1   0   1   2   0   1   5  1.60 0.93
  121 V   -1 -8 -8 -9  5 -8 -7 -7 -8  4  3 -8  0 -1 -8 -6 -5  0 -7  4    6   0   0   0  10   0   0   1   0  23  26   0   2   3   0   0   1   1   0  28  1.25 0.65
  122 D   -3  1  1  5 -6  2  3 -5 -1 -4 -5  2 -4 -5 -6 -3 -2 -6 -5 -3    2   8   5  32   0   9  18   1   1   1   1  11   0   1   0   2   2   0   0   2  0.88 0.58
  123 E    1  0 -1  3 -8  2  6 -3 -3 -6 -5 -1 -2 -7 -7 -3 -3 -8 -5 -4   10   5   3  15   0   8  43   2   1   1   2   4   1   0   0   2   1   0   0   1  1.01 0.68
  124 M   -5 -7 -9 -10 -6 -8 -9 -9 -9  4  2 -8 10 -3 -9 -8 -5 -1 -5 -1    1   0   0   0   0   0   0   0   0  19  18   0  54   1   0   0   1   1   0   4  2.44 1.14
  125 I   -6 -7 -9 -9 -3 -8 -9 -9 -6  7  2 -8  4  3 -9 -8 -6 -2 -1  1    0   0   0   0   1   0   0   0   0  53  17   0   8   9   0   0   0   1   2   7  1.75 0.83
  126 R    0  4  1  1 -2  1  1 -3  1 -5 -4  3 -4 -4 -6  0 -2 -7 -3 -3    8  23   6   9   1   7   7   2   3   1   2  18   0   1   0   6   2   0   1   2  0.57 0.41
  127 E    0 -2 -2  3 -3  0  6  0 -2 -5 -4 -1 -3 -3 -5 -3 -4 -5 -5 -3    7   2   2  13   1   3  48   8   1   1   2   4   1   2   0   2   1   0   0   2  1.04 0.66
  128 A    5 -7 -6 -7 -2 -2 -6 -2 -3  1 -3 -6 -3  2 -4 -4 -3 -7 -3  4   40   0   0   0   1   2   0   4   1   7   2   0   1   8   1   1   2   0   1  30  1.08 0.65
  129 D   -7 -8 -1  8 -7 -5 -1 -2 -1 -9 -10 -4 -7 -5  1 -5 -6 -10 -6 -7    0   0   3  76   0   0   3   3   2   0   0   1   0   1   6   1   1   0   0   1  2.39 1.17
  130 I    0  0 -3 -4 -2  1 -1 -2 -2  2  0  1  0 -3  0 -1  2 -5 -4  1    9   5   1   0   1   7   5   2   1  13  10   9   2   1   4   5  14   0   0  12  0.21 0.21
  131 D   -5 -5  5  7 -8 -4 -2 -3 -4 -6 -8 -4 -7 -9 -7 -3 -3 -9 -8 -7    1   1  21  64   0   1   3   3   0   1   0   1   0   0   0   2   2   0   0   1  2.12 1.05
  132 G   -2 -1  3 -2 -4  0 -2  5  0 -6 -7  2 -5 -7 -2  0 -4 -4 -6 -4    3   4  12   2   0   4   2  45   2   0   1  12   0   0   2   7   1   0   0   1  0.98 0.60
  133 D   -4 -6  3  8 -4 -2 -2 -6 -3 -9 -8 -2 -8 -9 -6  0 -2 -9 -9 -7    2   0  13  66   1   2   3   0   1   0   0   3   0   0   0   6   3   0   0   0  2.02 1.02
  134 G   -5 -3 -3 -6 -9 -6 -6  8 -5 -10 -7 -5 -7 -9 -6 -5 -6 -4 -9 -9    1   2   2   1   0   1   1  90   0   0   1   1   0   0   1   1   1   0   0   0  2.68 1.25
  135 Q   -3  3  2 -3  2  3  1 -4 -1 -4 -1  2  2 -1 -5 -2  1 -5 -1  0    2  16   8   1   4  12  10   1   2   0   5  13   4   3   0   2   9   0   2   6  0.41 0.35
  136 V   -6 -9 -10 -10 -5 -9 -10 -7 -10  7  0 -9 -2  1 -9 -7 -7 -9 -7  5    0   0   0   0   0   0   0   0   0  52   9   0   1   5   0   0   0   0   0  32  2.00 0.94
  137 N   -6 -3  6  6 -3 -5 -3 -4 -1 -6 -7  0 -6 -6 -8  3 -2 -10 -6 -7    0   1  29  37   1   0   1   2   2   0   1   5   0   0   0  18   3   0   0   0  1.47 0.83
  138 Y   -5 -3 -9 -8 -3 -4 -1 -10 -5 -2 -3 -4 -2  6 -6 -7 -6 -3  8 -4    1   2   0   0   1   1   5   0   0   3   2   2   1  29   0   0   0   0  51   1  2.26 1.09
  139 E   -2 -2  0  4 -8  0  5 -3 -1 -3 -6  0 -4 -6 -2 -1 -2 -8 -5 -3    3   3   5  20   0   5  40   2   2   2   1   6   0   0   2   4   2   0   1   2  0.93 0.60
  140 E   -2 -4 -2  3 -10 -2  7 -6 -5 -7 -8 -3 -5 -8 -6 -4 -5 -10 -9 -8    4   1   2  12   0   2  72   1   0   0   0   2   0   0   0   1   1   0   0   0  2.09 1.13
  141 F   -7 -11 -11 -11 -4 -11 -11 -11 -9 -5 -2 -11 -5 10 -11 -9 -10  0 -2 -7    0   0   0   0   1   0   0   0   0   1   5   0   0  91   0   0   0   1   1   0  3.59 1.48
  142 V    0 -2 -4 -7  3 -3 -3 -6 -4  2  1  1  2 -3 -6 -2  0 -4  0  5    7   2   1   0   5   1   2   0   0  11  12   8   5   1   0   3   5   0   3  34  0.64 0.41
  143 Q    1  4  1 -2 -2  2  0 -3  0 -3 -4  3 -2 -5 -5 -1  1 -4  0 -3   14  19   7   2   1   8   7   2   2   1   2  18   1   0   0   4   8   0   3   2  0.47 0.37
  144 M   -4 -4 -6 -9 -5 -5 -7 -9  0  4  1 -3  9 -2 -9 -6 -3 -4 -5  1    2   1   0   0   0   0   0   0   3  17  12   2  48   2   0   1   2   0   0   9  1.89 0.93
  145 M   -7 -9 -10 -10 -3 -8 -9 -10 -9  3  1 -6 10 -5 -10 -9 -8 -9 -8  0    0   0   0   0   1   0   0   0   0  15  12   1  63   1   0   0   0   0   0   7  2.79 1.25
  146 T    0  0 -2 -6 -2 -1 -5 -4 -4 -3  0  4  4 -4 -5  1  4 -4 -6 -2    9   4   1   0   1   2   0   1   0   1   8  21  10   0   0  10  26   0   0   3  0.67 0.50
  147 A    2  3 -2 -4 -5 -1 -2  2 -3 -6 -6  3 -4 -6 -2  3  1 -5 -5 -5   17  14   2   1   0   3   2  13   0   0   0  16   0   0   2  22   8   0   0   0  0.62 0.46
  148 K   -6  4 -5 -6 -8  3 -4 -7 -6 -8 -8  7 -6 -8 -6 -5 -6 -8 -7 -8    0  20   0   0   0  10   0   0   0   0   0  70   0   0   0   0   0   0   0   0  2.22 1.01

                      K         Lambda
Standard Ungapped    0.1321     0.3126
Standard Gapped      0.0410     0.2670
PSI Ungapped         0.2247     0.3175
PSI Gapped           0.0688     0.2670
