   70         A         R         N         D         C         Q         E         G         H         I         L         K         M         F         P         S         T         W         Y         V    
  1 S   1  0.588433 -0.588433  0.588433  0.000000 -0.588433  0.000000  0.000000  0.000000 -0.588433 -1.176866 -1.176866  0.000000 -0.588433 -1.176866 -0.588433  2.353733  0.588433 -1.765300 -1.176866 -1.176866
  2 I   2 -0.762177 -1.784899 -2.286530 -2.788161 -0.762177 -1.784899 -2.286530 -3.048707 -2.286530  2.045444  2.527616 -1.784899  1.263808  0.000000 -2.286530 -1.524353 -0.762177 -1.784899 -0.762177  1.283268
  3 G   3  0.081369 -1.442984  0.081369 -0.680808 -2.123792 -1.361615 -1.361615  4.084845 -1.442984 -2.885968 -2.885968 -1.361615 -2.123792 -2.205161 -1.442984  0.325477 -1.280246 -1.605722 -2.205161 -2.205161
  4 R   4 -0.762177  3.289653  0.000000 -1.350610 -2.286530  0.762177  0.173743 -1.524353 -0.173743 -2.286530 -1.524353  2.045584 -0.762177 -2.286530 -1.350610 -0.588433 -0.762177 -2.286530 -1.524353 -2.112787
  5 F   5 -1.568779 -2.399355 -2.491729 -2.584104 -1.568779 -2.399355 -2.491729 -2.584104 -1.015325  0.184749  0.369497 -2.399355  0.184749  4.429213 -3.229932 -1.661153 -1.568779  0.553453  2.122232 -0.645828
  6 F   6 -1.661153 -2.491729 -2.491729 -2.491729 -1.661153 -2.491729 -2.491729 -2.491729 -0.830576  0.000000  0.000000 -2.491729  0.000000  4.983459 -3.322306 -1.661153 -1.661153  0.830576  2.491729 -0.830576
  7 S   7  0.476730 -1.476065 -0.106555 -0.839917 -2.024340 -1.388192 -1.388192  3.872933 -1.573279 -2.854916 -2.854916 -1.388192 -2.121554 -2.306642 -1.476065  0.448708 -1.203104 -1.846241 -2.306642 -2.112213
  8 G   8  0.077787 -1.583366  0.077787 -0.752790 -2.336156 -1.505579 -1.505579  4.516737 -1.583366 -3.166732 -3.166732 -1.505579 -2.336156 -2.413942 -1.583366  0.311148 -1.427792 -1.738940 -2.413942 -2.413942
  9 D   9 -1.204604 -1.324172  0.742473  3.894154 -2.713791  0.403960  2.173298 -0.985659 -0.742473 -2.672585 -3.254284 -0.379719 -2.309831 -2.672585 -0.944453  0.643097 -0.622905 -3.415058 -2.470605 -2.470605
 10 R  10 -0.988635  4.487742  0.000000 -1.825459 -2.965905  0.988635  0.151811 -1.977270 -0.151811 -2.965905 -1.977270  2.432702 -0.988635 -2.965905 -1.825459 -0.836824 -0.988635 -2.965905 -1.977270 -2.814094
 11 G  11 -0.069526 -0.484327 -0.110852 -0.828855 -2.478389 -0.581437 -0.520712  1.168055 -0.428049 -3.006100 -2.768598  0.341145 -1.898570 -2.588603 -1.096952  0.219300 -1.200104 -2.578678 -1.921013 -2.232190
 12 A  12  1.169226 -1.696674 -2.214998 -2.454425 -0.821301 -1.314726 -1.428603 -1.875649 -2.384730  0.822614  0.293467 -0.989250  0.191265 -1.411751 -1.635523 -0.559223 -0.151064 -2.852028 -1.444258  1.539314
 13 P  13 -0.988635 -1.275141 -1.726168 -1.025822 -2.965905 -0.560806 -0.774721 -1.977270 -1.726168 -2.965905 -2.840354 -0.656164 -1.807537 -3.828989  5.834668 -0.944453 -0.988635 -3.784807 -2.796172 -2.058639
 14 K  14 -0.825897  2.048735  0.081369 -0.544252 -2.963940  1.626433  1.431054 -1.814531 -0.429356 -2.884535 -2.138044  2.558120 -1.009811 -2.884535 -1.247541  0.066570 -0.825897 -2.826306 -1.837672 -2.236176
 15 R  15 -0.918940  3.078608  0.044182 -1.537038 -2.965905  0.602823  0.054420 -1.066256 -0.156473 -3.079781 -2.249205  2.235739 -1.260570 -2.877541 -1.695096 -0.592585 -1.146693 -2.807846 -1.914419 -2.683731
 16 G  16  0.576958 -1.807309 -0.288479 -1.132874 -2.481743 -1.807309 -1.807309  4.860600 -1.977270 -3.444656 -3.444656 -1.807309 -2.625983 -2.795944 -1.807309  0.169961 -1.508740 -2.121509 -2.795944 -2.456022
 17 S  17  0.764429 -0.616536  0.679968 -0.122076 -0.942927  0.044624  0.044624 -0.140883 -0.853678 -1.700346 -1.629904  0.326390 -0.827861 -1.726163 -0.827861  2.952225  0.661161 -2.483582 -1.655721 -1.604087
 18 G  18 -0.326410 -1.538971 -0.152273 -0.476116 -2.359428 -1.420877 -1.279994  3.259942 -1.438336 -2.828558 -2.854818 -1.314592 -2.108326 -1.729867 -1.682444 -0.077168 -1.476920 -1.618071 -1.929793 -2.255269
 19 K  19 -1.103258  2.104514 -0.229246 -1.413127 -2.851281  0.759388  0.449519 -2.091893 -0.449519 -2.736658 -1.862646  3.555074 -0.988635 -2.278165 -1.413127 -0.424492 -1.103258 -2.392788 -0.945661 -2.057892
 20 D  20 -1.428217 -0.563037  0.389223  1.814673 -2.857604  0.934263  1.816866 -1.606986  1.393128 -2.498437 -2.590472 -0.269634 -1.702692 -2.131813 -1.222306 -0.315857 -1.133942 -2.628069 -1.039139 -2.202121
 21 S  21 -0.260672 -1.343794 -0.972946 -1.467950 -1.629895 -0.876984 -0.958981 -1.622541  0.330286 -0.736871 -1.105731 -1.130295 -0.629921 -1.511395 -0.254087 -0.335277 -0.656022 -2.552330 -0.798115 -0.418360
 22 H  22  0.457337 -0.707992 -0.659368 -1.520286 -1.419661 -0.561528 -0.675405 -1.230615  2.228632 -1.600657 -1.631061 -1.035527 -1.253553 -0.902960 -1.370442 -0.235803 -0.744475 -1.763044  0.650299 -1.168207
 23 T  23  1.723563 -1.020325 -1.026178 -1.265562 -0.694891 -0.826252 -0.826252 -0.773882 -1.732700 -1.214399 -1.214399 -0.826252 -1.020325 -2.040650  0.004565  0.919286  1.331642 -2.560158 -1.926774 -0.388147
 24 R  24 -0.577720  3.978714 -0.051964 -1.724534 -2.486763  0.766121 -0.048073 -1.628388 -0.140328 -2.579018 -1.764824  1.580315 -0.906449 -2.627091 -1.720642 -0.589394 -0.770012 -2.719346 -1.812897 -2.530945
 25 T  25  0.791895 -0.854667 -0.115773 -0.912359 -0.941509 -0.574742 -0.574742 -0.960804 -0.456301 -1.258890 -1.320985 -0.688618 -0.958231 -1.667973 -1.051373  1.332185  1.620896 -2.285515 -1.326343 -0.715195
 26 T  26  0.419503 -1.552749 -0.547829 -1.318074 -1.562004 -1.295812 -1.295812  0.597308 -1.559516 -1.411398 -1.732947 -1.343885 -1.297255 -2.058244 -1.488121  0.406382  0.849504 -2.337444 -1.914025 -0.567817
 27 H  27 -1.542926 -0.408453  0.066572 -1.594382 -2.601875 -0.545150 -0.790136 -1.426201  4.401624 -2.193399 -1.827669 -1.169954 -1.362204 -0.983039 -2.176440 -1.074745 -1.770680 -1.859696  0.947354 -2.240296
 28 Y  28 -1.404990 -1.642981 -1.197712 -2.540982 -1.707284 -0.934621 -1.780918 -2.699041  0.155575 -0.041244  0.073857 -1.542926  0.471439  0.680002 -2.500385 -1.429050 -1.177236 -0.573452  2.257649 -0.018407
 29 G  29  1.534552 -1.509144 -0.601568 -1.233366 -1.674450 -1.398672 -1.398672  3.127956 -1.865164 -2.662267 -2.662267 -1.398672 -2.030470 -2.496961 -1.509144  0.797907 -0.932180 -2.442127 -2.496961 -1.784922
 30 S  30  0.796500 -1.262468  0.147511 -0.437389 -1.455750 -0.469897 -0.469897  0.361712 -1.343838 -2.282794 -2.282794 -0.469897 -1.376345 -2.411060  0.184499  2.447786  0.243270 -3.010351 -2.250286 -1.926774
 31 L  31 -0.778673 -1.864471 -2.092747 -2.909556 -1.085032 -1.645857 -2.277707 -2.949697 -2.462666  0.669233  1.688129 -1.743071  0.763678 -0.467133 -2.496320 -0.862131  0.122412 -0.907045 -0.978349  0.221578
 32 P  32 -0.895443 -1.883261 -1.859287 -1.193017 -2.641905 -1.056218 -1.124617 -2.112435 -2.044035 -2.436705 -2.299906 -1.056218 -1.609662 -3.492923  5.491731 -0.871469 -0.433572 -3.629723 -2.734279 -1.585687
 33 Q  33 -1.319333  0.187116  0.235369  0.611977 -3.060667  2.701431  1.687782 -1.861759  1.531087 -2.963453 -2.566315  0.228641 -1.067482 -2.576249 -0.820872 -0.265712 -1.205456 -2.396749 -0.756015 -2.307151
 34 K  34 -0.987818  3.080338  0.000000 -1.301806 -2.963453  1.313294  0.673830 -1.975635 -0.511091 -2.963453 -1.975635  3.427540 -0.906449 -2.963453 -1.383175 -0.395357 -0.987818 -2.882084 -1.894266 -2.370993
 35 S  35  1.703212 -0.304558 -0.069207 -0.856519 -0.901188 -0.200506 -0.314383 -0.227753 -1.188324 -1.775129 -1.661253 -0.086629 -0.987818 -2.089512 -1.101694  2.438740  0.445682 -2.963453 -1.975635 -1.460747
 36 Q  36  0.054536 -0.108422  0.070760 -0.406449 -1.933057  1.645550  0.476505 -0.380827  0.132460 -2.333947 -1.944265 -0.005551 -0.780067 -2.160414 -1.072535  0.797039 -0.573613 -2.069568 -1.103927 -1.738621
 37 H  37 -0.274838 -0.227301  0.193589 -0.988296 -2.211512  0.065988 -0.250529 -0.341442  2.865319 -2.593327 -2.461559 -0.707562 -1.577768 -1.737215 -1.574704  0.008249 -1.206958 -2.200439 -0.182729 -2.200507
 38 G  38  0.151701 -1.205353 -0.401227 -1.135614 -2.579450 -1.416953 -1.498322  3.429293 -1.541773 -3.320280 -3.238911 -1.356539 -2.379094 -2.845845 -0.791958 -0.118987 -1.524388 -2.320398 -2.587734 -2.465573
 39 R  39 -0.457829  3.670001 -0.188359 -1.741813 -2.621823  1.109527  0.080552 -1.747882  0.087400 -2.735700 -1.901153  1.418609 -0.929998 -2.770788 -1.764545 -0.662850 -0.913335 -2.826845 -1.720845 -2.524609
 40 T  40 -0.254610 -0.088031 -0.649629 -1.141780 -2.045574  0.395417 -0.238716 -1.775538 -0.690673 -2.110402 -1.771044  0.112074 -1.038282 -2.265171  0.119564 -0.002532  0.447439 -2.350138 -1.191975 -1.335818
 41 Q  41 -0.354863 -1.004395 -0.520669 -1.061035 -1.884003  0.330014 -0.608577 -0.016435 -1.419224 -1.869682 -1.830539 -0.876897 -0.974405 -2.258321 -1.495535 -0.099394  0.294317 -1.981682 -1.548595 -0.938044
 42 D  42 -1.634005 -1.699020  1.394663  4.836801 -2.735700  0.000000  1.585144 -0.792572 -0.825079 -2.849576 -3.642148 -0.792572 -2.654331 -2.849576 -1.069187  0.536876 -0.678695 -3.837394 -2.768207 -2.849576
 43 E  43 -1.408662 -1.127408  0.515097  3.750305 -3.156378  0.659722  2.825321 -1.466462 -0.709525 -2.777910 -3.293007 -0.233843 -2.399442 -2.875124 -0.990780  0.097214 -0.407494 -3.390222 -2.496656 -2.302228
 44 N  44 -1.288146 -0.291313  3.532631  0.163408 -2.423037  0.258318 -0.147202 -0.649935  0.116510 -2.242181 -1.917214 -0.130539 -1.170850 -2.469935 -1.837447  1.034258 -0.050317 -3.380162 -1.770468 -2.258844
 45 P  45 -0.241935 -1.831790 -2.078773 -1.432191 -2.328603 -1.087994 -1.185208 -1.876450 -2.078773 -2.186730 -1.992301 -1.087994 -1.442933 -3.274723  4.765163 -0.788456 -0.841011 -3.618921 -2.628141 -1.390379
 46 V  46  0.526904 -2.498523 -2.443788 -2.566819 -0.876903 -1.621620 -1.673254 -2.339066 -2.638216  1.979127  0.497201 -1.647437  0.671867 -1.176053 -1.770468 -1.030827  0.071397 -2.920704 -1.201870  2.846875
 47 V  47  0.274980 -2.664034 -2.875124 -2.989001 -0.893565 -1.884345 -1.998222 -2.794573 -2.875124  2.469605  1.137981 -1.884345  0.910228 -0.974117 -1.998222 -1.689916 -0.113877 -2.858462 -1.087994  3.232631
 48 H  48 -1.981559  0.000000  0.990780 -0.990780 -2.972339  0.000000  0.000000 -1.981559  7.926236 -2.972339 -2.972339 -0.990780 -1.981559 -0.990780 -1.981559 -0.990780 -1.981559 -1.981559  1.981559 -2.972339
 49 F  49 -1.867682 -1.964111 -2.533494 -2.858462 -2.095436 -2.322404 -2.533494 -2.858462 -0.585260 -0.438844 -0.324967 -2.305741 -0.211091  4.628145 -3.638151 -1.867682 -1.867682  0.632487  2.791812 -1.218533
 50 F  50 -1.884345 -2.533494 -1.947449 -2.614046 -1.998222 -2.533494 -2.630709 -2.727923 -0.957455 -0.147202  0.047227 -2.533494 -0.033325  4.336502 -3.638151 -1.639929 -1.656592  0.129754  2.014099 -1.024104
 51 K  51 -0.796351  2.395745  0.097214 -1.128841 -2.777910  0.893565  0.658289 -1.787131 -0.755503 -2.875124 -1.981559  3.761999 -0.990780 -2.875124 -1.226056  0.153581 -0.796351 -2.972339 -1.981559 -2.216835
 52 N  52 -1.327627 -0.217978  4.854790  0.772802 -2.536384  0.000000  0.000000  0.000000  0.554825 -2.754361 -2.754361  0.000000 -1.763582 -2.754361 -1.763582  1.644712  0.217978 -3.745141 -1.981559 -2.754361
 53 I  53 -0.990780 -1.350920 -2.178292 -2.566819 -1.412961 -1.256796 -1.983864 -3.380162 -2.178292  2.003160  1.137196 -1.692550  1.308909 -0.633273 -2.503259 -1.512480 -0.990780 -2.553576 -1.104656  1.481459
 54 V  54 -0.160774 -2.573339 -2.734113 -2.894887  0.173804 -1.722253 -2.157678 -2.894887 -2.734113  2.117832  0.897983 -1.883027  1.380306 -0.918065 -2.043801 -1.655274 -0.274651 -2.459462 -1.078839  2.808144
 55 T  55  0.229019 -0.851086  0.570649 -0.508190 -1.192716 -0.394313 -0.394313 -1.016380 -0.334386 -1.649488 -1.649488 -0.508190 -1.078839 -1.816048 -1.078839  2.107526  2.200586 -2.386697 -1.474418 -1.255175
 56 P  56 -0.802224 -1.848556 -1.685817 -0.883593 -2.732149 -0.883593 -0.883593 -1.767186 -1.848556 -2.813518 -2.813518 -0.883593 -1.848556 -3.697111  6.103783 -0.558117 -0.802224 -3.778480 -2.813518 -1.929925
 57 R  57 -0.851086  2.975769 -0.162738 -1.573905 -2.894887  0.460594 -0.148348 -1.018911 -0.551266 -3.008764 -2.239047  1.712633 -1.274085 -2.976256 -1.036828 -0.690312 -1.078839 -2.862380 -2.125171 -2.652744
 58 T  58  0.139250 -0.196663 -0.097405 -1.072375 -1.241088 -0.575119 -0.656489 -1.708413 -1.629494 -1.348882 -1.175138 -0.124253 -0.962001 -2.097745 -1.043370  0.825070  3.267966 -2.205538 -1.924001 -0.507644
 59 P  59 -0.346858 -1.678356 -1.617459 -1.054375 -2.302337 -0.962001 -0.962001 -1.739252 -1.924001 -2.394711 -2.394711 -0.962001 -1.678356 -3.356712  4.768842 -0.470710  0.049999 -3.449086 -2.640356 -1.432711
 60 P  60 -0.698355 -1.601909 -1.601909 -0.903554 -2.163465 -0.835155 -0.835155 -1.601909 -1.601909 -1.889865 -2.026665 -0.835155 -1.328310 -2.861819  4.751685 -0.835155 -0.698355 -2.998619 -2.163465 -1.123111
 61 P  61 -0.522566 -1.390322 -1.489084 -0.913466 -2.024427 -0.448730 -0.653930 -1.565158 -1.489084 -1.685293 -1.801641 -0.722329 -1.089224 -2.660770  3.745813 -0.730004 -0.644018 -2.807482 -1.948353 -0.918538
 62 S  62 -0.101382 -0.703323 -0.084844 -0.804701 -1.376782  0.629268 -0.255403 -0.913710 -0.552826 -1.436178 -1.131168 -0.271941  0.084833 -1.094544 -1.282984  1.353538 -0.162107 -1.592902 -0.461725 -1.245041
 63 Q  63 -0.880631  0.949031  0.000000 -0.068400 -2.641894  4.129558  1.692863 -1.761263 -0.068400 -2.641894 -1.761263  1.154231 -0.068400 -2.641894 -0.880631  0.000000 -0.880631 -1.829663 -0.949031 -1.761263
 64 G  64  0.718139 -1.179130 -0.505332 -1.093267 -2.003987 -1.231474 -1.231474  2.948736 -1.668888 -2.752213 -2.659839 -0.861976 -1.991843 -2.469289 -1.095980  0.172606 -1.203586 -2.146333 -2.336884 -1.871582
 65 K  65 -0.418760  1.347709 -0.412502 -1.269159 -2.137018  0.582006  0.285853 -1.690391 -1.018483 -2.001639 -1.213382  2.960451 -0.197371 -2.207890 -1.062908 -0.089902 -0.788257 -2.414141 -1.647386 -1.303284
 66 G  66 -0.092374 -1.174905  0.000000 -0.772201 -2.316604 -1.267280 -1.267280  3.894213 -1.452028 -2.996431 -2.904057 -0.897782 -2.131855 -2.316604 -1.452028  0.000000 -1.452028 -1.636777 -2.224230 -2.224230
 67 R  67 -0.480640  2.617574  0.092374 -1.094321 -1.811417  0.573014  0.051708 -1.146029 -0.144082 -1.903792 -1.330777  1.301152 -0.665389 -1.903792 -1.186695 -0.151809 -0.480640 -1.996166 -1.330777 -1.852084
 68 G  68  0.000000 -1.330777  0.000000 -0.665389 -1.996166 -1.330777 -1.330777  3.992332 -1.330777 -2.661555 -2.661555 -1.330777 -1.996166 -1.996166 -1.330777  0.000000 -1.330777 -1.330777 -1.996166 -1.996166
 69 L  69 -0.090276 -0.971892 -1.443979 -1.823693 -0.459774 -0.971892 -1.351605 -1.638944 -1.363919  0.667052  1.426479 -0.971892  0.667052  0.055433 -1.391635 -0.747113 -0.459774 -0.996519 -0.444371  0.339683
 70 S  70  0.512118 -0.512118  0.512118  0.000000 -0.512118  0.000000  0.000000  0.000000 -0.512118 -1.024236 -1.024236  0.000000 -0.512118 -1.024236 -0.512118  2.048471  0.512118 -1.536354 -1.024236 -1.024236
