
Last position-specific scoring matrix computed, weighted observed percentages rounded down, information per position, and relative weight of gapless real matches to pseudocounts
           A  R  N  D  C  Q  E  G  H  I  L  K  M  F  P  S  T  W  Y  V   A   R   N   D   C   Q   E   G   H   I   L   K   M   F   P   S   T   W   Y   V
    1 M   -1 -2 -3 -4 -1 -2 -3 -3 -3  2  2 -2  3  0 -3 -2 -1 -2 -1  3    0   0   0   0   0   0   0   0   0   0  27   0  17   0   0   0   0   0   0  56  0.32 0.02
    2 Q   -3  0 -2 -2 -5  8  0 -4 -2 -5 -4  0 -3 -5 -3 -2 -3 -4 -4 -4    0   3   0   0   0  95   0   0   0   0   0   2   0   0   0   0   0   0   0   0  1.85 0.48
    3 D   -1  2  1  5 -4 -1  0 -1  0 -3 -3 -1 -3 -4  1  0 -1 -5 -3 -1    4  16   5  45   0   0   0   5   2   0   3   2   0   0   9   4   1   0   0   5  0.53 0.20
    4 S    0 -1 -2 -2 -3  0 -1  0 -1  0 -3 -2 -3 -2  4  4  1 -4 -3 -2    4   2   0   0   0   4   4   7   1   6   0   0   0   2  21  37  10   0   0   1  0.50 0.25
    5 T    0  0 -1 -2  0  1 -1 -2 -2 -1 -1  0 -2  1  1  3  2 -3 -2 -1    5   5   0   1   2   8   0   0   0   4   4   6   0   7   7  31  16   0   0   3  0.25 0.19
    6 S    0  2 -2 -2 -3  0 -1 -1 -3 -2  0 -1 -2 -4  5  2 -1 -4 -3 -1    9  12   0   0   0   4   3   3   0   2  10   2   0   0  29  22   1   0   0   4  0.49 0.23
    7 D    0 -1  0  1 -3  0  1  1  0 -2 -1  0 -2 -2  3  1  0 -3 -2 -1    7   1   5   9   0   4  10  12   2   1   5   3   0   1  15  12   7   0   1   4  0.22 0.11
    8 L   -2  1 -4 -4 -3 -1 -1 -4 -4  0  3 -3  0  0  3 -3 -2  0 -3  2    1   9   0   0   0   2   5   0   0   4  43   0   2   3  16   0   1   1   0  14  0.45 0.26
    9 I   -2  1 -4 -4  0 -2 -4 -4 -2  4  1 -2 -1 -1  0 -3  0  3 -2  3    2  11   0   0   3   1   0   1   1  26  10   2   0   1   4   0   7   5   0  27  0.41 0.26
   10 P   -1 -3 -4 -5  5  0 -4 -5  0 -3 -2 -3 -4 -2  7  0 -1 -6 -5 -2    4   1   0   0  12   4   0   0   3   1   5   1   0   2  56   7   3   0   0   2  1.41 0.56
   11 A    3  0  0 -3 -1 -1 -2  0 -3 -1 -2 -2 -1 -4  1  2  2 -4 -3  1   26   6   4   0   1   2   2   6   0   2   2   1   1   0   6  14  14   0   0  13  0.27 0.24
   12 P   -1 -4 -1 -4 -2  1 -2  1  1 -1 -1 -3 -4 -5  6  1  0 -6 -5 -1    3   0   3   0   1   6   1   9   3   4   7   1   0   0  42  11   5   0   0   4  0.81 0.41
   13 P    2 -2 -4 -3 -1  0 -2 -1 -3 -3 -5 -2 -5 -4  7  0 -1 -6 -5 -2   17   3   0   1   1   4   2   6   0   1   0   2   0   1  48   7   3   0   0   3  1.12 0.54
   14 L   -1 -1 -3 -2  5  2  1 -3 -3  1  2 -1 -1 -3  0 -2 -2 -2 -3  0    6   3   0   2  14  12  12   1   0   9  24   3   1   0   6   2   1   1   0   4  0.36 0.27
   15 S    3 -3 -2  0 -4 -2  0  0 -2 -3 -3 -2 -2 -4  4  3  0 -5 -3 -3   23   1   2   6   0   1   6   7   1   2   2   2   1   0  18  24   4   0   1   1  0.52 0.37
   16 K   -1  0  2  3 -4  1  1 -2 -1  0 -1  1 -2 -2 -3  0  1 -5 -3  0    3   4  12  22   0   6   8   2   1   6   5   7   0   1   1   5  10   0   0   6  0.27 0.22
   17 V   -2 -3 -4 -4 -4 -1 -2 -4 -5  4 -1 -3 -1  0 -2 -3  0 -2 -1  5    2   1   1   1   0   3   2   1   0  26   5   1   1   4   2   2   4   1   1  41  0.74 0.42
   18 P   -1 -1 -3 -4 -5  4 -2 -4 -3 -2 -1  0  1 -6  6  0 -1 -6 -5 -3    4   3   1   0   0  18   2   1   1   2   5   5   3   0  42   7   4   0   0   1  1.03 0.55
   19 L    0 -3 -3 -5 -4 -2 -2 -5 -5  0  0 -4  2 -3  3 -3  0 -5 -4  5    8   1   1   0   0   2   3   0   0   5  10   0   5   1  14   1   7   0   0  42  0.71 0.43
   20 Q   -2 -1 -4 -2 -5  7  0 -4 -2 -2 -3  1  4 -5 -4 -2 -1 -5 -5  1    3   3   0   2   0  47   5   1   1   3   1   8   9   0   1   2   3   0   0   9  1.04 0.59
   21 Q    1  1 -2  0 -5  3  3 -3 -3 -5 -4  1 -2 -5  4 -1 -2 -5 -5 -4   11   8   1   4   0  13  19   1   1   0   1   9   1   0  23   4   2   0   0   1  0.67 0.41
   22 N   -4 -4  7  5 -7 -4 -1 -2 -2 -7 -7 -1 -6 -7 -4 -2 -4 -7 -3 -7    1   1  49  32   0   0   3   4   1   0   0   3   0   0   1   2   1   0   1   0  1.70 0.78
   23 F   -6 -6 -7 -7 -6 -3 -7 -7 -6 -2  0 -7 -2  9 -3 -6 -6 -4  1 -3    0   0   0   0   0   1   0   0   0   2   7   0   1  78   2   0   0   0   3   2  2.54 0.97
   24 Q   -3 -1  4  6 -6  2  1 -4 -3 -5 -6 -2 -6 -7 -3 -2 -3 -3 -6 -5    2   4  17  46   0  10   9   1   1   1   0   3   0   0   2   3   1   0   0   1  1.26 0.65
   25 D    1 -2 -2 -1 -4  1  0 -4 -3  1  2 -1  2 -2  1 -1 -2 -2 -2  1   12   2   1   4   0   6   7   1   1   8  25   4   5   1   7   3   1   1   1  10  0.20 0.20
   26 N    0 -2  2  3 -5  3  3 -3 -1 -4 -5  0 -4 -1 -1  1  0 -6 -3 -4    7   2  11  14   0  15  16   1   1   1   1   5   0   3   4  11   6   0   1   1  0.46 0.35
   27 Q   -3  5 -2 -2 -7  5 -1 -4 -5 -7 -4  5 -2 -7 -4 -2 -5 -7 -6 -5    2  26   1   3   0  23   4   1   0   0   1  32   1   0   1   3   0   0   0   1  1.23 0.67
   28 F   -5 -7 -7 -7 -2 -6 -4 -7 -5  3  1 -7  3  6 -7 -6 -3 -4  6  1    1   0   0   0   1   0   1   0   0  14  13   0   6  28   0   0   2   0  24   8  1.32 0.63
   29 Q    2 -3 -1 -3 -5  3 -1 -3 -2 -3  2 -2  3 -3 -5  2  1 -5  0 -2   15   1   3   1   0  11   3   2   1   1  23   2   7   1   0  18   8   0   3   2  0.43 0.37
   30 G   -6 -3 -7 -7 -8 -8 -8  8 -8 -9 -9 -7 -8 -9 -8 -7 -2 -8 -9 -9    0   2   0   0   0   0   0  93   0   0   0   0   0   0   0   0   3   0   0   0  2.89 1.22
   31 K   -4  2 -1  0 -2 -2  0 -6  0 -2 -2  4 -1  0 -2 -1  4 -2 -3 -1    1  12   2   5   1   2   5   0   2   2   4  24   1   4   3   4  22   1   1   4  0.53 0.39
   32 W   -10 -5 -11 -11 -10 -9 -10 -10 -10 -10 -9 -10 -3 -3 -11 -10 -10 13 -2 -10    0   1   0   0   0   0   0   0   0   0   0   0   1   1   0   0   0  93   1   0  5.27 2.06
   33 Y   -8 -3 -5 -6 -9 -5 -8 -9  5 -4 -3 -5 -3  3 -9 -5 -6  0  9 -4    0   2   1   1   0   1   0   0  10   1   3   1   1  12   0   1   1   1  64   2  2.54 1.20
   34 V   -1 -3 -2 -2 -6 -3  4 -4 -3 -1  1 -4  0 -3 -1  1  2 -7 -6  3    4   1   2   2   0   1  28   1   1   4  11   0   2   1   3  10  10   0   0  17  0.51 0.42
   35 V   -3 -4 -4 -5 -6 -4 -7 -8 -3  6  1  1  2 -3 -7 -4 -2 -7 -4  4    2   1   1   1   0   1   0   0   1  39  11   9   4   1   0   1   3   0   1  24  1.16 0.62
   36 G    5 -4 -3 -6 -3 -1 -1  3 -2 -4 -3 -3 -3 -3 -6 -1 -4 -6 -1 -3   52   1   1   0   1   3   5  19   1   1   2   1   1   1   0   5   1   0   2   2  1.05 0.64
   37 L   -2  3 -5 -5 -5 -3 -3 -4 -5  1  2 -1  5  1 -5 -4 -1  0 -2  3    4  16   1   1   0   1   2   2   0   8  17   4  14   5   1   1   4   1   2  17  0.58 0.35
   38 A    5 -3 -3 -5 -1 -3 -4 -1 -3  0  0 -5 -2 -3 -3 -2 -2 -5 -2  1   48   1   1   1   1   1   1   6   1   6  11   1   1   1   1   2   3   0   1  11  0.83 0.48
   39 G   -1 -2 -3  2  0 -2 -1  0 -1 -4 -4 -4 -5 -4  0  5  0 -2  0 -2    5   2   1  13   2   2   4   8   1   1   2   1   0   1   5  39   6   1   3   3  0.66 0.47
   40 N   -4 -2  5  4 -6 -2  0 -4  4 -6 -6 -1 -6 -4 -4  0  2 -6 -3 -3    2   2  29  22   0   2   7   1   8   0   1   3   0   1   1   6  11   0   1   3  0.98 0.58
   41 A    0  2 -2 -2  6  1 -2 -3 -1 -1 -3  1  0 -4 -3  2  0 -1 -3 -3    9  12   2   3  16   5   3   2   2   4   3   9   2   1   1  17   6   1   1   2  0.49 0.35
   42 I   -3  0 -1 -1 -3 -3  0 -2  1  1 -2 -1  1  4  1  0 -1  5  1  0    2   6   4   4   1   1   6   3   3   7   4   5   3  17   6   6   3   9   5   6  0.34 0.25
   43 L   -3  0 -2 -1 -1  0  2 -4 -1 -1  2 -1  0  5 -1 -3 -1  2 -1 -3    2   5   2   3   1   5  15   1   2   3  16   4   2  21   4   2   5   2   2   2  0.48 0.32
   44 R   -1  3 -1 -2 -6  0 -2 -4  0 -1  1  2  1 -1  2 -3  0 -7  0  0    6  13   4   2   0   4   3   1   2   4  13  13   4   3  11   2   6   0   3   6  0.28 0.23
   45 E   -1  1  0  1 -1  0  3  2  1 -3 -4  0 -1 -2 -1  0 -2 -1 -2 -1    5   6   4   7   1   3  21  15   3   2   2   6   2   2   4   6   3   1   1   4  0.29 0.25
   46 D   -2  0  0 -1 -1 -1  3 -1  3 -1 -1  1  1  2  0  0 -2  0  1 -3    3   6   4   4   1   3  16   6   6   3   6   9   3   7   5   8   3   1   4   2  0.17 0.16
   47 K   -4  2  0 -3  1  1  2  0  0 -3 -4  5  0  0 -2 -2 -2  0 -1 -4    2   9   5   2   3   6  13   7   2   2   2  29   2   3   2   3   3   1   2   1  0.56 0.39
   48 D    0  1  0  2  1  0  0  1  0 -1 -2  0  0 -1  0  0 -1  1 -2 -1    8   7   5  13   3   3   7  10   3   4   3   5   4   3   4   7   4   3   0   4  0.08 0.11
   49 P    0  0  0  0  0  1  0  0  1  0  0  0  1  0  2  0  0 -3  0  0    6   4   4   4   3   7   6   7   4   4   7   5   5   6  11   4   4   0   3   7  0.05 0.07
   50 Q   -1  1 -4 -3 -1 -2  0 -2 -2 -1  3  0  4  2 -3 -3 -1 -2 -1  0    6   8   1   1   1   2   6   3   1   2  31   5  13   7   1   2   3   0   2   6  0.38 0.32
   51 K   -1  3  2 -1 -5  0  1 -1 -1 -1 -2  3 -4 -3 -3  1  0 -5 -3 -2    5  16   9   3   0   3   9   4   2   3   3  20   0   1   1  12   6   0   1   2  0.35 0.30
   52 M   -1 -2  0 -4  3  1 -2 -2 -2  0  1 -2  5 -1 -1 -1 -1 -4 -3  3    5   2   4   1   7   6   3   4   1   5  10   2  18   3   4   4   3   0   1  19  0.39 0.32
   53 Y   -1 -4 -2 -1  1 -2 -1  1 -2 -1 -3 -4 -2  4 -1  1  0 -3  4  2    6   0   1   3   3   1   4  10   1   4   2   0   1  17   3  13   5   0  12  13  0.35 0.31
   54 A    0 -3 -1 -3 -4 -3 -1 -1 -3  1 -2 -1  2 -2  2  1  4 -5 -4  1    7   1   3   1   0   1   3   4   0   7   3   3   5   2   9  11  27   0   0  10  0.38 0.36
   55 T    3  0 -2 -2 -3  0  1 -3  0 -1 -1 -2  1 -1 -3  0  2 -4  0  1   28   6   1   2   0   3   9   1   2   4   5   1   4   2   1   6  11   0   3   8  0.26 0.28
   56 I   -2 -2  1  0 -1 -1  1 -3  1  1  0 -1  0 -2 -4  0  3 -4 -1  1    2   2   7   5   1   2  11   1   4   7   9   4   3   2   0   6  20   0   2  12  0.22 0.24
   57 Y   -3 -4 -5 -4 -6 -2 -6 -7  0  3  1 -3  0  2 -6 -5 -4 -2  7  3    2   1   1   1   0   2   0   0   2  17  12   1   2   8   0   1   1   1  32  16  1.06 0.62
   58 E   -1  0  0 -1 -3  0  2 -3  2 -2 -3  0 -2 -2 -4  2  3  0 -1 -1    5   6   4   2   0   5  16   1   5   2   2   6   1   1   0  16  20   1   2   4  0.35 0.35
   59 L    1 -2 -4 -5  1 -1 -3 -1 -3  0  3 -3 -1 -1  3 -2 -2  1 -2  1   10   2   1   0   3   3   2   4   1   5  31   2   1   3  14   3   2   2   1  11  0.36 0.31
   60 K   -2  2  1 -1 -4  0 -1 -1  1 -2  1  2  0 -2  0 -1  2 -2 -4 -2    3  13   8   3   0   5   3   4   3   1  15  11   3   1   4   4  16   1   0   2  0.22 0.25
   61 E    0 -2  0  3 -6  0  4 -1 -3 -2 -4  0  0 -6  2  0 -1 -3 -4 -3    7   1   4  19   0   4  24   5   0   2   1   4   2   0  11   7   4   0   0   2  0.49 0.41
   62 D   -5 -3  4  6  0 -2  2  2 -3 -7 -8 -2 -7 -8 -3 -2 -3 -8 -7 -5    1   1  21  41   2   2  11  12   0   0   0   2   0   0   1   3   1   0   0   1  1.24 0.74
   63 K   -2 -3  0  0 -6 -1 -2  6  2 -4 -5 -2 -6 -1 -3  0 -3 -6 -4 -4    3   2   4   4   0   3   3  57   5   1   1   2   0   3   2   7   2   0   1   1  1.10 0.65
   64 S   -1 -1  3  2 -5 -1  0  2  1 -4 -4  1 -3 -5 -3  3  1 -6 -2 -3    3   3  16  10   0   3   5  13   3   1   1   7   0   0   1  20   9   0   2   2  0.42 0.37
   65 Y   -4 -6 -7 -7 -5 -6 -4 -5 -6  4  4 -4  4  1 -7 -5 -3 -1  2  3    1   0   0   0   0   0   1   1   0  19  35   1   9   5   0   1   1   1   8  17  0.94 0.56
   66 N   -1  1  2  0 -5  1  2 -1  0 -1 -3  3 -2 -3 -3  1  0 -5 -1 -3    4   8  11   5   0   5  15   5   2   4   3  17   1   1   1  11   5   0   2   1  0.30 0.29
   67 V    0 -5 -5 -7 -2 -6 -6 -4 -6  1  1 -4  2  3 -6 -4 -2 -6 -2  6    7   1   1   0   1   0   0   1   0   6  12   1   5  10   0   1   2   0   1  51  1.11 0.66
   68 T   -2 -1  0 -2 -3 -2 -2 -3  0  2  1  1 -2 -3 -4  1  4 -2 -3  1    3   4   4   2   0   1   2   2   2  12  11   9   1   1   0  11  23   1   0  10  0.31 0.32
   69 S   -1 -2  5 -2 -2 -3 -2 -2 -1 -1 -1 -3  2  3 -4  1  1 -5  1 -2    6   2  30   2   1   1   2   3   1   3   6   1   5  10   1  10   7   0   5   3  0.50 0.42
   70 V    0  3 -2 -2 -3  0 -1 -2  1 -1 -2  0 -2  1 -4  1  3  2  2 -2    8  17   2   2   0   4   3   2   4   3   4   6   1   6   0   9  17   3   7   3  0.27 0.29
   71 L   -1  0 -2 -1 -2 -1  0  2  0  0  0 -2  1  2  0 -1  0 -1  1 -1    5   6   1   3   1   2   6  18   2   6   8   2   5  11   5   3   6   1   4   4  0.11 0.15
   72 F   -3  0  1 -3 -4 -2 -3 -4  1  0  2  1  2  3  0 -2  0  3  3 -1    2   6   6   2   0   2   1   1   3   5  18   8   6  11   6   2   5   4  11   3  0.30 0.28
   73 R   -2  4  2  0 -4 -1  0  0 -1 -1 -1  1 -1 -3 -2  1 -1 -2 -1  0    3  22  11   6   0   2   5   6   2   3   6   9   2   1   2  10   3   1   2   7  0.24 0.25
   74 K    0  0  3  1 -5  0  1 -1  1 -3 -2  1 -2 -3  2  0 -1  0 -2 -2    7   4  18   8   0   3   7   5   4   1   4  10   1   1  11   7   3   2   1   3  0.26 0.26
   75 K   -3 -2  1  4 -6  1  2  4  0 -5 -4  1 -5 -3 -4 -2 -2 -1 -3 -3    2   2   6  19   0   7  13  28   2   1   2   8   0   1   1   2   2   1   1   2  0.62 0.46
   76 K   -2  2  0 -1 -5  2  2  3  0 -2 -2  2 -1 -3 -3 -1 -1 -2 -1 -1    2  10   4   3   0  11  11  20   2   2   5  11   2   1   1   3   4   1   2   6  0.25 0.26
   77 C   -4 -3 -2 -3 10 -1 -4 -2 -1 -1 -3 -3 -3 -4 -4 -1  0  2 -4 -1    1   1   2   2  54   4   2   4   2   4   2   2   1   1   1   4   5   2   1   4  1.85 0.87
   78 D   -1  0  0  1 -1  2  2 -2  1 -1 -3  1  0 -2 -4 -1  0  4 -1  1    5   5   4   7   1  10  15   3   3   3   1   9   3   1   0   4   5   6   2  11  0.21 0.23
   79 Y   -2  0  1 -1 -5  2  3 -3  0 -2 -2  1 -2 -3 -3 -1  1  6  0 -2    2   5   8   3   0  10  19   2   2   2   4   9   1   1   1   5   9  10   3   3  0.42 0.37
   80 W   -2  0 -2 -3 -5  1  0 -1 -1  2 -1  2  3  0 -5 -1 -1  7 -2  1    3   5   2   1   0   7   5   4   1  12   4  11   9   4   0   4   4  14   1   8  0.43 0.35
   81 I   -1  0  0  0 -4  1  1 -2 -2  1 -1  1 -1 -1 -2  1  2 -4 -1  0    3   6   4   6   0   5  12   3   1  10   4   9   1   2   1  12  12   0   2   8  0.14 0.19
   82 R    1  0 -2 -2 -3  1  0  1 -1  0  0 -1  1 -1 -2 -1 -1  1  0  1   15   5   1   1   0   6   6  13   2   6   9   4   5   2   2   4   4   2   4  10  0.08 0.13
   83 T    0 -1 -1 -1 -4 -1  1 -1 -1  0  0 -1  0 -3 -4  0  3  1 -2  2    7   4   2   3   0   3  10   4   1   5   9   3   2   1   0   5  21   2   1  16  0.22 0.26
   84 F    1 -4 -5 -3  1 -3  0  1 -2  0  1 -3  2  4 -2 -3 -3 -1  4 -1   14   1   0   1   2   1   6  10   1   6  16   1   5  15   2   1   1   1  13   4  0.37 0.32
   85 V   -1  0 -1  0 -2  1  2  0  0  0 -1  1 -1 -1  0 -1  0 -1 -1  1    4   6   2   4   1   7  14   9   2   7   4   8   1   2   4   3   6   1   2  14  0.09 0.14
   86 P    0  1 -1  1 -2 -1  0 -3 -1 -3 -3  5 -2 -1  3 -2 -2 -6 -5 -2    7   6   3   7   1   3   6   2   1   2   3  35   1   3  13   3   2   0   0   3  0.55 0.44
   87 G    1 -1 -1 -1 -3  0 -2  0 -2 -3 -4 -1 -1 -2 -1  0  5 -5  0 -1   12   3   3   4   0   5   3   7   1   1   1   4   2   1   3   7  37   0   3   4  0.51 0.45
   88 C    0 -2  0  3 -1 -1  2  2 -2 -3 -4  0 -4  0  0  1 -1 -5 -1 -1    7   2   5  17   2   3  14  15   0   2   1   5   0   4   5   9   2   0   2   4  0.28 0.28
   89 Q   -1 -1  1  1 -3  2  2 -2 -1 -1 -2  1 -1  0 -2  1  1 -4 -1  1    4   2   5  10   1   8  12   2   1   4   3  10   2   4   2   9  10   0   2   9  0.15 0.20
   90 P   -1 -2 -2  2 -4 -1  1 -5 -3 -3 -3 -1 -3 -6  7 -2 -3 -7 -6  0    6   2   2   9   0   3  10   1   1   2   3   3   1   0  47   3   2   0   0   6  1.11 0.70
   91 G    2 -3 -1 -2 -6 -2 -3  6 -3 -4 -4 -2 -6 -4 -3 -2  0 -3 -4 -4   15   2   3   3   0   2   2  55   1   1   2   2   0   1   1   3   6   0   0   1  1.08 0.66
   92 E   -1  3 -2 -1 -1  3  2 -3  3 -4 -4  3 -2 -3 -2 -3 -1 -5 -1 -1    4  17   2   4   2  13  15   2   6   1   1  19   1   1   2   1   4   0   2   4  0.51 0.41
   93 F    1 -3 -3 -3 -5 -4 -3 -3 -2 -3  0 -1  1  6 -1 -3 -3  2  5 -3   12   1   1   2   0   1   2   2   1   1   7   4   3  33   3   2   2   3  18   1  0.87 0.55
   94 T    1  0  1 -1 -2 -1 -1 -3  0 -1  0  1 -1 -1 -3  1  3 -1 -1 -1    9   4   5   4   1   3   4   2   2   3   9  11   2   2   1  11  21   1   2   3  0.19 0.22
   95 L    0 -2 -3 -3 -3 -2 -2  0 -2  1  2  0  0  0 -3 -2 -2 -1  3  3    8   2   1   2   0   1   2   7   1   7  19   6   2   4   1   2   2   1  11  20  0.25 0.22
   96 G   -2  0  1  0 -2 -1 -1  1  3 -1 -1  1 -1  0 -2  0 -1  2  1 -1    2   5   6   6   1   2   3  13   9   3   7  10   1   5   2   9   4   3   5   5  0.11 0.12
   97 N   -1  0  0  0  2  0  0 -1  2  0 -1  0  2  1  0 -1  0  4  1 -1    5   5   5   5   5   5   5   5   5   5   5   5   5   5   5   5   5   5   5   5  0.09 0.08
   98 I    0  0 -1 -1 -2  0  0  0 -1  0  0  0  0  1  1  1  0  0  0  0    7   4   2   3   0   4   6   8   2   6   8   5   3   8   7  11   6   1   2   7  0.04 0.05
   99 K    0  1 -1 -1 -3  0  0  1  0 -1 -1  2  0  2 -1 -1  0 -3  0 -1    8   9   3   4   0   4   4  10   3   3   5  13   2  12   3   4   5   0   3   5  0.09 0.12
  100 S   -1  0 -1 -1 -4 -1  1  0  0 -1 -2 -1 -1  1  0  2 -1  5 -1 -1    6   5   2   4   0   3   9   6   2   5   3   3   2   7   5  20   4   8   2   5  0.22 0.24
  101 Y   -3 -1  2 -2 -4 -1 -2  1  1 -2 -2 -2 -2  4  1 -1 -3  0  4 -2    2   3  11   2   0   3   2  12   3   2   5   3   1  17   7   4   1   1  17   3  0.42 0.31
  102 P   -1  0 -1  0 -3 -1  0 -1  0  0 -1 -1 -1  2  4 -1  0  1  0 -1    6   5   2   6   0   2   5   6   2   5   7   3   2  10  20   5   5   2   3   4  0.22 0.18
  103 G    0 -2 -2 -1 -2  0 -1  4  0 -2 -2 -2 -2  2 -1 -1 -1  3  2 -2    8   2   2   3   1   4   5  29   2   2   3   2   1  10   4   3   4   4   7   3  0.36 0.26
  104 L    0 -1 -1 -2 -3 -1  0  1  0  0  0  0  1  0  0  0  0 -1  3  0    6   4   2   1   0   3   5  11   2   6  10   7   4   3   4   6   5   1  14   8  0.09 0.11
  105 T    0 -1  2  1 -3  1  0  3 -2 -2 -2 -1 -1 -2  0  0 -1 -3 -1 -3    8   3  11   8   0   6   4  23   1   2   4   2   2   2   5   8   4   0   3   2  0.24 0.20
  106 S    0 -1  1  0 -2 -1  0  0  0 -1 -2  0 -1 -1  0  2  1 -3  1  0    5   2   9   5   1   2   6   7   2   3   2   6   2   3   5  18   7   0   6   8  0.11 0.14
  107 Y   -2 -1  1 -1 -4 -2  0 -3  3 -2  0  0 -1  1 -3 -1 -2 -2  6 -1    3   3   8   3   0   1   6   2   8   2   8   6   1   6   1   4   3   0  30   4  0.53 0.36
  108 L   -1 -2  2  2 -3 -1  1 -1  0  0  0 -1  0  0  0 -1  0 -1  0  2    3   2  11  12   0   3   8   4   2   6   8   3   2   4   4   4   7   1   2  16  0.10 0.13
  109 V   -2 -3 -4 -5 -4 -2 -3 -4 -1  4 -1 -3  3  2 -3 -2 -1 -4  1  5    2   1   0   0   0   2   1   2   2  21   5   2   8   7   1   3   3   0   4  37  0.68 0.43
  110 R   -2  3 -1 -3 -2  1 -1 -3  1  1 -1 -1 -1  3 -2 -1 -1  4  3 -1    2  19   3   1   1   5   4   1   3   7   6   3   1  11   2   4   3   7  11   5  0.32 0.27
  111 V   -1 -3 -3 -2 -4 -3  0 -4 -2  3  0 -3  0 -1 -4 -3 -2 -5 -1  5    5   1   1   3   0   1   7   2   1  15   9   2   2   2   0   2   1   0   2  43  0.64 0.43
  112 V    0 -4 -3 -2 -3 -1 -1 -3  1  2  3 -3  0  0 -2 -2 -1 -4 -1  3    7   0   1   2   0   3   4   2   3  10  32   0   2   3   2   3   3   0   2  19  0.34 0.28
  113 S    0  0 -1  5 -2 -1  3 -1  0 -3 -4  0 -3 -2  0  0 -2 -5 -1 -3    9   4   2  31   1   1  18   4   2   1   1   5   1   2   5   6   1   0   2   1  0.51 0.38
  114 T   -1 -2 -2 -1 -4 -1  0 -2 -1 -1  0 -1 -1 -2 -1  1  5 -5 -4  0    4   2   1   4   0   3   5   2   2   4   8   3   1   2   3   9  40   0   0   7  0.47 0.41
  115 N   -2 -1  2  5 -5  0  1 -1  1 -2 -2  0 -4 -5  0  0 -1 -5 -4 -2    3   3  11  34   0   3   7   4   3   2   5   7   0   0   5   7   3   0   0   3  0.50 0.37
  116 Y   -1 -2 -1 -1  1 -1 -2 -1  0 -4 -2 -2  0  1  0 -2 -4 -3  7  1    5   2   3   5   3   2   2   4   2   0   3   2   2   4   5   3   0   0  41  10  0.80 0.54
  117 N   -2  0  1  3 -4  2  1 -2  0 -2 -2  2 -1 -1 -1  0 -1  1  3 -2    2   4   6  17   0  10   8   2   2   3   4  12   2   2   3   6   3   2  10   2  0.22 0.21
  118 Q   -2  0  3  4 -4  2  2 -2  1 -4 -3  0 -1 -3 -3  0  1 -4 -3 -3    2   4  12  21   0  11  15   2   4   0   2   5   2   1   0   8   8   0   0   1  0.44 0.32
  119 H   -3 -5 -4 -5 -5 -4 -5 -4  6 -3 -3 -5 -2  4 -5 -3 -2  2  8 -3    2   0   0   0   0   0   0   1  17   1   2   0   1  14   0   2   3   2  51   1  1.66 0.76
  120 A    4 -3 -4 -4 -1 -2 -3 -1 -2  1 -1 -3  0  0 -3  0  0  1  2  0   47   1   0   0   1   1   0   4   1   8   5   0   2   4   1   6   5   2   7   4  0.51 0.40
  121 M   -2 -4 -4 -5 -1 -4 -4 -3 -4  4  3 -3  3  2 -4 -3  0  0  0  2    2   0   0   0   1   0   0   2   0  29  24   1   8   7   0   1   5   1   3  14  0.58 0.35
  122 V   -1 -4 -3 -4 -1 -1 -3 -3 -1  2  2 -4  2  4 -4 -3 -1 -3 -2  3    4   0   1   0   1   3   2   1   1  12  16   0   5  20   0   1   3   0   0  28  0.50 0.33
  123 F   -2 -2 -2 -2  3 -2 -2 -4  4 -1  0 -3 -1  2 -4 -2 -3  2  7 -2    3   2   1   3   7   2   2   1  11   4   8   2   1   8   1   2   1   2  38   2  0.84 0.44
  124 F   -1 -2 -1 -2  4 -2 -2 -1 -2  1  1 -2  1  1 -3  2  2  0  0  0    4   2   2   2  12   1   1   3   1   8  15   2   4   5   1  17  12   1   3   4  0.22 0.20
  125 K   -1  1 -1  0  3  1  2 -2  0  0 -1  1 -1  0 -2  0  0 -1  0 -1    4   6   3   4   8   5  19   2   2   7   4   9   2   4   1   5   6   1   3   5  0.14 0.15
  126 K   -2  1  3  0 -2  0 -1  1  0 -1 -1  2  0 -2 -2  0 -1 -2 -2 -1    2   7  19   4   1   4   3  11   2   5   6  14   2   1   1   7   4   1   1   5  0.18 0.17
  127 V   -1 -2 -1 -1 -2  2  1 -1 -1 -1  0  1  0  1 -1  0  2 -2 -1  0    5   1   2   3   1  11  10   5   2   4   8   7   2   5   2   8  13   1   2   9  0.10 0.15
  128 S   -1  1  0  0 -4 -2 -2  1  0 -1  0  2 -1  2 -1  1 -1  2 -1 -2    3   8   4   5   0   1   2  13   3   3  10  14   1   9   3  12   3   3   2   3  0.13 0.17
  129 Q    0  1  1  1 -3  0  0  2  2 -3 -2  1 -2 -1  2  0 -1 -2 -1 -2    6   8   7   9   0   5   6  14   5   2   3   7   1   3  11   5   3   0   2   2  0.17 0.17
  130 N   -2 -1  3  2 -5 -3 -1  4  2 -4 -5 -1 -5  0 -1  0 -1 -2 -3 -3    2   4  16   9   0   1   4  31   5   1   1   3   0   5   4   8   3   1   1   2  0.56 0.38
  131 R   -1  3 -1 -2 -3  1  1  0  2 -2 -2  2  0 -1 -2 -2  1 -4 -2 -1    5  18   2   2   1   6  10   9   5   2   3  14   3   3   2   2   8   0   1   5  0.24 0.23
  132 E   -1  0  1  2 -3  1  1 -3  2 -1 -2  0 -2 -2  0  1  1 -1 -3  0    4   4   6  12   0   7  10   1   5   3   4   5   1   2   5  11  10   1   1   8  0.15 0.18
  133 Y   -3 -1 -1 -2 -1 -3 -3 -4  3  1 -2 -3 -2  4 -5  0  2 -4  6 -2    2   3   4   3   2   1   2   2   6   7   4   2   1  14   0   8  11   0  27   2  0.70 0.46
  134 F   -2  2  0 -2 -2  2 -2 -3  1  0  2 -1 -1  2 -4 -2  1 -2  0  1    3  10   4   2   1   8   2   2   4   5  22   3   1  11   0   3   8   0   2   9  0.22 0.22
  135 K   -1  0 -1 -3 -2 -2 -1 -3 -5 -1  0  0  4 -2 -3  0  0  7 -1  2    4   4   3   1   1   2   5   2   0   3   9   6  12   2   1   7   7  17   2  12  0.53 0.38
  136 I    2 -4 -1 -4  2 -3 -4  0 -4  2  1 -4  3 -2 -4 -2  0  1 -2  3   19   1   4   0   4   1   0   6   0  13  14   0   7   1   0   3   5   2   1  17  0.38 0.28
  137 T    0 -1 -1 -1  0  2  0 -2 -1 -1 -1  3 -2 -1 -3  0  1  4 -1 -2    7   3   3   3   2  10   7   2   1   4   6  22   1   2   1   7   9   6   2   3  0.26 0.22
  138 L   -3 -4 -5 -5 -1 -2 -5 -4 -3  1  6 -4 -1 -1 -3 -3 -4 -4  1  0    2   1   1   1   1   2   1   2   1   8  63   1   1   2   1   2   1   0   4   6  1.12 0.57
  139 Y   -4 -6 -5 -6 -2 -6 -6 -7  0 -1  4 -5  2  2 -7 -4 -4 -4  7  0    2   0   1   1   1   0   0   0   2   2  37   1   5   8   0   1   1   0  31   6  1.26 0.69
  140 G    3 -4 -4 -6  1 -4 -4  5 -2 -7 -7 -3 -6 -7 -6  4 -1 -7 -7 -4   19   1   0   0   3   1   1  38   1   0   0   1   0   0   0  29   4   0   0   1  1.17 0.71
  141 R   -7  8 -6 -7 -9 -3 -5 -8 -6 -6 -7  1 -7 -9 -3 -6 -5 -8 -8 -8    0  87   0   0   0   1   1   0   0   1   1   7   0   0   2   1   1   0   0   0  2.86 1.29
  142 T   -2 -1  2  1 -1  0  1  0 -2 -3 -5 -1 -3 -5 -4  2  5 -6 -3 -3    3   3   8   8   1   5   9   7   1   2   1   4   1   0   0  13  32   0   1   1  0.56 0.44
  143 K   -2  1 -2 -2 -6  1 -2 -5 -4 -3  0  2 -1 -5  6 -2 -2  3 -4 -3    3   7   2   2   0   7   3   0   0   1  10  10   2   0  39   4   3   3   1   2  0.88 0.57
  144 E   -2 -2 -1  3 -6  1  4 -3  1 -3 -3  1  0 -3 -1 -1  2 -3 -3 -2    2   2   3  17   0   6  25   2   3   1   2   7   2   1   3   5  14   0   1   3  0.49 0.39
  145 L    0  0  0  0  2  0  0 -1  1  0 -1  0  1  0  0  0  0 -2  1  0    5   5   5   5   5   5   5   5   5   5   5   5   5   5   5   5   5   0   5   5  0.03 0.05
  146 T   -1  0  3  1 -4  1  0 -1  1 -1 -2  0 -3 -1  0  2  0 -5 -3 -2    4   5  14   8   0   6   6   5   3   3   4   5   0   3   5  18   6   0   0   3  0.21 0.23
  147 S    0 -1 -1  2  0  1  1 -2  0 -2 -2 -1 -1  0  4 -1 -1 -5 -1 -2    7   3   3  11   2   8   7   3   2   2   5   3   2   5  24   4   4   0   3   2  0.35 0.30
  148 E   -1 -1  0  2 -5  1  4 -2  0 -3 -2  0 -1 -2  0  0 -1 -5 -2 -3    5   3   4  10   0   6  33   3   2   2   5   6   1   2   6   6   4   0   1   2  0.43 0.37
  149 L    2 -2 -2 -2 -1 -1 -2 -1 -1  1  1 -1  0  0 -2  0  0  0 -1  2   16   1   2   2   1   2   3   5   1   9  14   3   2   4   1   5   6   1   2  17  0.13 0.15
  150 K   -2  0 -3 -3 -1  0 -3 -5 -1  1  3  3  3  0 -3 -3 -2  0 -1  0    3   5   1   1   1   4   1   0   1   9  30  17   7   4   1   1   2   1   2   5  0.42 0.33
  151 E   -2  0  0  2 -6  4  4 -2 -1 -6 -4  1 -2 -6 -2 -1 -2  2 -2 -4    4   5   4  12   0  18  28   3   1   0   2   8   1   0   2   4   3   3   1   1  0.63 0.48
  152 N    0  3 -1  0 -5  1  2 -3  2 -2 -3  4 -1 -5 -2 -2 -2 -5 -1 -3    7  13   3   6   0   5  13   2   4   2   3  29   1   0   2   3   2   0   2   2  0.51 0.39
  153 F   -3 -6 -6 -6 -6 -6 -6 -4 -5  0  1 -6  2  8 -6 -6 -5 -4  3 -3    3   0   0   0   0   0   0   2   0   4  14   0   5  58   0   0   0   0   9   2  1.78 0.81
  154 I   -2  2 -2 -1 -4  1  1 -4 -1  2  1  2  1 -2 -3 -2  0 -4 -2  1    2  12   1   3   0   6   9   0   1  10  13  15   3   1   1   2   6   0   1  12  0.23 0.22
  155 R    0  1  1  2  1  3  2 -2 -1 -3 -3  2 -1 -4 -3  0 -1 -4 -3 -3    8   8   8   9   3  13  15   2   1   1   2  14   2   0   0   6   4   0   1   2  0.34 0.28
  156 F   -1  0 -3 -2 -4 -1 -2 -4 -1  1  1  0  1  5 -4 -3 -1  2  1  1    6   5   1   2   0   2   2   0   2   7  14   6   3  25   0   1   4   3   4  11  0.38 0.28
  157 S    4 -4 -2 -4  5 -4 -4 -3 -4  0  0 -3 -1 -2 -4  1  0 -5 -1  1   36   0   2   0  11   0   0   1   0   4   8   1   1   2   0  11   7   0   2  11  0.58 0.42
  158 K    0  3 -1 -2 -4  3  1 -2  0 -2 -1  3 -2 -4  0 -1  0 -2 -2 -3    6  18   2   2   0  12   9   2   2   2   7  21   1   0   4   4   5   1   1   1  0.36 0.30
  159 S    1  1  0  1 -3  1  3  0  1 -2 -3  1 -2 -3 -3  1  1 -4 -2 -2   10   7   3   9   1   6  19   6   3   2   2   7   1   1   0  12   8   0   1   2  0.24 0.23
  160 L   -1  1  0 -3 -3  2 -1 -3  2  0  2  1  0 -1 -3 -2  0 -1  1  0    6   8   4   0   0  11   2   1   5   3  25   9   2   1   0   2   5   1   6   7  0.19 0.22
  161 G   -4 -2  1 -2 -2 -3 -1  7 -1 -4 -6 -2 -5 -6 -3 -2 -3 -5 -4 -6    1   2   5   2   1   1   4  72   1   1   1   3   0   0   1   2   1   0   1   0  1.52 0.74
  162 L   -4 -6 -7 -7 -2 -6 -6 -7 -5  4  4 -6  0  6 -6 -6 -5 -4  1  0    1   0   0   0   1   0   0   0   0  20  38   0   2  29   0   0   0   0   4   4  1.25 0.63
  163 P    0 -1  1  2 -4  0 -2 -1  0 -2 -1 -1 -3 -3  4  1  2 -5 -4 -1    6   3   5  11   0   4   1   4   2   2   7   3   0   1  22  11  14   0   0   4  0.37 0.30
  164 E   -2  0 -1  2 -4  0  3 -3 -2 -1 -2  1 -1 -4  2  0  2 -4 -2  0    2   6   2   9   0   3  22   1   1   3   3   9   1   0  10   6  12   0   1   8  0.30 0.28
  165 N   -2 -1  2  5 -6  1  4 -3 -1 -6 -6 -2 -5 -6 -3  0 -2 -6 -2 -4    3   4  10  33   0   5  27   2   2   0   0   1   0   0   1   7   2   0   1   1  0.88 0.53
  166 H    0 -1  5  1 -2  1  0 -2  2 -2 -3  1  2 -3 -4  0 -1 -5 -2 -3    6   3  32   7   1   7   7   2   5   2   2   8   5   1   0   7   2   0   2   1  0.51 0.38
  167 I   -2 -3 -6 -4 -4 -4 -5 -4 -6  6  2 -3  1 -1 -5 -5 -1 -5 -2  2    3   2   0   1   0   1   0   1   0  53  17   1   3   3   0   0   3   0   1   9  1.08 0.56
  168 V   -2 -2 -4 -4 -4 -3 -3 -5 -2  5  1 -2  1  3 -4 -3 -1 -2 -1  3    4   2   0   1   0   1   1   0   1  31  14   2   3  11   0   1   3   0   2  22  0.63 0.39
  169 F   -3 -1 -1  2 -5 -3 -3 -5 -1  2  0 -3  2  5 -4 -3  0  1  1  0    1   3   3  13   0   1   1   0   2  11   8   1   5  30   0   1   7   2   5   6  0.56 0.39
  170 P   -3 -4 -4 -4 -5 -2 -5 -4 -5 -1  3 -2  2  2  5 -3  1  0 -4  0    1   0   1   0   0   2   0   1   0   2  33   2   6   9  26   1   8   1   0   7  0.73 0.48
  171 V    0 -1 -1  1 -4  1  0 -3 -1  0 -2  1 -2 -3  5 -1  1 -5 -3  0    7   2   2   8   0   5   7   1   1   5   4  10   1   1  26   3  11   0   0   6  0.42 0.31
  172 P   -2  0  1  2 -5  5  0 -3  1 -4 -3  2 -1 -6  3 -1 -1 -6 -5 -3    2   3   7  12   0  27   4   1   3   1   2  14   2   0  14   3   4   0   0   2  0.61 0.45
  173 I   -1  0  1  1 -4  1 -1 -2  0 -1 -2  1  0 -3 -1  1  3 -4  1 -1    4   6   5   7   0   7   1   2   2   4   2  11   2   0   2  11  26   0   6   4  0.27 0.29
  174 D   -2 -2  0  5 -6 -2  3  4 -4 -4 -4 -3 -3 -6 -5 -2 -2 -6 -5 -3    3   2   3  35   0   1  17  30   0   1   2   0   1   0   0   1   2   0   0   2  0.95 0.54
  175 Q   -1  2  2 -1 -3  3  3 -4  0 -3 -3  1 -3  1 -2  0  1  0 -2 -2    3  11  11   3   0  14  18   0   1   1   2   8   0   7   1   5  11   1   1   2  0.34 0.31
  176 C   -5 -8 -8 -9 12 -8 -9 -5 -2 -6 -3 -8 -1 -7 -8 -6 -6 -7 -7 -6    0   0   0   0  93   0   0   1   1   0   3   0   2   0   0   0   0   0   0   0  4.06 1.38
  177 I   -1 -3 -2 -2  0 -2 -2 -2 -4  2  2 -3  2 -2  0  0  0 -4 -2  3    5   0   1   2   2   1   1   2   0  13  21   0   7   0   5   8   4   0   1  26  0.28 0.23
  178 D   -3 -4 -3  2 -5 -3  3 -5 -4 -5 -1 -3 -4 -6  7  0 -3 -6 -5 -5    0   0   0  14   0   0  20   0   0   0   7   0   0   0  51   7   0   0   0   0  1.39 0.55
  179 G    2 -4 -2 -3 -4 -4 -4  6 -4 -5 -5 -3 -4 -5 -4 -2 -3 -5 -5 -4   18   0   0   0   0   0   0  82   0   0   0   0   0   0   0   0   0   0   0   0  1.55 0.42

                      K         Lambda
Standard Ungapped    0.1372     0.3195
Standard Gapped      0.0410     0.2670
PSI Ungapped         0.1443     0.3181
PSI Gapped           0.0442     0.2670
