
Last position-specific scoring matrix computed, weighted observed percentages rounded down, information per position, and relative weight of gapless real matches to pseudocounts
           A  R  N  D  C  Q  E  G  H  I  L  K  M  F  P  S  T  W  Y  V   A   R   N   D   C   Q   E   G   H   I   L   K   M   F   P   S   T   W   Y   V
    1 G    3 -4 -2 -3 -3 -3 -3  6 -4 -5 -5 -3 -4 -5 -3 -1 -3 -4 -4 -4   27   0   0   0   0   0   0  73   0   0   0   0   0   0   0   0   0   0   0   0  1.27 0.27
    2 P    0 -1 -4 -3 -5 -1 -2 -2 -1 -5 -5 -2 -3 -6  8 -2 -3 -6 -5 -4    6   4   0   1   0   2   2   3   1   0   0   1   1   0  76   2   1   0   0   0  1.91 0.42
    3 L   -1  0 -2 -3 -4 -1 -3 -2 -4 -1 -1 -1  8 -1  1 -2  0 -4 -4 -1    3   5   2   1   0   2   1   4   0   2   3   4  52   3   9   3   5   0   0   2  0.95 0.41
    4 G    2 -2  2  0 -4 -1 -1  3 -3 -4 -4 -1 -3 -3  2  3 -1 -5 -2 -3   15   1   9   4   0   1   2  23   0   0   0   3   1   1  10  25   2   0   1   1  0.46 0.24
    5 S    0  0  2  1 -2  0  0  1  0 -3 -3 -1 -3 -5 -1  4  0 -5 -4 -4    6   4  11   6   1   3   4   9   2   1   1   3   0   0   3  41   5   0   0   0  0.47 0.28
    6 D   -1  1  1  0  0  2  0 -1 -1 -3 -3  3 -2 -1  2  0 -1 -3  2 -1    3   5   7   5   2   9   4   5   1   0   1  24   0   2   9   9   3   0   8   4  0.24 0.17
    7 M   -1 -2  0  0 -3  1 -2 -4  1  1  2 -1  6 -2 -1 -1 -1 -1 -3  0    3   2   5   6   0   6   2   1   3   7  21   2  26   1   3   5   3   1   0   5  0.37 0.26
    8 T   -1  3  0 -1  2  0 -1 -3  1 -2 -2  1  0 -2  0 -1  2 -4  2 -2    4  23   4   4   4   3   2   1   3   2   3  10   3   1   5   3  16   0   7   2  0.26 0.20
    9 E   -3 -2  0  0 -4  3  4 -4 -1 -2  1  1 -1 -4 -3 -1  0 -5 -3 -1    0   1   5   5   0  16  28   0   1   2  15   9   1   0   1   4   6   0   0   5  0.41 0.28
   10 Y   -4  0 -6 -7 -2 -6 -6 -7  2 -1  0 -6 -3  7 -7 -6 -6  1  6 -2    1   6   0   0   1   0   0   0   4   3   8   0   0  42   0   0   0   1  29   3  1.59 0.63
   11 K   -6  1 -2 -6 -5 -2 -4 -7  1 -8 -7  8 -6 -5 -5 -5 -4 -8 -6 -7    0   6   2   0   0   1   0   0   3   0   0  85   0   1   0   0   1   0   0   0  2.34 0.93
   12 L   -4 -6 -7 -7 -4 -6 -7 -7 -6  5  4 -6 -1 -1 -7 -6 -4 -5  1  3    1   0   0   0   0   0   0   0   0  32  38   0   1   2   0   0   0   0   4  22  1.23 0.53
   13 V    1 -6 -6 -7  0 -6 -6 -6 -6  4  2 -6  0 -4 -6 -4 -3 -6 -2  5   10   0   0   0   2   0   0   0   0  19  20   0   1   0   0   1   1   0   1  44  1.07 0.50
   14 V   -4 -6 -6 -7 -4 -6 -6 -7 -7  4  4 -5  3 -1 -6 -6 -4 -6 -5  5    1   0   0   0   0   0   0   0   0  20  36   1   7   2   0   0   1   0   0  33  1.21 0.53
   15 V   -4 -6 -7 -7 -3 -6 -7 -7 -7  5  4 -6  3  0 -7 -5 -3 -6 -5  3    1   0   0   0   0   0   0   0   0  35  37   0   6   4   0   0   1   0   0  16  1.25 0.54
   16 G   -4 -7 -6 -6 -3 -7 -7  8 -7 -9 -9 -7 -8 -8 -7 -5 -7 -8 -8 -8    1   0   0   0   1   0   0  98   0   0   0   0   0   0   0   0   0   0   0   0  2.86 1.02
   17 A    1 -3  0  6 -3 -3  1 -2 -4 -6 -7 -3 -5 -3 -3  2 -2 -7 -1 -5   10   1   3  48   0   0  10   4   0   0   0   1   0   1   1  16   1   0   3   0  1.07 0.54
   18 G    0  1 -3 -5 -1 -2 -4  4 -5 -4 -6 -4 -1 -5 -2  5  0 -3 -6 -4    6   7   1   0   1   2   0  29   0   1   0   0   2   0   2  43   4   0   0   1  0.94 0.54
   19 G    1 -4 -1 -3  0 -5 -5  6 -4 -7 -7 -5 -6 -5 -5  1 -3 -6 -4 -5   12   1   3   1   2   0   0  65   0   0   0   0   0   0   0  12   1   0   1   1  1.47 0.64
   20 V   -3 -7 -8 -8 -4 -7 -7 -7 -8 -2 -4 -7 -4 -5 -6 -5 -2 -8 -6  8    2   0   0   0   0   0   0   0   0   0   0   0   0   0   0   1   2   0   0  93  2.48 0.95
   21 G   -5 -7 -5 -5 -5 -7 -5  8 -7 -9 -9 -7 -8 -8 -7 -4 -7 -8 -8 -8    0   0   0   1   0   0   1  97   0   0   0   0   0   0   0   1   0   0   0   0  2.80 1.01
   22 K   -5 -3 -6 -6 -8 -4 -4 -6 -6 -8 -8  8 -7 -8 -6 -4 -6 -8 -7 -8    1   0   0   0   0   0   0   0   0   0   0  97   0   0   0   1   0   0   0   0  2.92 1.12
   23 S   -4 -6 -4 -5 -6 -5 -5 -6 -6 -5 -7 -5 -6 -7 -6  7  4 -8 -7 -6    0   0   0   0   0   0   0   0   0   1   0   0   0   0   0  75  23   0   0   0  2.10 0.97
   24 A    4 -6  1 -5  8 -3 -5 -5 -6 -5 -6 -5 -6 -7 -6  4 -3 -7 -6 -5   29   0   6   0  27   1   0   0   0   0   0   0   0   0   0  35   1   0   0   0  1.55 0.73
   25 L   -5 -6 -7 -8 -2 -6 -7 -8 -7  3  6 -7  1 -2 -7 -7 -5 -6 -5 -1    0   0   0   0   1   0   0   0   0  15  76   0   2   1   0   0   0   0   0   4  1.71 0.72
   26 T   -2 -5 -5 -6 -3 -5 -5 -6 -6  0  4 -5  2 -4 -5 -2  5 -6 -5  2    3   0   0   0   1   0   0   0   0   4  34   0   5   0   0   2  36   0   0  13  1.01 0.54
   27 I   -1 -3  0 -5 -2 -2 -4 -5 -1  3  3 -4  1  0 -5 -1 -1 -5 -2  3    4   2   5   0   1   2   0   0   2  20  33   1   2   3   0   5   3   0   1  17  0.52 0.32
   28 Q   -6  7 -4 -6 -4  7 -4 -7 -5 -7 -6 -2 -3 -6 -7 -4 -6 -7 -5 -7    0  51   1   0   1  44   0   0   0   0   0   1   1   0   0   1   0   0   0   0  2.24 0.97
   29 L   -7 -8 -8 -8 -4 -8 -8 -8 -4 -4  0 -8 -4  9 -8 -6 -7 -3  5 -5    0   0   0   0   0   0   0   0   0   0   9   0   0  73   0   0   0   0  15   0  2.59 0.96
   30 I    1 -4 -5 -5  3 -3 -5 -5 -5  3 -2 -3  2 -1 -4 -1  3 -6 -4  5   10   0   0   0   5   1   0   0   0  14   2   2   4   2   0   5  17   0   0  36  0.73 0.43
   31 Q   -3  1  1  4 -4  4  2 -4  0 -6 -4  1 -4 -4 -5  0  0 -6  1 -5    1   8   6  21   0  22  13   1   2   0   1   8   0   1   0   7   5   0   4   0  0.68 0.42
   32 N   -3 -2  5  4 -1 -1 -2  3  0 -7 -7  1 -6 -7 -5  0 -4 -7 -6 -7    1   2  28  23   1   2   2  25   2   0   0   9   0   0   0   5   0   0   0   0  1.01 0.52
   33 H   -1  2 -2 -1 -2  2  2 -4  5  1 -3  1 -1 -4 -4  0  2 -5 -1 -1    4   9   1   2   1  10  12   0  14   8   1   9   1   0   0   6  13   0   2   4  0.38 0.29
   34 F   -7 -8 -8 -9 -4 -8 -9 -9 -5 -4 -5 -8 -6  9 -8 -6 -8  2  2 -6    0   0   0   0   0   0   0   0   0   1   0   0   0  89   0   1   0   3   6   0  3.21 1.13
   35 V   -2 -1  1  0 -2  0 -2 -4  0  1 -1 -2 -1 -2 -1  1  1 -5 -1  4    2   4   8   6   1   4   2   0   2   9   4   2   1   1   3  11   8   0   2  30  0.28 0.25
   36 D   -2 -4  0  4 -5 -1  5 -2 -2 -4 -2 -2 -3 -5  2  0  0 -2 -4 -4    3   0   4  19   0   2  37   3   1   1   4   2   0   0   9   5   6   1   0   1  0.73 0.45
   37 E   -2 -1  1  3 -3  1  2 -3  0 -3 -4  1 -2 -2 -4  3  1 -5  1 -2    3   2   7  14   0   6  16   1   2   1   1   9   1   2   0  20   8   0   5   2  0.38 0.30
   38 Y   -5 -5 -5 -7 -1  0 -5 -7  4 -3 -3 -4 -4  2 -5  0 -3  0  9 -5    1   0   0   0   1   5   0   0   9   2   2   1   0   7   1   8   2   1  59   1  1.87 0.81
   39 D   -3 -3 -1  6 -6 -1  2 -4 -3  2 -2  1 -3 -3 -3 -2 -3 -6  1 -2    2   1   2  41   0   2  10   1   0  14   3  10   1   1   1   2   1   0   4   2  0.78 0.45
   40 P    1 -6 -3 -6 -3 -5 -5 -6  0 -6 -3 -5 -5 -6  7  3  0 -8 -7 -4   11   0   1   0   1   0   0   0   2   0   3   0   0   0  54  19   7   0   0   1  1.59 0.75
   41 S   -4 -7 -6 -7 -6 -6 -6 -5 -7 -5 -7 -6 -4 -8 -4 -4  8 -8 -7 -6    1   0   0   0   0   0   0   1   0   1   0   0   0   0   1   0  96   0   0   0  2.86 1.17
   42 I   -5 -6 -8 -8 -6 -7 -8 -8 -5  8 -1 -2 -2 -4 -7 -7 -3 -7 -6  1    0   0   0   0   0   0   0   0   0  81   3   3   1   0   0   0   1   0   0   8  2.25 0.87
   43 E   -2 -6 -5 -4 -6 -3  6  6 -6 -8 -7 -4 -7 -8 -6 -4 -5 -7 -7 -5    3   0   0   0   0   1  45  49   0   0   0   1   0   0   0   0   0   0   0   1  1.75 0.80
   44 D    0 -4  1  6 -5 -4 -2 -6 -3  2 -5 -5 -4 -5 -6 -3 -4 -7 -6  4   10   1   7  39   0   0   3   0   0  10   0   0   0   0   0   1   0   0   0  28  1.08 0.57
   45 S    0 -5 -2  5 -3 -1  2 -3 -3 -3 -5 -4 -4  0 -5  4  2 -6 -5 -5    7   0   1  28   1   2  13   1   0   1   1   0   0   5   0  29  11   0   0   0  0.82 0.50
   46 Y   -7 -7 -8 -8 -6 -7 -8 -8 -1 -6 -4 -7 -6  8 -8 -7 -7 -4  8 -5    0   0   0   0   0   0   0   0   1   0   1   0   0  54   0   0   0   0  42   0  2.76 1.02
   47 R   -3  5 -1 -4 -4  1 -3 -2 -1 -3 -2  3 -2 -4 -5  1  3 -6 -4 -3    1  34   2   0   0   5   1   3   1   1   4  18   1   1   0   9  16   0   0   1  0.76 0.46
   48 K   -4  4 -4 -5 -5  1 -4 -6 -1 -5 -7  7 -4 -6 -6 -3  1 -7 -5 -5    1  18   0   0   0   5   0   0   2   1   0  63   0   0   0   1   7   0   0   1  1.67 0.77
   49 Q   -3 -2 -1 -1 -4  5  1 -4  0 -1 -2  0  0 -4 -2  0  4 -4 -3  0    1   2   3   3   0  26   7   1   3   3   3   6   3   1   1   5  24   0   1   7  0.54 0.39
   50 V   -2 -4 -5 -6  3 -5 -4 -6 -5  5  1 -5  2 -1 -6 -4  0 -4 -3  4    2   1   0   0   5   0   1   0   0  30  13   0   5   2   0   1   6   0   1  32  0.93 0.46
   51 V   -2  0  1  0 -3  1  3 -4 -2  0 -2  1  0 -3 -3 -1  1 -5 -2  2    2   4   6   6   1   5  23   0   1   4   3   8   2   1   1   5  11   0   1  17  0.30 0.26
   52 I   -3 -4 -5 -6  2 -4 -5 -6 -1  5  2 -4 -1 -1 -4 -4 -3 -4  1  4    1   1   0   0   3   1   0   0   1  32  15   1   1   2   1   1   1   0   4  33  0.95 0.46
   53 D   -4 -2  3  7 -6 -1  1 -1 -3 -6 -6  0 -4 -6 -5 -3 -5 -8 -5 -7    1   2  12  62   0   2   7   4   1   0   1   5   0   0   0   1   0   0   0   0  1.58 0.70
   54 G   -3 -4  2  3 -3 -2  0  6 -2 -7 -7 -1 -6 -5 -5 -1 -4 -6 -6 -6    2   1  11  17   1   2   5  53   1   0   0   3   0   0   0   4   1   0   0   0  1.21 0.57
   55 E   -2  2  0 -1 -3  3  3 -4  0 -3 -4  4 -3 -5 -4 -1  0 -6 -3 -2    3  11   4   3   1  13  19   1   2   2   1  29   0   0   0   3   5   0   1   3  0.64 0.39
   56 T   -1  1  0  0 -3  2  1 -3 -1  0 -1  1 -1 -3  1 -1  3  0 -3  0    3   9   4   4   0   9   8   1   1   5   5  10   2   1   7   4  21   2   0   7  0.22 0.21
   57 C    0 -3 -6 -6  6 -5 -6 -5 -2  4 -1 -5 -2  1 -5 -3 -2 -3  2  4    7   2   0   0  17   0   0   1   1  22   4   0   0   5   0   1   2   0   8  28  0.89 0.44
   58 L   -2  0 -2 -2  0  1 -2 -4 -1  0  0  5  3 -3 -4 -2  1 -5 -4 -1    3   3   2   2   2   5   2   0   2   5  10  42   6   1   1   2  10   0   0   3  0.59 0.38
   59 L   -1 -6 -6 -7 -2 -6 -6 -6 -6  1  6 -6  2  1 -5 -5 -2 -2 -3  0    6   0   0   0   1   0   0   1   0   7  68   0   4   6   1   0   2   1   0   4  1.23 0.56
   60 D   -2 -3 -2  4 -4  6  4 -5  0 -5 -6 -2 -5 -7 -5 -3 -2 -6 -5 -6    3   1   2  21   0  40  24   1   2   0   0   1   0   0   0   1   2   0   0   0  1.34 0.66
   61 I   -5 -5 -7 -7 -4 -7 -7 -8 -7  8  0 -7 -3 -4 -7 -5 -5 -7 -6  2    0   1   0   0   0   0   0   0   0  77   8   0   0   0   0   1   0   0   0  11  2.11 0.79
   62 L   -5 -4 -7 -8 -6 -6 -5 -7 -5 -1  4 -7 -2 -3 -7 -6 -1 11 -1  0    1   1   0   0   0   0   1   0   0   3  33   0   1   1   0   0   4  48   1   6  2.28 0.85
   63 D   -6 -6 -2  9 -5 -5 -2 -6 -6 -5 -8 -6 -8 -8 -5 -4 -6 -8 -8 -8    0   0   1  93   0   0   1   0   0   1   0   0   0   0   1   1   0   0   0   0  2.89 1.05
   64 T   -4 -6 -5 -6 -6 -6 -6 -5 -7 -4 -6 -6 -6 -7 -4 -3  8 -7 -7 -5    1   0   0   0   0   0   0   1   0   1   0   0   0   0   1   1  94   0   0   0  2.70 1.08
   65 A    7 -6 -6 -6 -2 -5 -5 -4 -6 -4 -6 -4 -5 -4 -3 -2 -1 -7 -6 -5   88   0   0   0   1   0   0   1   0   1   0   1   0   1   1   2   3   0   0   0  2.05 0.87
   66 G   -3 -7 -4 -6 -7 -6 -7  8 -7 -8 -8 -6 -7 -8 -5 -4 -6 -7 -6 -8    1   0   0   0   0   0   0  95   0   0   0   0   0   0   1   1   0   0   0   0  2.66 0.97
   67 Q   -5 -3 -4 -5 -7  9 -2 -5 -3 -6 -6 -4 -3 -7 -6 -1  1 -7 -4 -4    1   1   0   0   0  78   2   1   1   0   1   0   1   0   0   5   8   0   1   1  2.28 0.98
   68 E   -3 -5 -4  2 -8 -2  7 -5  1 -6 -6 -3 -6 -7 -4 -4 -5 -7 -6 -5    2   0   0  11   0   1  77   1   3   0   1   1   0   0   1   1   0   0   0   1  1.99 0.85
   69 E   -4  6 -4  0 -7  3  4 -6 -4 -6 -6 -1 -5 -5 -5 -1 -4 -2 -6 -4    1  42   0   4   0  12  30   0   0   0   0   3   0   0   0   4   1   1   0   1  1.30 0.63
   70 Y   -7 -7 -5 -5 -3 -7 -7 -7 -1 -5 -3 -7 -5  8 -8 -7 -6 -2  7 -6    0   0   1   1   1   0   0   0   1   0   2   0   0  61   0   0   0   0  31   0  2.53 0.91
   71 S    0  5 -2 -3 -4  1 -2 -3  2 -3 -4  0 -2 -5 -1  3  1 -6 -3 -2    6  34   1   1   0   5   2   2   5   1   1   4   1   0   3  20  10   0   1   2  0.64 0.40
   72 A    4 -5 -2 -4 -3 -3 -4 -2 -5  0 -3 -3 -3 -5 -4  3  3 -6 -4 -2   37   0   2   0   0   1   0   2   0   7   2   1   1   0   0  25  21   0   0   2  0.86 0.51
   73 M   -5 -6 -5 -7 -2 -4 -6 -7 -3  5  3 -6  7  0 -6 -6 -3 -5 -5  1    0   0   1   0   1   1   0   0   1  29  27   0  28   4   0   0   1   0   0   7  1.36 0.59
   74 R   -1  5  0 -4 -4  0 -4 -1 -3 -3 -4 -2 -3 -6 -1 -2  5 -5 -5 -2    6  36   3   1   0   4   0   4   1   2   1   1   1   0   3   2  33   0   0   2  0.94 0.53
   75 D   -2  1  0  4 -4  1  2 -3 -1 -5 -4 -1 -4 -4  2  2  1 -6 -3 -2    2   9   3  22   0   5  14   1   1   0   1   2   0   0   9  17   8   0   1   4  0.49 0.33
   76 Q    2 -3  0 -4 -4  4 -2 -3  0 -3  1 -1  2 -5 -2  3 -1 -5 -4 -3   18   0   5   0   0  20   1   1   2   1  16   4   4   0   2  20   4   0   0   1  0.47 0.37
   77 Y   -5 -5 -5 -8 -2 -4 -7 -8  2 -6 -6 -7 -5  3 -8 -2 -6  3  9 -6    1   1   1   0   1   1   0   0   4   0   0   0   0   8   0   3   0   3  76   0  2.71 1.02
   78 M   -3 -6 -6 -7 -5 -6 -6 -7 -3  3 -2 -6  7  1 -7 -2 -3 -4  8 -3    2   0   0   0   0   0   0   0   0  13   2   0  23   5   0   4   1   0  47   1  1.84 0.78
   79 R   -5  8 -4 -5 -7 -3 -3 -6 -3 -1 -4  3 -1 -7 -6 -2 -4 -7 -6 -3    0  68   0   0   0   0   1   0   0   4   1  16   2   0   0   2   1   0   0   2  1.85 0.78
   80 T   -3 -3  3  1 -2 -1 -3  5 -3 -4 -5 -1 -3 -4 -5  1  2 -2 -4 -5    1   1  13   7   1   3   1  44   0   1   0   3   0   1   0   9  11   1   0   0  0.83 0.45
   81 G    5 -4 -4 -5 -1 -5 -4  5 -6  0 -5 -3 -4 -5 -4  0 -2 -6 -6 -2   41   1   0   0   1   0   1  37   0   5   1   1   0   0   0   8   2   0   0   2  1.06 0.54
   82 E   -1 -2  0  3 -4  4  3 -5  6 -3 -4 -2  2 -5 -5 -2 -3 -6 -4 -1    5   1   5  16   0  17  18   0  19   1   1   2   6   0   0   3   0   0   0   6  0.76 0.45
   83 G    1 -7 -5 -3  2 -6 -7  7 -7 -6 -6 -6 -7 -6 -7 -4 -5 -3 -8 -4   13   0   0   1   5   0   0  78   0   0   0   0   0   0   0   0   0   0   0   1  2.05 0.82
   84 F    2 -6 -6 -7  3 -6 -6 -4 -4  3 -2 -6 -4  7 -6 -5 -4 -1  2  0   18   0   0   0   5   0   0   1   0  14   2   0   0  44   0   0   0   1   7   7  1.26 0.57
   85 L   -2 -6 -7 -7 -4 -6 -6 -7 -6  5  4 -6  3 -2 -5 -5 -4 -6 -3  3    3   0   0   0   0   0   0   0   0  28  40   0   6   1   0   0   0   0   1  19  1.14 0.51
   86 C   -5 -6 -7 -7  3 -6 -7 -7 -7  3  5 -6  1 -1 -7 -6 -4 -6 -5  2    0   0   0   0   7   0   0   0   0  14  62   0   3   2   0   0   0   0   0  11  1.37 0.59
   87 V   -3 -7 -7 -8  1 -7 -7 -6 -8  0 -2 -7 -1 -5 -7 -6 -2 -7 -6  8    1   0   0   0   3   0   0   1   0   3   2   0   1   0   0   0   2   0   0  85  2.13 0.85
   88 F   -7 -7 -6 -8 -7 -7 -7 -8 -3 -6 -6 -7 -6  5 -8 -5 -7 -3  9 -6    0   0   0   0   0   0   0   0   0   0   0   0   0  22   0   1   0   0  75   0  3.06 1.09
   89 A    1 -6 -2  6 -6 -5 -3 -4 -6 -7 -7 -5 -7 -8 -6  5 -4 -8 -7 -7   10   0   1  47   0   0   0   1   0   0   0   0   0   0   0  42   0   0   0   0  1.70 0.79
   90 I   -5 -7 -7 -8  0 -7 -7 -8 -8  7  0 -7  0 -3 -7 -6 -3 -7 -6  5    0   0   0   0   2   0   0   0   0  52   7   0   2   1   0   0   1   0   0  35  1.71 0.69
   91 N   -1 -5  2 -1 -2 -4 -4 -4 -6 -2 -5 -5 -5 -7 -5  1  7  0 -6 -3    4   0  10   4   1   0   1   1   0   2   0   0   0   0   0   8  66   1   0   1  1.52 0.74
   92 N   -2  1  4  4 -1 -2 -1 -4 -3 -6 -5  1 -4 -5 -5  4 -2 -6 -5 -4    2   7  19  24   1   1   3   0   0   0   0   7   0   0   0  30   2   0   0   1  0.83 0.47
   93 T   -1  5 -3 -3 -5  2  0 -3  0 -3 -2  2  2 -5  0 -1  0 -4 -3 -3    5  35   1   1   0  10   7   1   3   1   3  12   5   0   5   4   6   0   1   1  0.61 0.37
   94 K    0  0  1  1 -4  3  3 -2 -1 -3 -4  3 -3 -5 -2  2 -1 -5 -4 -3    8   5   5   8   0  14  17   3   1   1   1  15   0   0   1  15   3   0   0   1  0.41 0.29
   95 S   -4 -5 -4 -4 -6 -5 -5 -5 -6 -7 -7 -5 -6 -7 -6  7  4 -3 -6 -6    0   0   0   1   0   0   0   0   0   0   0   0   0   0   0  75  22   0   0   0  2.03 0.93
   96 F   -7 -4 -8 -8 -3 -8 -8 -8 -6 -4  0 -8 -3  9 -8 -7 -7 -2  2 -4    0   1   0   0   1   0   0   0   0   1   9   0   0  81   0   0   0   0   4   1  2.69 0.95
   97 E   -1 -1  3  3 -5  2  5 -3  0 -3 -3 -1 -2 -5 -4 -2 -1 -5 -3 -3    5   4  14  14   0   7  36   1   2   1   3   3   1   0   0   2   4   0   1   2  0.68 0.41
   98 D   -1  0  5  2 -3 -1  3 -2  4 -4 -4  0  1 -5 -4  0 -2 -6 -3 -2    5   5  24  12   1   2  21   2   9   1   1   5   3   0   0   5   1   0   0   3  0.60 0.37
   99 I    0 -6 -6 -6 -1 -5 -6 -6 -6  5  3 -6  0 -3 -6 -5 -1 -6 -5  4    7   0   0   0   1   0   0   0   0  27  30   0   2   0   0   0   3   0   0  28  1.00 0.47
  100 H   -1  1  1  1 -1  3  1 -1  1 -3 -3  3 -1 -5  0  1  0 -5 -2 -3    5   7   6   7   1  14   9   3   3   1   1  20   1   0   4   9   5   0   1   1  0.32 0.24
  101 Q   -1  2  2  1 -3  1  1 -1  1 -1 -2  1 -1 -3  0  0  0 -4 -2 -1    5  11  10   7   0   5   9   4   5   5   2  10   1   1   5   8   7   0   1   4  0.16 0.13
  102 Y   -6 -7 -8 -8 -5 -7 -7 -7 -5  3  0 -7 -1  4 -8 -6 -3 11  2 -3    0   0   0   0   0   0   0   0   0  14  10   0   1  15   0   1   2  48   7   1  2.32 0.85
  103 R   -3  4 -3 -5 -3 -2 -4 -5  3  0  2  0  2  0 -5 -4 -4  1  3  1    1  27   1   0   1   2   0   0   6   6  23   6   5   3   0   0   0   2   9   9  0.59 0.36
  104 E   -3  1  1  3 -5  2  5 -4  0 -5 -5  3 -4 -6 -5 -1 -1 -6 -5 -5    1   6   6  17   0   9  33   1   2   1   1  15   0   0   0   3   4   0   0   0  0.81 0.45
  105 Q   -4 -2  0  1 -7  6  5 -6 -1 -5 -2  1 -3 -6 -4 -2 -2 -6 -3 -5    0   1   4   7   0  30  36   0   1   0   4   9   1   0   1   2   2   0   1   1  1.08 0.58
  106 I   -3 -6 -7 -7  0 -6 -5 -6 -4  7  2 -6 -1  1 -6 -6 -4 -6 -5  2    2   0   0   0   2   0   1   0   0  57  21   0   1   5   0   0   1   0   0  10  1.42 0.59
  107 K   -2  2 -1  0  0  1  1 -4  0  0  2  2 -1 -2 -4 -2 -2 -3  0 -1    3  10   3   6   2   7   7   0   2   6  28  13   1   1   0   2   1   0   3   4  0.21 0.20
  108 R   -4  6  1  1 -5  2  2 -3 -1 -5 -4  1 -1 -5 -5 -1 -1 -3 -4 -4    1  43   7   8   0   8  12   2   1   1   2   6   1   0   0   4   4   0   0   1  0.87 0.47
  109 V   -2 -3 -1 -4 -2  1 -2 -4  4  2 -1 -3  1  0 -1 -2 -2 -3  4  4    3   1   3   0   1   6   2   1  11  10   4   1   3   4   3   3   2   0  13  30  0.48 0.31
  110 K    2  1  0 -4  0 -1 -3 -3  0 -3 -2  5 -3 -4 -4  0  0 -5 -3 -3   20   7   4   0   2   2   1   1   3   1   5  39   1   1   0   7   5   0   1   2  0.62 0.39
  111 D    0 -2  2  5 -2 -1  0  3  0 -4 -3 -2 -3 -4 -3 -1  0 -5 -4 -4    6   2   8  35   1   2   6  20   2   1   2   2   1   1   1   3   5   0   1   1  0.65 0.33
  112 S    0  0  1  1  1  0 -1 -1 -2 -3 -3  1 -3 -4  2  2  2 -2 -3 -2    6   6   8   7   3   3   4   3   0   1   2   8   0   0  10  20  13   1   1   3  0.27 0.22
  113 D   -1 -2  1  5 -4  0  4 -3 -1 -4 -5  0 -3 -4  1 -1 -1 -5 -3 -3    5   1   5  30   0   4  27   2   1   1   1   5   1   1   6   4   4   0   1   2  0.70 0.37
  114 D   -3 -1  4  3 -4  0  1 -1  1 -4 -4  1 -2 -4 -2  1  0 -2 -1 -3    1   3  24  20   0   3   9   5   3   1   1   8   1   0   1  10   5   1   2   2  0.51 0.32
  115 V   -2 -5 -7 -7  0 -6 -6 -7 -6  4 -2 -6  1  2 -3 -5 -2 -4 -2  6    3   1   0   0   2   0   0   0   0  24   2   0   3   9   2   0   2   0   1  51  1.24 0.57
  116 P   -3 -5  0 -4  0 -1 -1 -6 -4  0 -4 -3 -4 -5  7 -2 -2 -7 -5  2    2   0   4   0   2   3   4   0   0   5   2   1   0   0  55   3   3   0   0  15  1.42 0.64
  117 M   -4  0 -6 -6  0 -4 -5 -6 -5  5  1  2  6  2 -6 -4 -3 -3 -3  1    1   5   0   0   2   0   0   0   0  31   9  12  21   8   0   1   1   0   0   8  0.92 0.47
  118 V   -1 -6 -6 -7 -1 -5 -6 -6 -6  4  1 -6  6 -2 -6 -5 -3 -6 -4  5    5   0   0   0   1   0   0   0   0  21  13   0  18   1   0   0   1   0   0  38  1.18 0.54
  119 L   -5 -6 -7 -7 -1 -6 -7 -8 -7  3  6 -6  0 -3 -7 -6 -5 -6 -5  1    0   0   0   0   1   0   0   0   0  14  72   0   2   0   0   0   0   0   0   9  1.60 0.67
  120 V   -1 -7 -7 -5  0 -6 -7 -7 -7  3  0 -6 -2 -5 -7 -5 -4 -7 -5  7    5   0   0   1   2   0   0   0   0  13   7   0   1   0   0   0   0   0   0  69  1.64 0.70
  121 G    0 -7 -5 -6 -4 -7 -7  7 -2 -8 -8 -6 -7 -8 -7 -5 -6 -7 -8 -8    7   0   0   0   0   0   0  90   1   0   0   0   0   0   0   0   0   0   0   0  2.51 0.94
  122 N   -7 -6  9 -4 -5 -4 -5 -6 -1 -8 -8 -4 -5 -8 -7 -3 -4 -9 -7 -8    0   0  94   0   0   0   0   0   1   0   0   1   0   0   0   1   1   0   0   0  3.09 1.13
  123 K   -6 -3 -3 -6 -8 -3 -4 -7 -6 -8 -7  8 -4 -8 -6 -5 -6 -8 -7 -7    0   0   1   0   0   0   0   0   0   0   0  97   0   0   0   0   0   0   0   0  2.88 1.09
  124 C    1 -4 -1 -5  9 -4 -5 -5 -6  2 -2 -3 -4 -4 -5  3  0 -6 -4  1    9   1   2   0  36   1   0   0   0  10   3   2   0   1   0  21   5   0   0   8  1.20 0.55
  125 D   -7 -7 -3  9 -8 -5 -3 -6 -6 -8 -8 -6 -8 -8 -7 -5 -6 -9 -8 -7    0   0   0  97   0   0   1   0   0   0   0   0   0   0   0   0   0   0   0   0  3.15 1.13
  126 L   -4 -3 -5 -4 -1 -4 -2 -7 -4 -1  6 -1  3 -3 -6 -4 -4 -3 -5  0    1   1   0   1   2   1   3   0   0   2  72   4   6   1   0   1   0   0   0   5  1.28 0.59
  127 A    0 -1  0  0 -4  0  5 -2  2 -4 -5 -1 -3 -6  0  1  0 -6 -4 -2    8   2   4   5   0   4  41   3   4   1   0   3   1   0   5  11   6   0   0   3  0.64 0.40
  128 A   -1 -2  1  1 -4  4  5 -4  3 -5 -5  2 -3 -6 -3  0 -1 -5 -5 -5    4   1   6   7   0  16  33   1   6   0   1  12   0   0   1   7   4   0   0   0  0.75 0.44
  129 R   -6  9 -5 -6 -6 -3 -5 -7 -4 -7 -7  0 -5 -8 -5 -5 -6 -4 -7 -6    0  90   0   0   0   1   0   0   0   0   0   4   0   0   0   0   0   0   0   0  2.76 1.03
  130 T    1 -2 -2 -2 -3  5  3 -4 -2 -2 -3  1  0 -5 -4 -1 -1 -5 -4  2   14   1   1   1   0  24  18   0   1   1   1   8   2   0   0   3   4   0   0  18  0.57 0.39
  131 V   -4 -6 -6 -8 -4 -7 -7 -8 -7  2 -2 -7 -3 -5 -7 -6 -4 -7 -6  8    1   0   0   0   0   0   0   0   0   9   2   0   0   0   0   0   1   0   0  86  2.23 0.87
  132 E   -2 -2 -1  1 -4  0  0  0 -4 -5 -4 -1 -2 -5  2  4  3 -5 -3 -4    2   1   2   8   0   3   5   6   0   0   1   2   1   0  10  38  17   0   1   1  0.64 0.43
  133 S   -1  2 -2 -3 -3  1  0 -4 -2 -1 -2  2  0  0 -1  0  4 -2  1 -1    4  13   1   0   0   5   5   0   1   3   4  15   2   4   2   5  26   0   6   3  0.35 0.29
  134 R    0 -1  0  2 -6  2  6 -4 -2 -5 -4  1 -3 -5 -4  0 -2 -5 -5 -4    7   2   4   9   0   7  49   1   1   0   2   7   0   0   0   7   2   0   0   1  0.90 0.49
  135 Q   -3  1 -3  2 -6  3  6 -5 -1 -4 -3 -1 -2 -6 -5 -3 -1 -5 -6 -3    1   7   0  11   0  12  51   0   1   1   3   3   1   0   0   1   3   0   0   3  1.11 0.58
  136 A    4 -6 -5 -5 -3 -6 -6  6 -6 -4 -6 -5 -5 -7 -6 -3 -5 -7 -7 -3   37   0   0   0   1   0   0  56   0   1   0   0   0   0   0   1   0   0   0   2  1.65 0.72
  137 Q   -2  2 -2 -2 -4  5  3 -5 -1 -2 -2  3  0 -1 -4 -2 -2 -4 -4 -3    3   9   1   1   0  25  19   0   1   2   5  21   3   3   0   2   2   0   0   2  0.66 0.42
  138 D    3  0  2  1 -3  3  3 -2 -1 -4 -4  1 -3 -5 -4  1 -1 -5 -5 -3   23   5   8   6   0  11  19   2   1   1   1  10   0   0   0   8   3   0   0   1  0.46 0.33
  139 L   -4 -2 -6 -7 -4 -4 -5 -7 -5 -1  4 -2  2  5 -6 -6 -4  4  3 -2    1   2   0   0   0   1   1   0   0   2  46   3   4  21   0   0   1   5  10   3  1.09 0.52
  140 A    7 -6 -6 -6  4 -5 -6 -3 -6 -5 -6 -5 -6 -5 -6  1 -4 -7 -6 -4   79   0   0   0   7   0   0   1   0   0   0   0   0   0   0  10   0   0   0   1  1.90 0.84
  141 R   -1  3  0  2 -4  3  3 -3 -1 -4 -5  3 -4 -3 -4 -1 -1 -4 -4 -4    5  17   4  12   0  13  17   1   1   1   0  19   0   1   0   3   4   0   0   1  0.61 0.37
  142 S   -1  1  0  0 -3  4  4 -4  0 -5 -4  2 -2 -4 -4  2 -1 -5 -3 -4    4   7   3   4   1  18  23   0   2   0   2  11   1   0   0  18   3   0   1   0  0.58 0.38
  143 Y   -5 -3  2 -5 -2 -3 -1 -5  4 -1  1 -1  1  3 -6 -4 -4  8  4 -2    0   1  11   0   1   1   5   0   9   3  16   5   3  11   0   0   0  20  11   2  0.92 0.46
  144 G   -3 -1  4 -1 -4 -1 -2  5  0 -7 -6  2 -4 -7 -5 -1 -4 -6 -6 -6    2   3  21   3   0   3   2  48   2   0   0  10   0   0   0   5   0   0   0   0  1.12 0.54
  145 I    0 -6 -6 -6  7 -6 -6 -5 -6  4  2 -5  4 -2 -6 -4 -3 -6 -3  2    9   0   0   0  24   0   0   1   0  25  16   0   9   1   0   1   1   0   1  12  1.09 0.50
  146 P    0 -1 -3 -2 -3 -1  0 -2 -2 -2  0  0 -1 -1  6  0 -1 -5 -2 -2   10   3   1   2   1   3   5   3   1   2  11   7   1   3  35   7   3   0   1   2  0.58 0.34
  147 Y   -6 -7 -6 -8 -4 -7 -7 -7  0 -4 -2 -7 -4  8 -8 -6 -6  1  6 -4    0   0   0   0   1   0   0   0   2   1   3   0   0  67   0   0   0   2  22   1  2.45 0.88
  148 I   -4 -5 -5 -6 -2 -4 -5 -6 -3  4  2 -5  5  4 -6 -5 -2 -1  2  1    1   0   0   0   1   0   0   0   0  23  18   0  17  17   0   0   3   1   8   9  0.89 0.43
  149 E   -6 -5 -5 -2 -8 -3  8 -7 -4 -8 -7 -4 -7 -8 -6 -5 -6 -8 -7 -7    0   0   0   1   0   0  95   0   0   0   0   0   0   0   0   0   0   0   0   0  2.78 1.09
  150 T    1 -6 -5 -6  3 -5 -5 -5 -6 -3 -5 -5 -5 -6 -6 -1  7 -7 -6 -1    9   0   0   0   6   0   0   0   0   1   1   0   0   0   0   4  74   0   0   4  1.88 0.84
  151 S   -4 -6 -5 -5 -4 -5 -5 -5 -6 -7 -6 -5 -6 -7 -6  8 -3 -8 -7 -7    0   0   0   0   0   0   0   0   0   0   0   0   0   0   0  97   1   0   0   0  2.61 1.09
  152 A    7 -6 -6 -6 -1 -6 -6 -4 -6 -6 -6 -6 -6 -7 -6 -3 -4 -7 -6 -3   94   0   0   0   1   0   0   1   0   0   0   0   0   0   0   1   1   0   0   1  2.33 0.95
  153 K   -3  2 -5 -5 -2 -2 -4 -6 -5 -6  0  8 -3 -5 -6 -4 -5 -5 -5 -6    2   9   0   0   1   1   0   0   0   0   8  76   1   0   0   1   0   0   0   0  1.91 0.82
  154 T   -1 -1  2  3 -4  0  2 -4 -1 -3 -2 -2 -2 -4 -4  1  4 -5 -2 -4    5   3   9  15   0   5  12   0   1   1   4   2   1   1   0   8  31   0   1   0  0.53 0.37
  155 R    2  4  4  0  0 -2 -3  2 -2 -6 -5  1 -5 -6 -2  1 -3 -6 -3 -5   15  21  22   4   2   0   1  13   1   0   0   8   0   0   2  10   1   0   1   0  0.62 0.38
  156 Q   -1 -2 -2 -1 -3  2  1 -3  2  3  0 -2  1 -1 -4 -1  2 -2  0  1    4   1   1   4   0   9  11   1   5  18   8   2   4   2   0   4  15   0   3   8  0.21 0.21
  157 G   -4 -1  8 -3 -3 -2 -5  0  1 -8 -8 -4 -4 -4 -7 -3 -4 -8 -4 -8    1   3  76   1   1   1   0   8   3   0   0   1   1   1   0   2   0   0   1   0  2.20 0.91
  158 V   -4 -8 -7 -8 -4 -7 -8 -8 -6  3 -4 -7 -4 -6 -7 -7 -5 -8 -6  7    1   0   0   0   0   0   0   0   0  15   0   0   0   0   0   0   0   0   0  83  2.28 0.90
  159 E   -2 -3  3  4 -5  1  5 -4 -1 -5 -6  0 -4 -6 -5 -1 -1 -7 -5 -4    4   1  13  26   0   4  35   1   1   0   0   5   0   0   0   3   4   0   0   1  0.94 0.50
  160 D   -1 -1  0  3 -3  3  5 -5 -1 -5 -3  2 -4 -4 -4 -2 -2 -6 -4 -3    5   3   5  16   1  12  37   0   1   0   3  10   0   1   1   2   2   0   1   2  0.76 0.44
  161 A    5 -5 -6 -6  1 -5 -5 -4 -6  2  0 -5  0 -4 -5 -1 -2 -6 -5  3   51   0   0   0   3   0   0   0   0  11   9   0   3   0   0   4   2   0   0  16  0.96 0.52
  162 F   -8 -9 -9 -9 -8 -9 -9 -9 -7 -5 -5 -9 -4 10 -9 -7 -8 -5 -1 -6    0   0   0   0   0   0   0   0   0   0   0   0   0  97   0   0   0   0   1   0  3.57 1.20
  163 Y   -1 -2 -1 -1 -3  2  2 -4  3  0  0 -1  2  0 -4 -2  0 -2  4 -1    4   1   3   3   0   9  15   0   8   7   9   3   6   4   0   2   6   0  15   3  0.31 0.25
  164 T    0 -1  0  3  0  0  3 -3 -1 -2 -2  0 -1 -4 -4  0  3 -5 -3 -3    9   3   3  17   2   5  19   1   1   2   4   4   1   0   0   6  20   0   1   1  0.39 0.30
  165 L   -2 -6 -6 -7 -2 -6 -6 -6 -7  4  5 -6  3 -3 -7 -5 -1 -6 -5  2    3   0   0   0   1   0   0   0   0  24  50   0   7   1   0   0   3   0   0  11  1.18 0.53
  166 V    4 -5 -6 -6  2 -5 -5 -3 -5  1  1 -5  1 -4 -5 -2  0 -6 -4  4   30   0   0   0   4   0   0   1   0   8  12   0   3   0   0   2   6   0   0  34  0.80 0.45
  167 R   -1  6 -2 -2 -3  1  0 -3  0 -5 -3  3 -3 -6 -5 -2  0 -6 -4 -4    5  47   2   2   0   6   5   2   2   1   2  15   1   0   0   3   6   0   0   1  0.99 0.51
  168 E   -1  1 -1  1 -4  4  5 -4 -3 -2 -2  2  0 -5 -4 -2 -2 -6 -4 -3    4   6   3   8   0  17  34   1   0   2   5  13   3   0   0   1   1   0   0   2  0.67 0.41
  169 I   -3 -7 -7 -7 -4 -5 -5 -8 -7  7  1 -7  2 -4 -7 -6 -4 -5 -5  2    2   0   0   0   0   0   1   0   0  65  12   0   5   0   0   0   1   0   0  13  1.70 0.68
  170 R   -3  4  1 -3 -5  0  1 -5 -1  0  0  3  0 -2 -1 -3 -3 -4  3 -3    1  27   6   1   0   3   9   0   1   7  11  17   3   1   3   1   0   0   9   1  0.49 0.33
  171 Q   -4  5  1 -3 -7  4  2 -5 -1 -7 -6  5 -5 -7 -5 -2 -4 -5 -5 -6    0  27   7   1   0  16  14   0   1   0   0  32   0   0   0   2   0   0   0   0  1.16 0.56
  172 H   -4  4  3 -4 -6  3 -3 -5  4 -6 -5  4 -4 -4 -5 -3 -4 -5  3 -5    0  23  14   0   0  13   0   0  11   0   0  27   0   0   0   0   0   0  12   0  1.06 0.49

                      K         Lambda
Standard Ungapped    0.1354     0.3178
Standard Gapped      0.0410     0.2670
PSI Ungapped         0.2316     0.3172
PSI Gapped           0.0709     0.2670
