  425         A         R         N         D         C         Q         E         G         H         I         L         K         M         F         P         S         T         W         Y         V    
  1 T   1 0.0000000 0.0000000 0.0000000 0.0000000 0.0000000 0.0000000 0.0000000 0.0000000 0.0000000 0.0000000 0.0000000 0.0000000 0.0000000 0.0000000 0.0000000 0.4845104 0.5154896 0.0000000 0.0000000 0.0000000
  2 D   2 0.0000000 0.0000000 0.1142263 0.1480692 0.0000000 0.0216655 0.0252377 0.0000000 0.0201256 0.0000000 0.0208084 0.0000000 0.0000000 0.0000000 0.1134768 0.5170430 0.0193476 0.0000000 0.0000000 0.0000000
  3 V   3 0.0186218 0.0000000 0.0174267 0.0000000 0.0000000 0.0153876 0.0352548 0.0000000 0.0418084 0.0963162 0.1371215 0.0128071 0.0000000 0.0865905 0.0294065 0.1221182 0.0361238 0.0000000 0.0124698 0.3385471
  4 E   4 0.0270022 0.0000000 0.0789995 0.1054033 0.0000000 0.0425306 0.2928309 0.0549190 0.0000000 0.0170935 0.0141514 0.0474140 0.0000000 0.0174350 0.0903403 0.1912399 0.0206405 0.0000000 0.0000000 0.0000000
  5 T   5 0.0425659 0.0238928 0.0000000 0.0625214 0.0000000 0.0496678 0.0000000 0.0000000 0.0000000 0.0000000 0.0631177 0.0516791 0.0292426 0.1181239 0.0148353 0.3290560 0.1513805 0.0000000 0.0476740 0.0162430
  6 T   6 0.0592121 0.0105793 0.0855536 0.2730593 0.0000000 0.0262821 0.0446304 0.0160046 0.0132219 0.0000000 0.0137665 0.0274138 0.0000000 0.0000000 0.1058562 0.2172267 0.0949895 0.0000000 0.0000000 0.0122038
  7 Y   7 0.1092673 0.0289952 0.0653607 0.0434458 0.0300021 0.0500777 0.0336042 0.0000000 0.0087210 0.0517060 0.0811840 0.0000000 0.0184128 0.2307056 0.0644197 0.0215361 0.0114951 0.0000000 0.1091992 0.0418675
  8 A   8 0.0957978 0.0000000 0.0382644 0.0984330 0.0000000 0.0088972 0.0370445 0.0312769 0.0791638 0.0000000 0.0247818 0.0211074 0.0094337 0.0000000 0.0000000 0.3620408 0.1615191 0.0000000 0.0000000 0.0322398
  9 D   9 0.0284626 0.0482548 0.0495350 0.3335705 0.0000000 0.1043914 0.1384885 0.0208843 0.0427037 0.0000000 0.0000000 0.0085635 0.0000000 0.0109902 0.0925818 0.0410812 0.0269246 0.0000000 0.0152011 0.0383668
 10 F  10 0.0758382 0.0329443 0.0118379 0.0259962 0.0000000 0.0347564 0.0000000 0.0085243 0.0375672 0.0545830 0.0851359 0.0236807 0.0000000 0.1173479 0.0530941 0.0441770 0.0165901 0.0114222 0.0743139 0.2921907
 11 I  11 0.0560100 0.0074980 0.1171475 0.0600002 0.0107621 0.0000000 0.0000000 0.0414055 0.0000000 0.0763714 0.0876778 0.0000000 0.0204611 0.1337885 0.0793693 0.1562437 0.0782094 0.0000000 0.0358718 0.0391836
 12 A  12 0.0971026 0.0414921 0.0575949 0.0312215 0.0111398 0.1038117 0.0327485 0.1665187 0.0064304 0.0098243 0.0222765 0.0328348 0.0168629 0.0215068 0.0234707 0.2061156 0.0868900 0.0000000 0.0082503 0.0239079
 13 S  13 0.0349056 0.1013995 0.0230291 0.0074650 0.0082446 0.0367790 0.0340484 0.0000000 0.0000000 0.0186943 0.0353827 0.0977044 0.0000000 0.0000000 0.2359459 0.2393073 0.0971396 0.0000000 0.0000000 0.0299545
 14 G  14 0.0500622 0.0158816 0.0762293 0.0200913 0.0000000 0.0684432 0.0528396 0.2754718 0.0000000 0.0000000 0.0316351 0.0100109 0.0138716 0.0079233 0.0456410 0.2083354 0.0920825 0.0000000 0.0000000 0.0314811
 15 R  15 0.0177624 0.4404849 0.0492171 0.0186808 0.0000000 0.0306527 0.0532943 0.0087859 0.0125451 0.0040132 0.0365789 0.1487946 0.0000000 0.0000000 0.0593939 0.0717025 0.0112955 0.0000000 0.0061265 0.0306719
 16 T  16 0.0287196 0.0092180 0.0566486 0.0000000 0.0000000 0.5013342 0.0102670 0.0218954 0.0103358 0.0000000 0.0391820 0.0364808 0.0000000 0.0059174 0.0381458 0.0642009 0.1174445 0.0000000 0.0112233 0.0489868
 17 G  17 0.0334929 0.0101147 0.0520500 0.0266926 0.0000000 0.0480521 0.0203898 0.4832300 0.0335886 0.0000000 0.0242256 0.0522518 0.0000000 0.0059583 0.0129121 0.1478491 0.0384999 0.0000000 0.0000000 0.0106925
 18 R  18 0.0577252 0.1593416 0.0173527 0.0200615 0.0000000 0.0294572 0.0275635 0.0030602 0.0253676 0.0177524 0.2510811 0.0146326 0.0433758 0.0751104 0.0367963 0.0667359 0.0529912 0.0000000 0.0869370 0.0146577
 19 R  19 0.0505141 0.1452325 0.0593052 0.0089493 0.0000000 0.1752853 0.0134902 0.0134583 0.0389308 0.0135349 0.0138201 0.2493019 0.0044089 0.0000000 0.0402637 0.1268134 0.0363408 0.0000000 0.0000000 0.0103505
 20 N  20 0.0270475 0.0326178 0.0501996 0.0151808 0.3472956 0.0220648 0.0460884 0.0078329 0.0091099 0.0112632 0.0354539 0.0030129 0.0037061 0.0119372 0.0449674 0.1313101 0.1125152 0.0000000 0.0744640 0.0139325
 21 A  21 0.0690543 0.0133953 0.0596146 0.0419643 0.0000000 0.0714565 0.1622629 0.1081322 0.0045441 0.1016587 0.0392847 0.0720176 0.0043537 0.0282179 0.0429732 0.1032464 0.0236749 0.0000000 0.0138030 0.0403456
 22 I  22 0.0590225 0.0173800 0.0857156 0.1061117 0.0070915 0.0965116 0.1134492 0.0143313 0.0209918 0.0648890 0.0850085 0.0290828 0.0265092 0.0025118 0.0153553 0.0615204 0.0639764 0.0000000 0.0057948 0.1247467
 23 H  23 0.0095006 0.0186917 0.1467942 0.0546766 0.3400971 0.0704245 0.0192616 0.0179583 0.0235354 0.0058469 0.0025972 0.0162066 0.0000000 0.0657480 0.0968099 0.0763367 0.0254043 0.0000000 0.0053750 0.0047355
 24 D  24 0.0545891 0.0304887 0.0774619 0.1033780 0.0074141 0.0905218 0.0643104 0.0765818 0.0145393 0.0172191 0.0142917 0.1958921 0.0000000 0.0000000 0.1276020 0.0846451 0.0239819 0.0000000 0.0039470 0.0131359
 25 I  25 0.0219472 0.0287494 0.0304391 0.0151529 0.0050012 0.0230133 0.0113918 0.0103454 0.0095774 0.0927908 0.2012626 0.0656985 0.1429242 0.0428226 0.0349200 0.0155576 0.0701474 0.0078568 0.0405387 0.1298629
 26 L  26 0.0548919 0.0403776 0.2103707 0.0320807 0.0192218 0.0500171 0.0122281 0.0211311 0.0034631 0.0316782 0.2113575 0.0156498 0.0174632 0.0108267 0.0200760 0.0415469 0.0859564 0.0096865 0.0032970 0.1086798
 27 V  27 0.0735040 0.0148119 0.0485224 0.0381858 0.0198368 0.0361388 0.0429311 0.0121240 0.0045746 0.0541629 0.0647554 0.0058869 0.0086473 0.0209619 0.0599299 0.0763574 0.0592899 0.0038887 0.0494505 0.3060395
 28 S  28 0.0478617 0.0307309 0.0910550 0.0906761 0.0000000 0.0390814 0.0528237 0.0496035 0.2932275 0.0000000 0.0070558 0.0266384 0.0000000 0.0053225 0.1207541 0.0903184 0.0319735 0.0049438 0.0102897 0.0076438
 29 S  29 0.0917797 0.0323319 0.1698132 0.0283442 0.0067186 0.0364388 0.0455973 0.0245151 0.0587494 0.0107007 0.0113838 0.1349639 0.0102367 0.0087876 0.0916148 0.1495666 0.0512054 0.0000000 0.0019835 0.0352690
 30 A  30 0.1152683 0.1113141 0.0268782 0.0143849 0.1585639 0.0444498 0.0112522 0.0448179 0.0028399 0.0200934 0.1003020 0.0752776 0.0041420 0.0136655 0.0624529 0.1041793 0.0602882 0.0000000 0.0085693 0.0212605
 31 S  31 0.0743577 0.0499196 0.0190544 0.0226158 0.0990494 0.0392028 0.0183362 0.2755446 0.0233686 0.0060661 0.0334714 0.0455244 0.0027122 0.0000000 0.0782434 0.1264234 0.0531734 0.0000000 0.0099909 0.0229458
 32 G  32 0.0612914 0.0462036 0.0358715 0.0773253 0.0000000 0.0255467 0.0322722 0.1017605 0.0764290 0.0997566 0.0199476 0.0605271 0.0055602 0.0036388 0.1208850 0.0903333 0.0294770 0.0000000 0.0253144 0.0878597
 33 N  33 0.0678273 0.0480470 0.2150931 0.0651645 0.0000000 0.1027821 0.0366027 0.0536965 0.0054508 0.0298786 0.0251068 0.1169319 0.0091875 0.0156787 0.0217298 0.1010687 0.0427548 0.0000000 0.0053407 0.0376587
 34 S  34 0.1033222 0.0209856 0.0495538 0.0151832 0.0708397 0.0526462 0.0236249 0.0107489 0.0058865 0.0431344 0.0824373 0.0503481 0.0142551 0.0342056 0.0526543 0.1584429 0.1667110 0.0077893 0.0235651 0.0136660
 35 N  35 0.0377880 0.0567242 0.1104218 0.0654713 0.0142964 0.0694901 0.0619316 0.0302651 0.0506087 0.0190582 0.0033122 0.0978786 0.0000000 0.0154225 0.1253281 0.0841984 0.0521946 0.0000000 0.0021769 0.1034333
 36 E  36 0.0646683 0.0494585 0.0273830 0.0753836 0.0078853 0.0851748 0.1018233 0.0339853 0.0135661 0.0000000 0.0503729 0.0692709 0.0106662 0.0108007 0.2621294 0.0680339 0.0483203 0.0000000 0.0073616 0.0137158
 37 L  37 0.0310832 0.0216023 0.0365312 0.0238620 0.0115674 0.0427215 0.0150498 0.0287648 0.0388215 0.1212857 0.1669354 0.0799102 0.0994263 0.0219119 0.0211731 0.0678947 0.0477450 0.0000000 0.0167426 0.1069714
 38 A  38 0.1862497 0.0397216 0.0403718 0.0250450 0.0072037 0.0494376 0.0226010 0.0309868 0.0365536 0.0178902 0.0274017 0.0341303 0.0164124 0.0285997 0.0534680 0.0940774 0.0521261 0.1620563 0.0204562 0.0552109
 39 L  39 0.0806014 0.0283030 0.0742632 0.0713968 0.0541857 0.0591735 0.0961372 0.0151507 0.0364012 0.0101502 0.1009020 0.0630299 0.0446128 0.0079299 0.1209368 0.0319440 0.0238326 0.0000000 0.0170634 0.0639859
 40 K  40 0.1070835 0.0482790 0.0550871 0.0039456 0.0045458 0.0599094 0.0300254 0.0685241 0.0959107 0.0594801 0.0081112 0.1521572 0.0119432 0.0169227 0.0889347 0.0594288 0.0386249 0.0069933 0.0519845 0.0321088
 41 L  41 0.0491574 0.0288192 0.0209570 0.0177169 0.0046213 0.0336464 0.0957319 0.0311864 0.0171078 0.0637650 0.2684670 0.0352499 0.0328855 0.0479204 0.0874919 0.0396991 0.0604895 0.0044677 0.0188775 0.0417423
 42 A  42 0.2517057 0.0445337 0.0355771 0.0437117 0.0790965 0.0378245 0.0425783 0.0400578 0.0104187 0.0164908 0.0676584 0.0280018 0.0014671 0.0089997 0.0978083 0.1166903 0.0460852 0.0000000 0.0054057 0.0258887
 43 G  43 0.0786382 0.0170579 0.0616482 0.0794408 0.0031305 0.0589804 0.0848969 0.1378911 0.0298186 0.0221621 0.0199956 0.0349358 0.0228658 0.0067663 0.0534290 0.1207249 0.1163514 0.0028243 0.0024526 0.0459896
 44 L  44 0.0660301 0.0207241 0.0156408 0.0263272 0.0018029 0.0443925 0.0496841 0.0286133 0.0069433 0.0902194 0.1250120 0.0872482 0.0368457 0.1528995 0.0554955 0.0525086 0.0295433 0.0022792 0.0130291 0.0947614
 45 D  45 0.0498213 0.0368174 0.0810011 0.2495737 0.0035249 0.0351335 0.0728862 0.0975110 0.0102663 0.0051011 0.0351174 0.0317496 0.0021799 0.0072681 0.0439683 0.1258310 0.0554371 0.0000000 0.0092258 0.0475863
 46 I  46 0.0333815 0.0330729 0.0187549 0.0403416 0.0000000 0.0836396 0.0422572 0.0309054 0.0372962 0.1131858 0.1106857 0.0300351 0.0088399 0.0219671 0.0522089 0.0354309 0.0383144 0.0032862 0.0235465 0.2428503
 47 N  47 0.0524481 0.0150222 0.0456944 0.0472611 0.0043431 0.0702430 0.0366381 0.0454838 0.0424901 0.0519875 0.0791514 0.0549944 0.0196096 0.0424329 0.0520642 0.1863987 0.0757815 0.0000000 0.0066830 0.0712729
 48 K  48 0.0311523 0.1262506 0.0385318 0.0348823 0.0061498 0.0909641 0.0782344 0.1357713 0.0293959 0.0119148 0.0182034 0.0760483 0.0087919 0.0197525 0.1728957 0.0630971 0.0245496 0.0100398 0.0122800 0.0110945
 49 T  49 0.0726847 0.0370956 0.0550953 0.1406859 0.0028197 0.0663953 0.0309961 0.0118575 0.0301794 0.0182618 0.0642493 0.0455732 0.0222160 0.0126170 0.0973879 0.1345929 0.0879492 0.0013393 0.0252576 0.0427464
 50 E  50 0.0846918 0.0697052 0.0745766 0.0596536 0.0190503 0.0734889 0.0822319 0.0232651 0.0541253 0.0130168 0.0733720 0.0840549 0.0160272 0.0406513 0.0643707 0.0974917 0.0426427 0.0000000 0.0077303 0.0198537
 51 G  51 0.0586870 0.0305347 0.0406177 0.0516291 0.0066018 0.0717907 0.0385914 0.0819619 0.0267934 0.0269809 0.0536464 0.0637693 0.0391575 0.0647936 0.0289282 0.2246573 0.0450286 0.0075295 0.0150344 0.0232664
 52 E  52 0.0518192 0.0429120 0.0237443 0.0856556 0.0041061 0.0820163 0.1600996 0.0252809 0.0530095 0.0350792 0.0523728 0.0242419 0.0105543 0.0155366 0.0876238 0.1217682 0.0439302 0.0014204 0.0286995 0.0501294
 53 E  53 0.0687895 0.0191330 0.0302461 0.0248296 0.0084106 0.0597925 0.1196054 0.0254667 0.0026429 0.0758888 0.0932152 0.0418944 0.0156391 0.0158423 0.1368290 0.1220374 0.0330621 0.0000000 0.0218342 0.0848413
 54 D  54 0.0361345 0.0748393 0.0512088 0.1590930 0.0022453 0.0500849 0.0847950 0.0442763 0.0069473 0.0264105 0.0918852 0.0333177 0.0213912 0.0275377 0.0823167 0.0912474 0.0508005 0.0037069 0.0153174 0.0464445
 55 A  55 0.0569770 0.0582150 0.0381496 0.0508024 0.0198891 0.0780719 0.0496545 0.0374120 0.0176308 0.0942841 0.0515651 0.0281001 0.0112525 0.0432036 0.0886162 0.1145556 0.0647320 0.0095653 0.0108705 0.0764527
 56 Q  56 0.0380850 0.0202920 0.0360000 0.0284912 0.0105218 0.1079054 0.0579877 0.0431464 0.0311047 0.0694175 0.0385893 0.0682085 0.0067067 0.0030980 0.0649994 0.2227271 0.0699979 0.0026137 0.0170489 0.0630588
 57 R  57 0.0520324 0.0711637 0.0268629 0.0261969 0.0140468 0.0929696 0.0850504 0.0228655 0.0169008 0.0273723 0.0515153 0.1049958 0.0042875 0.0316905 0.0825293 0.1055747 0.0315334 0.0000000 0.0379225 0.1144900
 58 S  58 0.0795378 0.0164233 0.0456252 0.0598099 0.0050090 0.0639115 0.0419374 0.0329951 0.0261210 0.0301101 0.0601042 0.0452516 0.0242620 0.0405716 0.0437944 0.1163418 0.0943873 0.0019428 0.1103674 0.0614966
 59 S  59 0.0527384 0.0793192 0.0482228 0.1079258 0.0061237 0.0361287 0.0591711 0.0328626 0.0270691 0.0208414 0.0559605 0.0238255 0.0114421 0.0375632 0.1189749 0.1444280 0.1046061 0.0000000 0.0085178 0.0242792
 60 T  60 0.0706308 0.0919861 0.0324635 0.0613220 0.0127909 0.0618277 0.0365893 0.0169275 0.0454545 0.0305232 0.0378385 0.0387441 0.0149203 0.0132906 0.1039546 0.1484822 0.1219358 0.0010799 0.0252012 0.0340375
 61 E  61 0.0976284 0.0310110 0.0364598 0.0470212 0.0056201 0.0888781 0.0724067 0.0445995 0.0222194 0.0332513 0.0549137 0.0483606 0.0118485 0.0169975 0.1275573 0.0996621 0.0494377 0.0047104 0.0178744 0.0895423
 62 Q  62 0.0543887 0.0357497 0.0597486 0.0563072 0.0102614 0.1162524 0.1074411 0.0567988 0.0278177 0.0122700 0.0313973 0.0811697 0.0083155 0.0104190 0.1016879 0.1058819 0.0678792 0.0021705 0.0303631 0.0236801
 63 S  63 0.0600803 0.0529682 0.0280031 0.0742157 0.0105191 0.0696663 0.0861730 0.0497686 0.0373988 0.0200612 0.0782496 0.0440014 0.0123150 0.0329062 0.1323181 0.1106937 0.0589889 0.0020005 0.0116048 0.0280675
 64 G  64 0.0412858 0.0526755 0.0462262 0.1194541 0.0043467 0.0504304 0.0692894 0.1724540 0.0524835 0.0166648 0.0295823 0.0536632 0.0202931 0.0041717 0.0774313 0.1219543 0.0406296 0.0000000 0.0041757 0.0227884
 65 E  65 0.0731878 0.0302039 0.0607113 0.1405499 0.0009106 0.0638043 0.1554824 0.0283157 0.0294162 0.0157200 0.0445174 0.0508884 0.0318303 0.0068373 0.1135270 0.0607173 0.0518757 0.0000000 0.0111368 0.0303677
 66 A  66 0.0553274 0.0411104 0.0345869 0.0581806 0.0126858 0.0423944 0.0789520 0.0556540 0.0183639 0.0302577 0.0498918 0.0489247 0.0069729 0.1027799 0.0760394 0.1363692 0.0628784 0.0040790 0.0502262 0.0343254
 67 Q  67 0.0380944 0.0698679 0.0370538 0.0767044 0.0017142 0.1215241 0.0617216 0.0340901 0.0167118 0.0295169 0.0990248 0.0203940 0.0235818 0.0644490 0.1284822 0.0543372 0.0418576 0.0016126 0.0382458 0.0410158
 68 G  68 0.0377317 0.0472539 0.1118731 0.0499525 0.0065842 0.0830477 0.0697421 0.1928468 0.0207908 0.0122180 0.0341142 0.0288692 0.0114064 0.0196316 0.0307001 0.1306006 0.0647644 0.0000000 0.0072971 0.0405757
 69 E  69 0.0581898 0.0301210 0.0352821 0.0945530 0.0009197 0.0688140 0.1216237 0.0509391 0.0563240 0.0379974 0.0534758 0.0643184 0.0107039 0.0187704 0.0653707 0.0998426 0.0326638 0.0052812 0.0077251 0.0870843
 70 A  70 0.0832402 0.0210316 0.0275258 0.0502861 0.0000000 0.0421379 0.0296042 0.0466740 0.0219987 0.0418869 0.1012247 0.0512672 0.0154272 0.0251392 0.1533291 0.0927331 0.0597902 0.0214918 0.0101648 0.1050475
 71 A  71 0.1255982 0.0576897 0.0333024 0.0486021 0.0123392 0.0399348 0.0834249 0.0525977 0.0166743 0.0469312 0.0528178 0.0396004 0.0215684 0.0113170 0.0886449 0.1213771 0.0806528 0.0009146 0.0079898 0.0580224
 72 K  72 0.0737119 0.0498164 0.0340382 0.0765601 0.0000000 0.0730375 0.0498227 0.0304683 0.0557217 0.0482638 0.0971640 0.0748652 0.0103519 0.0096625 0.1177834 0.1140580 0.0337707 0.0039589 0.0118280 0.0351167
 73 S  73 0.1297173 0.0290562 0.0337495 0.0802566 0.0093846 0.0638246 0.0803306 0.0373370 0.0266723 0.0251078 0.0316138 0.0577314 0.0124507 0.0134072 0.1186470 0.1193386 0.0593533 0.0036326 0.0169739 0.0514150
 74 E  74 0.0640341 0.0824446 0.0547896 0.0879328 0.0026828 0.0806261 0.1680763 0.0575052 0.0177898 0.0558218 0.0442646 0.0455759 0.0176915 0.0036837 0.0967241 0.0576481 0.0413625 0.0000000 0.0036957 0.0176507
 75 S  75 0.0855379 0.0210513 0.0856069 0.0558942 0.0169826 0.0699426 0.0652477 0.0401209 0.0459914 0.0416180 0.0630707 0.0178170 0.0222320 0.0327308 0.0596534 0.1653822 0.0611450 0.0027132 0.0105396 0.0367227
 76 G  76 0.0964771 0.0226055 0.0624491 0.0648322 0.0081105 0.0598745 0.0442226 0.1214303 0.0620196 0.0391456 0.0509247 0.0452444 0.0123275 0.0130860 0.0662151 0.1084531 0.0598808 0.0014518 0.0230438 0.0382055
 77 N  77 0.0687664 0.0180022 0.1748876 0.0876640 0.0043513 0.0837293 0.0647800 0.0493581 0.0438420 0.0263902 0.0333392 0.0461722 0.0106439 0.0162271 0.0570576 0.0964433 0.0376287 0.0017026 0.0103454 0.0686689
 78 A  78 0.0969606 0.0386581 0.0265829 0.0348509 0.0031356 0.0509944 0.0680509 0.0590619 0.0460701 0.0616306 0.1057483 0.0367012 0.0177144 0.0145842 0.0638301 0.1203654 0.0669841 0.0054980 0.0099083 0.0726700
 79 A  79 0.0944951 0.0081081 0.0282082 0.0656597 0.0080415 0.0534335 0.0832299 0.0494185 0.0184105 0.0441313 0.0468501 0.0300269 0.0147528 0.0422281 0.1647240 0.1180165 0.0644046 0.0000000 0.0166570 0.0492038
 80 A  80 0.1196829 0.0598504 0.0299165 0.0617633 0.0112664 0.0890883 0.0703656 0.0326375 0.0273616 0.0277678 0.0495892 0.0794999 0.0273321 0.0243633 0.0590835 0.0899849 0.0657896 0.0158673 0.0208636 0.0379264
 81 A  81 0.0822933 0.0300968 0.0384157 0.0405380 0.0199135 0.0596174 0.0633834 0.0697576 0.0231102 0.0815712 0.1163676 0.0294666 0.0127735 0.0172873 0.0624539 0.1314817 0.0516754 0.0034628 0.0073269 0.0590075
 82 K  82 0.0686069 0.0480960 0.0503628 0.0408343 0.0085311 0.1278083 0.0648975 0.0441832 0.0243642 0.0116429 0.0418529 0.1092419 0.0117196 0.0420037 0.0936105 0.1231556 0.0421527 0.0034258 0.0035619 0.0399481
 83 K  83 0.0636697 0.0447442 0.0721685 0.0310976 0.0064514 0.0860072 0.0793709 0.0546448 0.0322739 0.0136051 0.0510505 0.0898464 0.0116272 0.0068729 0.0984067 0.1476862 0.0540907 0.0160613 0.0101400 0.0301847
 84 G  84 0.0642685 0.0240838 0.0291292 0.0553926 0.0253526 0.1001414 0.0598505 0.1151913 0.0462881 0.0398851 0.0504165 0.0368277 0.0071530 0.0806696 0.0925947 0.0750991 0.0479862 0.0008191 0.0147136 0.0341373
 85 S  85 0.0684312 0.0386607 0.0509957 0.0834456 0.0132529 0.0577768 0.0731483 0.0510583 0.0424230 0.0481301 0.0760443 0.0314526 0.0258217 0.0109738 0.0681220 0.1137106 0.0505204 0.0113634 0.0202733 0.0643951
 86 E  86 0.0765046 0.0411186 0.0249151 0.0653354 0.0024788 0.0715166 0.1853921 0.0743472 0.0400825 0.0136333 0.0430295 0.0558656 0.0095676 0.0022335 0.0679536 0.1415878 0.0290362 0.0208162 0.0024067 0.0321793
 87 Q  87 0.0831326 0.0475821 0.0385578 0.0686258 0.0067586 0.0817203 0.1049026 0.0229146 0.0411706 0.0369974 0.0413438 0.0415885 0.0470425 0.0094904 0.0837307 0.0955981 0.0641919 0.0191448 0.0144931 0.0510136
 88 E  88 0.0478737 0.0538577 0.0451963 0.1142232 0.0116182 0.0878880 0.1658417 0.0326064 0.0221985 0.0202859 0.0239627 0.0559154 0.0093601 0.0160475 0.0590308 0.1392441 0.0517878 0.0000000 0.0059753 0.0370867
 89 S  89 0.0463330 0.0439869 0.0550250 0.0775379 0.0000000 0.0460684 0.0536242 0.0410404 0.0131388 0.0384400 0.0633354 0.0517993 0.0167006 0.0207577 0.0560034 0.1878711 0.0774282 0.0661687 0.0135448 0.0311963
 90 V  90 0.0562105 0.0163231 0.0193285 0.0526599 0.0079780 0.0398539 0.0422337 0.0477729 0.0172508 0.0720601 0.1102591 0.0299766 0.0409679 0.0305388 0.0697202 0.0807293 0.0505322 0.0059423 0.0512511 0.1584113
 91 K  91 0.0583878 0.0345997 0.0640172 0.1090592 0.0039904 0.1162690 0.0820770 0.0373284 0.0257083 0.0114455 0.0315632 0.1238795 0.0139279 0.0244568 0.0727688 0.1001767 0.0580192 0.0021131 0.0062420 0.0239703
 92 E  92 0.0799090 0.0363327 0.0560226 0.1022931 0.0000000 0.0921425 0.1853164 0.0414837 0.0327093 0.0145749 0.0518134 0.0359510 0.0118635 0.0081518 0.0388130 0.1129947 0.0393312 0.0011249 0.0145888 0.0445836
 93 F  93 0.0580977 0.0241888 0.0665938 0.0802969 0.0040351 0.0954584 0.0750307 0.0640720 0.0327874 0.0415881 0.0403222 0.0332833 0.0054934 0.0778037 0.0608704 0.0957552 0.0541701 0.0049371 0.0227969 0.0624187
 94 L  94 0.0628257 0.0342632 0.0386335 0.0327920 0.0041012 0.0669385 0.0595920 0.0551515 0.0305479 0.0537091 0.1264039 0.0327933 0.0289701 0.0298775 0.0759941 0.1204037 0.0477882 0.0000000 0.0271184 0.0720963
 95 A  95 0.1006198 0.0288881 0.0468011 0.0724454 0.0060378 0.0650219 0.1118853 0.1307473 0.0188535 0.0225833 0.0272183 0.0455756 0.0129294 0.0060579 0.0730964 0.1036725 0.0481382 0.0015662 0.0051232 0.0727388
 96 K  96 0.0595381 0.0486963 0.0474959 0.0648070 0.0046913 0.0813348 0.0895021 0.0659260 0.0169737 0.0198910 0.0238572 0.0902609 0.0185372 0.0109197 0.0639551 0.1201175 0.0954489 0.0033311 0.0317682 0.0429481
 97 A  97 0.1387829 0.0211417 0.0276783 0.0431279 0.0027122 0.0392292 0.0953886 0.1315142 0.0042999 0.0512908 0.0681061 0.0456404 0.0160190 0.0089598 0.0715078 0.1248081 0.0554126 0.0024804 0.0046390 0.0472610
 98 K  98 0.0487587 0.0793095 0.0273538 0.0549200 0.0056905 0.0610364 0.0907000 0.0613346 0.0234699 0.0211468 0.0317838 0.1789844 0.0176633 0.0043251 0.0589155 0.1234459 0.0778541 0.0018450 0.0084548 0.0230080
 99 E  99 0.0385424 0.0483751 0.0270851 0.0514771 0.0052429 0.0579435 0.1860178 0.0386812 0.0172565 0.1230388 0.0515013 0.0576891 0.0150695 0.0195023 0.0624013 0.0774176 0.0424749 0.0000000 0.0071257 0.0731579
100 D 100 0.0558535 0.0436509 0.0517927 0.1256040 0.0070389 0.0719499 0.1093507 0.0329064 0.0309720 0.0454180 0.0295352 0.0698628 0.0069533 0.0136274 0.0827446 0.1130482 0.0488079 0.0045434 0.0190061 0.0373342
101 F 101 0.0423040 0.0202750 0.0300136 0.0498371 0.0026687 0.0476681 0.0810277 0.0448371 0.0193630 0.1111631 0.1170432 0.0331517 0.0140459 0.0757354 0.0579606 0.0977077 0.0573989 0.0010724 0.0133674 0.0833594
102 L 102 0.0512426 0.0296867 0.0331196 0.0482668 0.0074245 0.0675170 0.1351556 0.0684208 0.0238250 0.0687248 0.1170445 0.0380023 0.0333243 0.0064334 0.0577561 0.1053759 0.0633702 0.0009758 0.0044544 0.0398797
103 K 103 0.0554081 0.0565685 0.0466943 0.0563625 0.0067145 0.0666492 0.1074745 0.0337431 0.0164904 0.0674814 0.0317776 0.0910593 0.0247335 0.0129497 0.0840635 0.0876095 0.0606379 0.0056567 0.0055680 0.0823579
104 K 104 0.0691748 0.0657945 0.0498584 0.0684864 0.0030363 0.0602391 0.0853992 0.0455703 0.0395648 0.0581005 0.0431249 0.0947177 0.0182902 0.0149273 0.0600804 0.1114038 0.0374595 0.0000000 0.0279153 0.0468566
105 W 105 0.0429879 0.0735093 0.0497389 0.0365641 0.0028731 0.0507790 0.0468549 0.0275759 0.0393425 0.0411002 0.0778860 0.0445293 0.0130116 0.0681287 0.0448618 0.0757815 0.0562884 0.0662566 0.0895925 0.0523379
106 E 106 0.0454532 0.0647062 0.0460705 0.0358395 0.0063383 0.1076163 0.0998757 0.0800946 0.0153495 0.0233254 0.0360218 0.0838773 0.0064368 0.0124937 0.0507259 0.1022912 0.0606556 0.0008465 0.0084338 0.1135482
107 T 107 0.0401961 0.1371411 0.0833346 0.0267699 0.0072410 0.0536923 0.0513978 0.0532286 0.0161574 0.0301685 0.0432468 0.0942743 0.0237115 0.0093198 0.1029757 0.1097232 0.0768584 0.0010599 0.0130918 0.0264114
108 P 108 0.0494022 0.0442130 0.0619782 0.0185497 0.0000000 0.0761284 0.0479364 0.0648667 0.0251617 0.0181836 0.0440734 0.0847253 0.0071876 0.0075803 0.1833606 0.1063194 0.0957520 0.0000000 0.0044173 0.0601641
109 S 109 0.0584921 0.0743904 0.0453324 0.0369425 0.0043816 0.0413196 0.0805218 0.1059582 0.0425615 0.0157462 0.0217846 0.0897973 0.0090959 0.0055996 0.0633369 0.1356142 0.1234716 0.0000000 0.0154192 0.0302345
110 Q 110 0.0557577 0.1177811 0.0855991 0.0198128 0.0038600 0.0962910 0.0260969 0.0573182 0.0403335 0.0054882 0.0154762 0.2359462 0.0007088 0.0118293 0.0376417 0.1002782 0.0481570 0.0000000 0.0111734 0.0304509
111 N 111 0.0286324 0.1611135 0.0923013 0.0505728 0.0041260 0.0444205 0.0978274 0.1204160 0.0302759 0.0070974 0.0050212 0.1417894 0.0068001 0.0158729 0.0702431 0.0704522 0.0369601 0.0014879 0.0010234 0.0135666
112 T 112 0.0213570 0.1409496 0.0367471 0.0030712 0.0023421 0.0720052 0.0102315 0.0251153 0.0590236 0.0113619 0.0068275 0.3839433 0.0085886 0.0000000 0.0411952 0.0740880 0.0799785 0.0000000 0.0000000 0.0231743
113 A 113 0.1219319 0.0007880 0.0129209 0.0000000 0.0216957 0.0009080 0.0026674 0.0044694 0.0000000 0.1162900 0.1976045 0.0058341 0.0341697 0.0543922 0.0116568 0.0083008 0.0124125 0.0155349 0.1830822 0.1953411
114 Q 114 0.0303460 0.0604219 0.0514529 0.0444799 0.0223267 0.0167701 0.0042146 0.2454529 0.0149809 0.0104318 0.0033478 0.1281832 0.0000000 0.0087922 0.0017018 0.1833219 0.1720523 0.0000000 0.0000000 0.0017231
115 L 115 0.0464446 0.0010054 0.0011535 0.0000000 0.0000000 0.0062993 0.0038328 0.0000000 0.0000000 0.1528848 0.4446810 0.0071140 0.0517108 0.0218740 0.2055755 0.0034156 0.0045185 0.0000000 0.0039589 0.0455312
116 D 116 0.0251223 0.0154462 0.0794932 0.3477423 0.0006801 0.0817035 0.1729120 0.0191754 0.0165434 0.0009802 0.0031070 0.0238579 0.0009835 0.0000000 0.0008225 0.1475995 0.0613502 0.0000000 0.0024808 0.0000000
117 Q 117 0.0090918 0.0000000 0.0463943 0.7481714 0.0131153 0.0510028 0.0470019 0.0000000 0.0438233 0.0000000 0.0008811 0.0025095 0.0000000 0.0000000 0.0000000 0.0342065 0.0000000 0.0000000 0.0000000 0.0038021
118 F 118 0.0000000 0.0000000 0.0000000 0.0000000 0.0000000 0.0000000 0.0000000 0.0000000 0.0000000 0.0000000 0.0291504 0.0000000 0.0000000 0.8731574 0.0000000 0.0000000 0.0000000 0.0043007 0.0933914 0.0000000
119 D 119 0.0034665 0.0214673 0.1408930 0.1758037 0.0011651 0.0972655 0.3620756 0.0000000 0.0186009 0.0193194 0.0094325 0.0306426 0.0012404 0.0000000 0.0000000 0.0248795 0.0619739 0.0000000 0.0084220 0.0233521
120 R 120 0.0024819 0.0396092 0.0000000 0.0000000 0.0153771 0.0055605 0.0000000 0.0000000 0.0000000 0.1730429 0.3720849 0.0011375 0.0268617 0.2637281 0.0000000 0.0000000 0.0122869 0.0000000 0.0219330 0.0658963
121 I 121 0.0018637 0.0200356 0.0015837 0.0000000 0.0127674 0.0360899 0.0070435 0.0121049 0.0265310 0.1453067 0.5996876 0.0556004 0.0378307 0.0025003 0.0000000 0.0086650 0.0040417 0.0000000 0.0055773 0.0227704
122 K 122 0.0914016 0.2461480 0.0098840 0.0148725 0.0000000 0.0313433 0.0621668 0.0098709 0.0123030 0.0000000 0.0000000 0.4495820 0.0170418 0.0010665 0.0000000 0.0192913 0.0213785 0.0000000 0.0016847 0.0119652
123 T 123 0.0011049 0.0000000 0.0018572 0.0142693 0.0010943 0.0000000 0.0378063 0.0000000 0.0000000 0.0082070 0.1012672 0.0108091 0.0245800 0.0012316 0.0063985 0.0023817 0.2566964 0.0000000 0.0012638 0.5310326
124 L 124 0.0000000 0.0000000 0.0000000 0.0000000 0.0000000 0.0000000 0.0000000 0.0000000 0.0000000 0.2656062 0.6212425 0.0000000 0.0016165 0.0000000 0.0000000 0.0014270 0.0000000 0.0000000 0.0000000 0.1101078
125 G 125 0.0040048 0.0000000 0.0000000 0.0000000 0.0000000 0.0000000 0.0000000 0.9923400 0.0000000 0.0000000 0.0000000 0.0000000 0.0000000 0.0000000 0.0000000 0.0036551 0.0000000 0.0000000 0.0000000 0.0000000
126 T 126 0.0000000 0.1167643 0.0086075 0.0000000 0.0000000 0.0698621 0.0195796 0.0000000 0.0019493 0.0078123 0.0025510 0.4768236 0.0036290 0.0000000 0.0000000 0.0039960 0.2609407 0.0000000 0.0015923 0.0258922
127 G 127 0.0000000 0.0000000 0.0000000 0.0000000 0.0000000 0.0000000 0.0000000 1.0000000 0.0000000 0.0000000 0.0000000 0.0000000 0.0000000 0.0000000 0.0000000 0.0000000 0.0000000 0.0000000 0.0000000 0.0000000
128 S 128 0.0717323 0.0000000 0.0761660 0.0000000 0.0000000 0.0032096 0.0000000 0.0384593 0.0132068 0.0000000 0.0000000 0.0000000 0.0000000 0.0034238 0.0000000 0.5960638 0.1977385 0.0000000 0.0000000 0.0000000
129 F 129 0.0000000 0.0000000 0.0000000 0.0000000 0.0000000 0.0000000 0.0000000 0.0000000 0.0107018 0.0000000 0.0050709 0.0000000 0.0000000 0.8403172 0.0000000 0.0023962 0.0000000 0.0000000 0.1415139 0.0000000
130 G 130 0.0494648 0.0000000 0.0000000 0.0000000 0.0000000 0.0000000 0.0000000 0.8591429 0.0000000 0.0000000 0.0000000 0.0000000 0.0000000 0.0000000 0.0020299 0.0893624 0.0000000 0.0000000 0.0000000 0.0000000
131 R 131 0.0000000 0.2621876 0.0000000 0.0000000 0.0000000 0.0548672 0.0000000 0.0000000 0.0000000 0.0162173 0.0000000 0.5913517 0.0024284 0.0000000 0.0000000 0.0100246 0.0035979 0.0000000 0.0000000 0.0593252
132 V 132 0.0000000 0.0000000 0.0000000 0.0000000 0.0696870 0.0000000 0.0000000 0.0000000 0.0000000 0.0000000 0.0000000 0.0000000 0.0000000 0.0000000 0.0000000 0.0000000 0.0000000 0.0000000 0.0000000 0.9303130
133 M 133 0.0000000 0.0610062 0.0027544 0.0000000 0.0104640 0.0094560 0.0000000 0.0000000 0.1362126 0.0415788 0.1611384 0.0415447 0.2700606 0.1450858 0.0000000 0.0000000 0.0038522 0.0106607 0.0837298 0.0224557
134 L 134 0.0000000 0.0336575 0.0000000 0.0000000 0.0000000 0.2093768 0.0000000 0.0000000 0.0000000 0.0142030 0.6732724 0.0257613 0.0299889 0.0045950 0.0000000 0.0005491 0.0000000 0.0000000 0.0020963 0.0064997
135 V 135 0.2796657 0.0000000 0.0000000 0.0000000 0.1179050 0.0000000 0.0000000 0.0165098 0.0000000 0.0197450 0.0000000 0.0000000 0.0000000 0.0000000 0.0000000 0.0230233 0.0081198 0.0000000 0.0000000 0.5350314
136 K 136 0.0000000 0.3922841 0.0009643 0.0031789 0.0000000 0.1057990 0.2336508 0.0000000 0.0032349 0.0180526 0.0096321 0.1703771 0.0125182 0.0000000 0.0000000 0.0023114 0.0114679 0.0024741 0.0000000 0.0340545
137 H 137 0.0004671 0.0632643 0.0123467 0.0194660 0.0000000 0.0172125 0.0814966 0.0024854 0.1837833 0.0047650 0.0997890 0.2934318 0.0164441 0.0131418 0.0000000 0.1383014 0.0269337 0.0000000 0.0253165 0.0013548
138 K 138 0.0026025 0.1390116 0.0251708 0.0000000 0.0012757 0.0072512 0.0000000 0.0012385 0.0054433 0.0400016 0.0025624 0.7113249 0.0017891 0.0000000 0.0000000 0.0016187 0.0134955 0.0000000 0.0010225 0.0461916
139 E 139 0.1028065 0.0339565 0.0346738 0.2414338 0.0019895 0.0264079 0.0424255 0.1400734 0.1343272 0.0153090 0.0054518 0.0766988 0.0044462 0.0010661 0.0101140 0.0491019 0.0524475 0.0039699 0.0027513 0.0205493
140 S 140 0.0554141 0.0075527 0.1585852 0.0453828 0.0000000 0.0065067 0.0239663 0.0176083 0.0017471 0.0000000 0.0031244 0.0179178 0.0019221 0.0000000 0.0036567 0.1631087 0.4885368 0.0000000 0.0000000 0.0049704
141 G 141 0.0127964 0.0586500 0.1138119 0.0929510 0.0000000 0.0761349 0.0569180 0.3018443 0.0278291 0.0000000 0.0070485 0.1608844 0.0025841 0.0000000 0.0053530 0.0710252 0.0066196 0.0000000 0.0031320 0.0024176
142 N 142 0.0275422 0.2800488 0.0249238 0.0209797 0.0046571 0.1126142 0.1557685 0.0119695 0.0275980 0.0131367 0.0081961 0.1978012 0.0243572 0.0014671 0.0000000 0.0226226 0.0437249 0.0000000 0.0071080 0.0154845
143 H 143 0.0078230 0.0061406 0.0016800 0.0046681 0.0011303 0.0111060 0.0480344 0.0021666 0.0492977 0.2666848 0.1963674 0.0061606 0.0141355 0.1257624 0.0015619 0.0019455 0.0041717 0.0058063 0.1596050 0.0857522
144 Y 144 0.0014113 0.0000000 0.0010478 0.0000000 0.0279638 0.0000000 0.0000000 0.0000000 0.0021084 0.0000000 0.0051423 0.0000000 0.0028718 0.2027842 0.0000000 0.0016917 0.0000000 0.0066758 0.7419908 0.0063121
145 A 145 0.9913206 0.0000000 0.0000000 0.0000000 0.0036681 0.0000000 0.0000000 0.0000000 0.0000000 0.0000000 0.0000000 0.0000000 0.0000000 0.0000000 0.0018210 0.0000000 0.0000000 0.0000000 0.0000000 0.0031903
146 M 146 0.0000000 0.0000000 0.0000000 0.0000000 0.0000000 0.0000000 0.0000000 0.0000000 0.0000000 0.2613035 0.1238153 0.0000000 0.3909980 0.0000000 0.0000000 0.0000000 0.0000000 0.0000000 0.0000000 0.2238832
147 K 147 0.0000000 0.0000000 0.0000000 0.0000000 0.0000000 0.0000000 0.0000000 0.0000000 0.0000000 0.0000000 0.0000000 0.9980601 0.0000000 0.0000000 0.0019399 0.0000000 0.0000000 0.0000000 0.0000000 0.0000000
148 I 148 0.0544433 0.0031477 0.0000000 0.0000000 0.0214352 0.0000000 0.0000000 0.0000000 0.0000000 0.2686035 0.0026862 0.0039813 0.0138236 0.0020981 0.0019488 0.0135380 0.0556677 0.0000000 0.0000000 0.5586266
149 L 149 0.0000000 0.0000000 0.0000000 0.0000000 0.0000000 0.0000000 0.0000000 0.0000000 0.0000000 0.1620175 0.7424605 0.0000000 0.0642194 0.0064255 0.0000000 0.0000000 0.0000000 0.0000000 0.0000000 0.0248771
150 D 150 0.0107458 0.1815486 0.0310443 0.0834243 0.0017009 0.0420559 0.0243393 0.0013280 0.0037085 0.0000000 0.0000000 0.5049367 0.0018153 0.0000000 0.0000000 0.1059638 0.0033469 0.0000000 0.0011041 0.0029376
151 K 151 0.0000000 0.0092366 0.0000000 0.0000000 0.0000000 0.0000000 0.0000000 0.0000000 0.0000000 0.0211775 0.0017042 0.9604769 0.0074048 0.0000000 0.0000000 0.0000000 0.0000000 0.0000000 0.0000000 0.0000000
152 Q 152 0.2346801 0.0356624 0.0107615 0.1843348 0.0016375 0.0718819 0.1451909 0.0185813 0.0197953 0.0043722 0.0051739 0.1067489 0.0007265 0.0000000 0.0209117 0.0998471 0.0254969 0.0000000 0.0047102 0.0094870
153 K 153 0.0623617 0.0303308 0.0205883 0.0740035 0.0007326 0.0627477 0.0772318 0.0000000 0.0753554 0.0235179 0.0481401 0.0906501 0.0190547 0.0697571 0.0000000 0.0312085 0.0664356 0.0000000 0.0170711 0.2308130
154 V 154 0.0014387 0.0000000 0.0000000 0.0000000 0.0031378 0.0000000 0.0000000 0.0000000 0.0055332 0.5690947 0.0736478 0.0000000 0.0057295 0.0175867 0.0000000 0.0000000 0.0020323 0.0000000 0.0042831 0.3175162
155 V 155 0.0229411 0.0047801 0.0067872 0.0261582 0.0000000 0.0000000 0.0044089 0.0000000 0.0083124 0.2907474 0.1648171 0.0390235 0.0210470 0.0098756 0.0000000 0.0014326 0.0170120 0.0000000 0.0024713 0.3801856
156 K 156 0.0771550 0.1459107 0.0223693 0.0497327 0.0081957 0.1527751 0.1188173 0.0011731 0.0000000 0.0103403 0.0015903 0.2861289 0.0154367 0.0000000 0.0059693 0.0688359 0.0069157 0.0000000 0.0000000 0.0286542
157 L 157 0.0091743 0.2079816 0.0778389 0.1527515 0.0000000 0.0249062 0.0127500 0.0027390 0.0154956 0.0009675 0.1458521 0.2160075 0.0889508 0.0014564 0.0000000 0.0089757 0.0213177 0.0000000 0.0049664 0.0078687
158 K 158 0.0008294 0.0321794 0.1057325 0.3217360 0.0012158 0.0131065 0.0768606 0.0085015 0.0063679 0.0000000 0.0000000 0.3799379 0.0069397 0.0000000 0.0000000 0.0465927 0.0000000 0.0000000 0.0000000 0.0000000
159 Q 159 0.0013572 0.0294073 0.0027068 0.2085091 0.0104112 0.3210176 0.3368722 0.0000000 0.0302998 0.0000000 0.0038290 0.0000000 0.0098512 0.0000000 0.0335457 0.0029549 0.0076852 0.0000000 0.0015530 0.0000000
160 I 160 0.0272565 0.0102079 0.0000000 0.0000000 0.0000000 0.0327442 0.0354633 0.0078635 0.0000000 0.1397487 0.0164490 0.0020398 0.0067404 0.0010993 0.0000000 0.0332633 0.0553548 0.0000000 0.0013974 0.6303721
161 E 161 0.1575644 0.0352645 0.0097024 0.1127199 0.0000000 0.0401512 0.5244347 0.0044594 0.0020096 0.0042299 0.0073077 0.0370921 0.0031327 0.0000000 0.0000000 0.0126017 0.0461641 0.0000000 0.0017742 0.0013914
162 H 162 0.0011912 0.0116394 0.0214036 0.0020089 0.1331264 0.0046074 0.0000000 0.0000000 0.6176711 0.0292813 0.0000000 0.0000000 0.0000000 0.0018971 0.0000000 0.1035517 0.0000000 0.0356921 0.0379298 0.0000000
163 T 163 0.0190260 0.0000000 0.0000000 0.0000000 0.0019873 0.0000000 0.0000000 0.0000000 0.0000000 0.0903340 0.0489579 0.0000000 0.0417725 0.0000000 0.0000000 0.0046369 0.6648714 0.0000000 0.0000000 0.1284138
164 L 164 0.0048247 0.0861514 0.1436455 0.0000000 0.0039798 0.0596470 0.0000000 0.0000000 0.0136054 0.0492835 0.2067792 0.1945030 0.2035271 0.0027201 0.0000000 0.0021920 0.0034420 0.0020322 0.0000000 0.0236672
165 N 165 0.2097813 0.0064196 0.1328872 0.0889462 0.0226220 0.0103131 0.0064770 0.0674972 0.0011655 0.0211783 0.0046254 0.0074375 0.0315274 0.0000000 0.0000000 0.1442919 0.1841866 0.0000000 0.0015298 0.0591140
166 E 166 0.0000000 0.0000000 0.0000000 0.0000000 0.0000000 0.0000000 0.9968683 0.0000000 0.0000000 0.0000000 0.0000000 0.0031317 0.0000000 0.0000000 0.0000000 0.0000000 0.0000000 0.0000000 0.0000000 0.0000000
167 K 167 0.0024559 0.4991851 0.0339047 0.0000000 0.0000000 0.0033613 0.0000000 0.0000000 0.0022517 0.0462371 0.0000000 0.3710746 0.0035031 0.0000000 0.0020929 0.0188596 0.0000000 0.0000000 0.0000000 0.0170741
168 R 168 0.0216534 0.3551039 0.1824854 0.0721291 0.0014969 0.0185615 0.0603592 0.0040688 0.0533363 0.0042817 0.0095436 0.0600527 0.0054098 0.0021880 0.0000000 0.0898480 0.0535124 0.0000000 0.0059693 0.0000000
169 I 169 0.0117036 0.0000000 0.0000000 0.0000000 0.0000000 0.0000000 0.0000000 0.0000000 0.0000000 0.4597251 0.0076832 0.0000000 0.0923038 0.0000000 0.0000000 0.0000000 0.0038265 0.0000000 0.0000000 0.4247578
170 L 170 0.0000000 0.0000000 0.0000000 0.0000000 0.0000000 0.0000000 0.0000000 0.0000000 0.0000000 0.0000000 0.8680001 0.0000000 0.0101837 0.1151323 0.0000000 0.0000000 0.0000000 0.0023549 0.0012952 0.0030338
171 Q 171 0.2231444 0.0487637 0.0120600 0.0000000 0.0007914 0.1184935 0.1337298 0.0201254 0.0012448 0.0030580 0.1124642 0.0973458 0.0283812 0.0016664 0.0000000 0.0988018 0.0582183 0.0000000 0.0016359 0.0400754
172 A 172 0.1139124 0.1386188 0.0556423 0.0315023 0.0104665 0.0754408 0.0787721 0.0041340 0.0179367 0.0403938 0.1117173 0.0868771 0.0295595 0.0015342 0.0000000 0.0725250 0.0843691 0.0012461 0.0238281 0.0215240
173 V 173 0.1964217 0.0006828 0.0020340 0.0010753 0.0244525 0.0016109 0.0026444 0.0160166 0.0058602 0.1732001 0.0432953 0.0000000 0.0073143 0.0059561 0.0098568 0.0525430 0.0708508 0.0000000 0.0501181 0.3360671
174 N 174 0.0226821 0.0923962 0.2451911 0.0990369 0.0045213 0.0794529 0.0625130 0.0229638 0.0441348 0.0006660 0.0017714 0.1762010 0.0000000 0.0000000 0.0000000 0.1157478 0.0157316 0.0000000 0.0000000 0.0169902
175 F 175 0.0000000 0.0026779 0.0806126 0.0000000 0.0252115 0.0000000 0.0000000 0.0000000 0.7211707 0.0000000 0.0000000 0.0037420 0.0000000 0.0547524 0.0332541 0.0711473 0.0000000 0.0000000 0.0074314 0.0000000
176 P 176 0.0120518 0.0000000 0.0070281 0.0017929 0.0011937 0.0128009 0.0015852 0.0000000 0.0000000 0.0000000 0.0000000 0.0000000 0.0000000 0.0000000 0.9612518 0.0010270 0.0012685 0.0000000 0.0000000 0.0000000
177 F 177 0.0000000 0.0000000 0.0694630 0.0000000 0.0017215 0.0000000 0.0000000 0.0029355 0.0089018 0.0000000 0.0013844 0.0000000 0.0025442 0.8869574 0.0000000 0.0000000 0.0000000 0.0011942 0.0248980 0.0000000
178 L 178 0.0000000 0.0000000 0.0000000 0.0000000 0.0000000 0.0000000 0.0000000 0.0023587 0.0000000 0.4277702 0.5067732 0.0000000 0.0090872 0.0000000 0.0000000 0.0000000 0.0000000 0.0000000 0.0000000 0.0540107
179 V 179 0.0065271 0.0000000 0.0000000 0.0000000 0.0135478 0.0000000 0.0000000 0.0000000 0.0000000 0.1401857 0.0442023 0.0000000 0.0053024 0.0000000 0.0000000 0.0000000 0.1651468 0.0000000 0.0000000 0.6250878
180 K 180 0.0432859 0.0850070 0.1642518 0.0275046 0.0126292 0.0872689 0.0157672 0.1564731 0.0398117 0.0025491 0.0016377 0.0911280 0.0000000 0.0016548 0.0631846 0.0711744 0.1324240 0.0000000 0.0042481 0.0000000
181 L 181 0.0062240 0.0000000 0.0000000 0.0000000 0.0000000 0.0000000 0.0000000 0.0000000 0.0000000 0.0112378 0.8669935 0.0000000 0.1108815 0.0000000 0.0000000 0.0000000 0.0000000 0.0000000 0.0014333 0.0032300
182 E 182 0.0093842 0.0826656 0.0100047 0.0050003 0.0023624 0.0079353 0.0393304 0.0000000 0.2847341 0.0200831 0.0281495 0.2092773 0.0102370 0.0723863 0.0010516 0.0010273 0.0098104 0.1101479 0.0831124 0.0133002
183 F 183 0.0853239 0.0024266 0.0000000 0.0515104 0.0828820 0.0076711 0.0092923 0.1385436 0.0025648 0.0007829 0.0000000 0.0049866 0.0032370 0.1794554 0.0000000 0.1346823 0.0024026 0.0334975 0.2597044 0.0010364
184 S 184 0.1771591 0.0000000 0.0000000 0.0000000 0.1979150 0.0000000 0.0000000 0.0054396 0.0117531 0.0044260 0.0050348 0.0000000 0.0000000 0.0049668 0.0000000 0.3176674 0.1937414 0.0013215 0.0040105 0.0765647
185 F 185 0.0012253 0.0000000 0.0000000 0.0027232 0.0031033 0.0009199 0.0000000 0.0035914 0.0124398 0.0000000 0.0010355 0.0000000 0.0000000 0.8835060 0.0000000 0.0025501 0.0067632 0.0097149 0.0724275 0.0000000
186 K 186 0.0011686 0.0043484 0.0000000 0.0281774 0.0000000 0.8043920 0.0451576 0.0000000 0.0305460 0.0000000 0.0000000 0.0673427 0.0043113 0.0000000 0.0000000 0.0078795 0.0055548 0.0000000 0.0000000 0.0011218
187 D 187 0.0046850 0.0000000 0.0238541 0.3301901 0.0000000 0.0000000 0.0129756 0.0000000 0.0000000 0.0000000 0.0000000 0.0000000 0.0000000 0.0000000 0.0000000 0.0844906 0.5438046 0.0000000 0.0000000 0.0000000
188 N 188 0.0737904 0.0193217 0.0706930 0.0595932 0.0129216 0.0277657 0.1999390 0.0669718 0.0104973 0.0018674 0.0055961 0.1060045 0.0243140 0.0006388 0.1723837 0.0927159 0.0303510 0.0041153 0.0013602 0.0191595
189 S 189 0.0371169 0.0602676 0.0390389 0.1955642 0.0012120 0.0233215 0.1329600 0.0868163 0.0106379 0.0054923 0.0108080 0.0857599 0.0008191 0.0010043 0.0000000 0.1636759 0.1103576 0.0012682 0.0291350 0.0047444
190 N 190 0.0106255 0.2618706 0.1634362 0.0517216 0.0083485 0.0170173 0.0066277 0.0000000 0.0813132 0.0069946 0.0043634 0.2836662 0.0000000 0.0354827 0.0000000 0.0261318 0.0041315 0.0000000 0.0382692 0.0000000
191 L 191 0.0116818 0.0000000 0.0000000 0.0000000 0.0032696 0.0000000 0.0000000 0.0000000 0.0000000 0.0703865 0.7581061 0.0000000 0.0000000 0.0013483 0.0000000 0.0018369 0.0082435 0.0000000 0.0000000 0.1451273
192 Y 192 0.0000000 0.0000000 0.0000000 0.0000000 0.0587105 0.0000000 0.0000000 0.0000000 0.0135644 0.0019876 0.0046622 0.0000000 0.0000000 0.2004964 0.0000000 0.0000000 0.0000000 0.0000000 0.7177475 0.0028314
193 M 193 0.0039862 0.0000000 0.0000000 0.0000000 0.0000000 0.0000000 0.0000000 0.0000000 0.0000000 0.0199576 0.3366862 0.0000000 0.2471250 0.3807929 0.0000000 0.0000000 0.0000000 0.0000000 0.0068769 0.0045752
194 V 194 0.0086284 0.0000000 0.0000000 0.0000000 0.0052478 0.0000000 0.0000000 0.0045942 0.0000000 0.1443686 0.0598808 0.0000000 0.0018351 0.0000000 0.0000000 0.0000000 0.0000000 0.0000000 0.0000000 0.7754451
195 M 195 0.0000000 0.0000000 0.0069970 0.0000000 0.0000000 0.0050634 0.0146396 0.0000000 0.0000000 0.0351246 0.3464881 0.0000000 0.4868542 0.0152383 0.0000000 0.0048207 0.0841400 0.0000000 0.0000000 0.0006341
196 E 196 0.0506281 0.0011161 0.0079952 0.3885261 0.0000000 0.0088997 0.5089835 0.0000000 0.0000000 0.0016939 0.0016863 0.0000000 0.0000000 0.0000000 0.0090473 0.0214239 0.0000000 0.0000000 0.0000000 0.0000000
197 Y 197 0.0000000 0.0000000 0.0000000 0.0000000 0.0075988 0.0000000 0.0000000 0.0000000 0.0021983 0.0000000 0.0897954 0.0016852 0.0033579 0.3326648 0.0000000 0.0000000 0.0000000 0.0000000 0.5606129 0.0020865
198 V 198 0.0410777 0.0000000 0.0000000 0.0018975 0.0628255 0.0000000 0.0000000 0.0000000 0.0000000 0.1813052 0.1548470 0.0069607 0.0915338 0.0014005 0.0000000 0.0017689 0.0016978 0.0000000 0.0083248 0.4463607
199 A 199 0.0387998 0.0886660 0.3608334 0.0017844 0.0273315 0.0088449 0.0862739 0.0114519 0.0042175 0.0108004 0.0040817 0.0332956 0.0032426 0.0000000 0.1191381 0.1718120 0.0075721 0.0000000 0.0000000 0.0218544
200 G 200 0.0000000 0.0000000 0.0000000 0.0000000 0.0000000 0.0000000 0.0000000 1.0000000 0.0000000 0.0000000 0.0000000 0.0000000 0.0000000 0.0000000 0.0000000 0.0000000 0.0000000 0.0000000 0.0000000 0.0000000
201 G 201 0.0000000 0.0000000 0.0000000 0.0036966 0.0000000 0.0000000 0.0019007 0.9944027 0.0000000 0.0000000 0.0000000 0.0000000 0.0000000 0.0000000 0.0000000 0.0000000 0.0000000 0.0000000 0.0000000 0.0000000
202 E 202 0.0000000 0.0016971 0.0000000 0.3023828 0.0000000 0.0029613 0.6433466 0.0024323 0.0351411 0.0000000 0.0000000 0.0000000 0.0000000 0.0000000 0.0018165 0.0051895 0.0031354 0.0000000 0.0018975 0.0000000
203 M 203 0.0000000 0.0000000 0.0000000 0.0000000 0.0000000 0.0000000 0.0000000 0.0000000 0.0000000 0.0146503 0.9074685 0.0000000 0.0516706 0.0093276 0.0000000 0.0000000 0.0000000 0.0000000 0.0000000 0.0168830
204 F 204 0.0000000 0.0000000 0.0000000 0.0000000 0.0000000 0.0000000 0.0000000 0.0000000 0.0031470 0.0000000 0.0842889 0.0000000 0.2381678 0.6673190 0.0000000 0.0000000 0.0018540 0.0000000 0.0039184 0.0013049
205 S 205 0.0068750 0.0050894 0.0072717 0.0730780 0.0010763 0.0000000 0.0158414 0.0035565 0.0449849 0.0011466 0.0449736 0.0000000 0.0394904 0.2695701 0.0000000 0.2008853 0.1029397 0.0890219 0.0910332 0.0031657
206 H 206 0.0000000 0.1144295 0.0015742 0.0000000 0.0000000 0.1012523 0.0000000 0.0000000 0.5794258 0.0044041 0.0954816 0.0177784 0.0000000 0.0089892 0.0000000 0.0000000 0.0000000 0.0050063 0.0644984 0.0071603
207 L 207 0.0017849 0.0000000 0.0000000 0.0000000 0.0000000 0.0000000 0.0000000 0.0000000 0.0000000 0.2644719 0.6764274 0.0000000 0.0433321 0.0000000 0.0000000 0.0000000 0.0000000 0.0000000 0.0000000 0.0139837
208 R 208 0.0000000 0.2663813 0.0052267 0.0078093 0.0031922 0.4125758 0.0289140 0.0062681 0.0211132 0.0051692 0.0580033 0.0352104 0.0018289 0.0018307 0.0000000 0.0921738 0.0055948 0.0000000 0.0341733 0.0145351
209 R 209 0.0200500 0.3918091 0.0573126 0.0165970 0.0000000 0.0748060 0.0151702 0.0000000 0.0178273 0.0016916 0.0025474 0.3762818 0.0000000 0.0000000 0.0000000 0.0154383 0.0069041 0.0000000 0.0000000 0.0035646
210 I 210 0.1095811 0.0301023 0.0086293 0.0222130 0.0383346 0.1066085 0.3161369 0.0000000 0.0080244 0.0323557 0.0237277 0.0568786 0.0134256 0.0088894 0.0000000 0.1545806 0.0150904 0.0000000 0.0025894 0.0528324
211 G 211 0.0035806 0.2058070 0.0163041 0.0138962 0.0009258 0.1150571 0.0060954 0.4245695 0.0282507 0.0036339 0.0057079 0.1119587 0.0050239 0.0014446 0.0000000 0.0069549 0.0087458 0.0000000 0.0000000 0.0420438
212 R 212 0.0103530 0.4402369 0.0075291 0.0017037 0.0357556 0.0394669 0.0015262 0.0000000 0.0303572 0.0412300 0.0318490 0.1655989 0.0498609 0.0218428 0.0040127 0.0204081 0.0219290 0.0000000 0.0245077 0.0518326
213 F 213 0.0000000 0.0000000 0.0000000 0.0000000 0.0000000 0.0000000 0.0000000 0.0000000 0.0000000 0.0025064 0.0716545 0.0000000 0.0135460 0.9108265 0.0000000 0.0000000 0.0000000 0.0000000 0.0014667 0.0000000
214 S 214 0.0138009 0.0235152 0.0354240 0.1152790 0.0083821 0.0135498 0.0385800 0.0387051 0.0026247 0.0000000 0.0358336 0.0473467 0.0172404 0.0000000 0.2101264 0.2768690 0.1205293 0.0000000 0.0000000 0.0021937
215 E 215 0.0187708 0.0007193 0.1212259 0.0236302 0.0000000 0.0120944 0.6505698 0.0011948 0.0007746 0.0197521 0.0624491 0.0000000 0.0065360 0.0000000 0.0130428 0.0167136 0.0338305 0.0000000 0.0000000 0.0186961
216 P 216 0.0710159 0.0791884 0.0533831 0.1784348 0.0019567 0.0367736 0.1369719 0.0069514 0.0359148 0.0013332 0.0036104 0.0688820 0.0000000 0.0000000 0.2245703 0.0618414 0.0154536 0.0000000 0.0147440 0.0089746
217 H 217 0.0095859 0.4144568 0.0027100 0.0445576 0.0000000 0.0391479 0.0992233 0.0000000 0.0839301 0.0057317 0.0421296 0.0046394 0.0181769 0.0000000 0.0000000 0.0018817 0.0788969 0.0000000 0.0000000 0.1549322
218 A 218 0.7397513 0.0000000 0.0000000 0.0000000 0.0043364 0.0000000 0.0000000 0.0224451 0.0000000 0.0000000 0.0008162 0.0000000 0.0029338 0.0000000 0.0000000 0.1002034 0.0605171 0.0000000 0.0000000 0.0689967
219 R 219 0.0304934 0.4006985 0.0097025 0.0000000 0.0415168 0.0526211 0.0008430 0.0046376 0.0000000 0.0062939 0.0173565 0.3068090 0.0016927 0.0000000 0.0000000 0.0501437 0.0241862 0.0000000 0.0000000 0.0530050
220 F 220 0.0396879 0.0000000 0.0017159 0.0033287 0.0000000 0.0027524 0.0025662 0.0000000 0.0000000 0.0315497 0.0338442 0.0000000 0.0115784 0.8454935 0.0040472 0.0056344 0.0000000 0.0000000 0.0145242 0.0032774
221 Y 221 0.0010952 0.0000000 0.0010583 0.0000000 0.0000000 0.0000000 0.0000000 0.0000000 0.0000000 0.0276427 0.0051132 0.0000000 0.0000000 0.0239811 0.0000000 0.0000000 0.0016797 0.0000000 0.9055941 0.0338356
222 A 222 0.5243904 0.0000000 0.0000000 0.0000000 0.0073106 0.0000000 0.0000000 0.0502786 0.0082610 0.0888139 0.1139264 0.0000000 0.0341678 0.0000000 0.0011523 0.0614529 0.0867348 0.0000000 0.0000000 0.0235113
223 A 223 0.8102691 0.0192104 0.0000000 0.0000000 0.0309215 0.0109350 0.0000000 0.0206841 0.0093831 0.0009843 0.0023734 0.0060240 0.0000000 0.0063193 0.0000000 0.0686252 0.0142705 0.0000000 0.0000000 0.0000000
224 Q 224 0.0048188 0.0000000 0.0148362 0.0037144 0.0182271 0.0790837 0.8096814 0.0000000 0.0015797 0.0016420 0.0000000 0.0074828 0.0022849 0.0000000 0.0000000 0.0059240 0.0376567 0.0000000 0.0000000 0.0130683
225 I 225 0.0055492 0.0000000 0.0000000 0.0000000 0.0000000 0.0000000 0.0000000 0.0000000 0.0000000 0.4729292 0.2199135 0.0000000 0.0098580 0.0000000 0.0000000 0.0000000 0.0013103 0.0000000 0.0000000 0.2904398
226 V 226 0.1418704 0.0020409 0.0000000 0.0000000 0.0668330 0.0000000 0.0000000 0.0041015 0.0000000 0.1495488 0.1468105 0.0000000 0.0036836 0.0084644 0.0000000 0.0306545 0.1482583 0.0000000 0.0000000 0.2977342
227 L 227 0.0121073 0.0017717 0.0040469 0.0000000 0.1030951 0.0000000 0.0010074 0.0000000 0.0039936 0.0344220 0.5670079 0.0252232 0.0186329 0.0027739 0.0000000 0.1843517 0.0149039 0.0000000 0.0044433 0.0222192
228 T 228 0.7782339 0.0000000 0.0000000 0.0000000 0.0000000 0.0000000 0.0000000 0.1205264 0.0000000 0.0100999 0.0000000 0.0000000 0.0059753 0.0000000 0.0000000 0.0161700 0.0563287 0.0000000 0.0000000 0.0126658
229 F 229 0.0000000 0.0000000 0.0000000 0.0000000 0.0000000 0.0000000 0.0000000 0.0000000 0.0000000 0.1167907 0.6916895 0.0000000 0.0114419 0.0714580 0.0000000 0.0000000 0.0000000 0.0000000 0.0000000 0.1086199
230 E 230 0.0540100 0.0046723 0.0429960 0.0810864 0.0121391 0.1351078 0.3728316 0.1010288 0.0160790 0.0056376 0.0111973 0.0613967 0.0227775 0.0314419 0.0000000 0.0389315 0.0051513 0.0015294 0.0000000 0.0019858
231 Y 231 0.0040497 0.0000000 0.0032252 0.0000000 0.0349220 0.0000000 0.0030378 0.0000000 0.2399276 0.0000000 0.0000000 0.0000000 0.0000000 0.1677531 0.0000000 0.0093429 0.0083368 0.0000000 0.5294050 0.0000000
232 L 232 0.0000000 0.0000000 0.0000000 0.0000000 0.0000000 0.0000000 0.0000000 0.0000000 0.0000000 0.0085282 0.8933367 0.0000000 0.0261780 0.0628017 0.0000000 0.0009582 0.0000000 0.0000000 0.0000000 0.0081971
233 H 233 0.0000000 0.0000000 0.0000000 0.0000000 0.0000000 0.0052983 0.0000000 0.0000000 0.9947017 0.0000000 0.0000000 0.0000000 0.0000000 0.0000000 0.0000000 0.0000000 0.0000000 0.0000000 0.0000000 0.0000000
234 S 234 0.0598513 0.0274762 0.0435143 0.0782435 0.0077991 0.0392771 0.1700992 0.0499152 0.0190809 0.0000000 0.0121003 0.0920161 0.0024947 0.0018652 0.0000000 0.3572763 0.0266207 0.0000000 0.0095882 0.0027818
235 L 235 0.0067392 0.0681662 0.1739737 0.0000000 0.0110089 0.1121904 0.0110875 0.0014401 0.1152653 0.0133858 0.2085263 0.1788790 0.0197150 0.0402986 0.0000000 0.0125961 0.0017193 0.0000000 0.0168061 0.0082026
236 D 236 0.0032767 0.0048794 0.1887381 0.2034761 0.0006931 0.0297212 0.0211745 0.4647289 0.0278493 0.0000000 0.0000000 0.0327609 0.0016724 0.0000000 0.0000000 0.0135893 0.0065688 0.0000000 0.0008713 0.0000000
237 L 237 0.0000000 0.0000000 0.0000000 0.0000000 0.0000000 0.0000000 0.0000000 0.0000000 0.0000000 0.6644202 0.0409498 0.0000000 0.0017139 0.0048842 0.0000000 0.0000000 0.0010695 0.0000000 0.0013785 0.2855840
238 I 238 0.0326926 0.0000000 0.0000000 0.0000000 0.0011372 0.0000000 0.0000000 0.0000000 0.0000000 0.5427582 0.0096772 0.0000000 0.0250817 0.0000000 0.0000000 0.0000000 0.0000000 0.0000000 0.0000000 0.3886531
239 Y 239 0.0000000 0.0000000 0.0023398 0.0000000 0.0000000 0.0000000 0.0000000 0.0000000 0.1433978 0.0000000 0.0000000 0.0000000 0.0000000 0.0000000 0.0000000 0.0000000 0.0000000 0.0000000 0.8542623 0.0000000
240 R 240 0.0000000 0.9954700 0.0000000 0.0000000 0.0000000 0.0000000 0.0000000 0.0000000 0.0000000 0.0000000 0.0000000 0.0000000 0.0000000 0.0000000 0.0000000 0.0045300 0.0000000 0.0000000 0.0000000 0.0000000
241 D 241 0.0000000 0.0000000 0.0000000 1.0000000 0.0000000 0.0000000 0.0000000 0.0000000 0.0000000 0.0000000 0.0000000 0.0000000 0.0000000 0.0000000 0.0000000 0.0000000 0.0000000 0.0000000 0.0000000 0.0000000
242 L 242 0.0000000 0.0000000 0.0000000 0.0000000 0.0000000 0.0000000 0.0000000 0.0000000 0.0000000 0.0205197 0.9682618 0.0000000 0.0084033 0.0000000 0.0000000 0.0000000 0.0000000 0.0000000 0.0000000 0.0028152
243 K 243 0.0000000 0.0000000 0.0000000 0.0000000 0.0000000 0.0000000 0.0000000 0.0000000 0.0000000 0.0000000 0.0000000 0.9848510 0.0000000 0.0000000 0.0000000 0.0000000 0.0106191 0.0000000 0.0045300 0.0000000
244 P 244 0.0119666 0.0000000 0.0000000 0.0000000 0.0000000 0.0000000 0.0000000 0.0045300 0.0000000 0.0000000 0.2995399 0.0000000 0.0000000 0.0000000 0.6819384 0.0020252 0.0000000 0.0000000 0.0000000 0.0000000
245 E 245 0.0135375 0.0000000 0.0000000 0.2347459 0.0000000 0.0000000 0.6749781 0.0045300 0.0000000 0.0000000 0.0000000 0.0000000 0.0000000 0.0000000 0.0000000 0.0722085 0.0000000 0.0000000 0.0000000 0.0000000
246 N 246 0.0000000 0.0000000 0.9936691 0.0000000 0.0045300 0.0000000 0.0000000 0.0000000 0.0000000 0.0000000 0.0000000 0.0018010 0.0000000 0.0000000 0.0000000 0.0000000 0.0000000 0.0000000 0.0000000 0.0000000
247 L 247 0.0000000 0.0000000 0.0000000 0.0000000 0.0000000 0.0000000 0.0000000 0.0000000 0.0000000 0.6030031 0.2221711 0.0000000 0.0083821 0.0000000 0.0000000 0.0000000 0.0014629 0.0000000 0.0018010 0.1631799
248 L 248 0.0000000 0.0000000 0.0000000 0.0000000 0.0000000 0.0000000 0.0000000 0.0000000 0.0000000 0.0092534 0.8833895 0.0000000 0.0987843 0.0000000 0.0000000 0.0000000 0.0000000 0.0000000 0.0036560 0.0049168
249 I 249 0.0036998 0.0000000 0.0000000 0.0000000 0.0000000 0.0000000 0.0000000 0.0000000 0.0000000 0.1014975 0.7880643 0.0000000 0.0201085 0.0308190 0.0000000 0.0000000 0.0000000 0.0000000 0.0298717 0.0259392
250 D 250 0.0422341 0.0000000 0.0282115 0.8160301 0.0051205 0.0034495 0.0078076 0.0139568 0.0000000 0.0000000 0.0012837 0.0000000 0.0000000 0.0000000 0.0000000 0.0145052 0.0674009 0.0000000 0.0000000 0.0000000
251 Q 251 0.2201222 0.1025045 0.0189378 0.0385584 0.0096714 0.0377097 0.0584857 0.0174475 0.0447560 0.0095290 0.0484021 0.0979533 0.0077710 0.0085544 0.0106057 0.1401785 0.0455192 0.0000000 0.0683479 0.0149456
252 Q 252 0.0123165 0.0163755 0.1246950 0.2747034 0.0000000 0.1215886 0.2271351 0.0022843 0.0495175 0.0049004 0.0011180 0.0331216 0.0052441 0.0053534 0.0013193 0.0620856 0.0418961 0.0000000 0.0087519 0.0075935
253 G 253 0.0046248 0.0000000 0.0140155 0.0029757 0.0000000 0.0000000 0.0000000 0.9641328 0.0000000 0.0000000 0.0000000 0.0000000 0.0046188 0.0000000 0.0000000 0.0071274 0.0025051 0.0000000 0.0000000 0.0000000
254 Y 254 0.0070297 0.0016787 0.0465194 0.0000000 0.0000000 0.0000000 0.0101310 0.0000000 0.7766758 0.0000000 0.0044527 0.0000000 0.0000000 0.0281225 0.0000000 0.0242135 0.0029330 0.0000000 0.0982437 0.0000000
255 I 255 0.0220094 0.0000000 0.0000000 0.0000000 0.0383093 0.0000000 0.0000000 0.0000000 0.0000000 0.5854742 0.1592566 0.0000000 0.0000000 0.0000000 0.0000000 0.0020817 0.0048807 0.0000000 0.0000000 0.1879881
256 Q 256 0.1389796 0.1146452 0.0017647 0.0000000 0.0155944 0.0145672 0.0006561 0.0000000 0.0000000 0.0080064 0.0032744 0.6008983 0.0291933 0.0000000 0.0000000 0.0064174 0.0037682 0.0000000 0.0000000 0.0622347
257 V 257 0.0000000 0.0000000 0.0000000 0.0000000 0.0000000 0.0000000 0.0000000 0.0000000 0.0000000 0.4128218 0.4986822 0.0000000 0.0106711 0.0000000 0.0000000 0.0000000 0.0000000 0.0000000 0.0000000 0.0778249
258 T 258 0.2290878 0.0000000 0.0000000 0.0000000 0.1840409 0.0000000 0.0000000 0.0134412 0.0000000 0.0142661 0.0000000 0.0000000 0.0000000 0.0000000 0.0007985 0.0025260 0.5250939 0.0000000 0.0000000 0.0307457
259 D 259 0.0000000 0.0000000 0.0000000 1.0000000 0.0000000 0.0000000 0.0000000 0.0000000 0.0000000 0.0000000 0.0000000 0.0000000 0.0000000 0.0000000 0.0000000 0.0000000 0.0000000 0.0000000 0.0000000 0.0000000
260 F 260 0.0000000 0.0000000 0.0000000 0.0000000 0.0000000 0.0000000 0.0000000 0.0000000 0.0011949 0.0000000 0.0193108 0.0000000 0.0029185 0.8780049 0.0000000 0.0000000 0.0000000 0.0000000 0.0985709 0.0000000
261 G 261 0.0000000 0.0000000 0.0000000 0.0000000 0.0000000 0.0000000 0.0000000 1.0000000 0.0000000 0.0000000 0.0000000 0.0000000 0.0000000 0.0000000 0.0000000 0.0000000 0.0000000 0.0000000 0.0000000 0.0000000
262 F 262 0.0000000 0.0000000 0.0000000 0.0000000 0.0000000 0.0000000 0.0000000 0.0000000 0.0000000 0.0039870 0.4949471 0.0000000 0.1542134 0.3468526 0.0000000 0.0000000 0.0000000 0.0000000 0.0000000 0.0000000
263 A 263 0.3868222 0.0000000 0.0000000 0.0000000 0.4421123 0.0000000 0.0000000 0.0011441 0.0000000 0.0000000 0.0000000 0.0000000 0.0000000 0.0000000 0.0000000 0.1639986 0.0039568 0.0000000 0.0000000 0.0019659
264 K 264 0.0000000 0.0043758 0.0000000 0.0000000 0.0000000 0.0000000 0.0000000 0.0000000 0.0031062 0.0000000 0.0000000 0.9925180 0.0000000 0.0000000 0.0000000 0.0000000 0.0000000 0.0000000 0.0000000 0.0000000
265 R 265 0.0357964 0.0711823 0.0098050 0.0284404 0.0000000 0.1166468 0.4955083 0.0030017 0.0059387 0.0145257 0.0412442 0.0994705 0.0062974 0.0013447 0.0119954 0.0051667 0.0041046 0.0000000 0.0294481 0.0200830
266 V 266 0.0166395 0.0008376 0.1914012 0.1442439 0.0076481 0.0000000 0.0264782 0.1714626 0.0158626 0.0272583 0.0898030 0.0046863 0.0019693 0.0310666 0.0130179 0.0317544 0.0015249 0.0000000 0.0096724 0.2146730
267 K 267 0.0103430 0.0289053 0.1548332 0.1050629 0.0000000 0.0101658 0.0816252 0.1255029 0.0038532 0.0819866 0.0038156 0.0623144 0.1586606 0.0034697 0.0842790 0.0241962 0.0175013 0.0000000 0.0013038 0.0421814
268 G 268 0.0490643 0.0066925 0.0571330 0.3722150 0.0101137 0.0301917 0.0681267 0.1782522 0.0064190 0.0071271 0.0008141 0.0329436 0.0054821 0.0042723 0.0024124 0.0829811 0.0629629 0.0000000 0.0031230 0.0196733
269 R 269 0.0056444 0.2247326 0.0309363 0.0050493 0.0000000 0.0175466 0.0189074 0.0361019 0.0053816 0.0469423 0.0853318 0.1332729 0.0212012 0.0031165 0.0000000 0.0217702 0.2791897 0.0000000 0.0008859 0.0639894
270 T 270 0.0875136 0.0000000 0.0056573 0.0000000 0.0037831 0.0000000 0.0000000 0.0000000 0.0000000 0.0000000 0.0874539 0.0000000 0.0166737 0.0000000 0.0000000 0.0153576 0.7835610 0.0000000 0.0000000 0.0000000
271 W 271 0.0158976 0.0295840 0.1647510 0.0171513 0.0050777 0.0118772 0.0013165 0.0306188 0.0406062 0.0009956 0.0036755 0.0840143 0.0785882 0.0274245 0.0000000 0.1550011 0.0496359 0.1842123 0.0981076 0.0014648
272 T 272 0.0000000 0.0000000 0.0000000 0.0000000 0.0000000 0.0000000 0.0000000 0.0000000 0.0000000 0.0000000 0.0012753 0.0000000 0.0000000 0.0000000 0.0000000 0.1031589 0.8955658 0.0000000 0.0000000 0.0000000
273 L 273 0.0000000 0.0010959 0.0000000 0.0000000 0.0000000 0.0000000 0.0000000 0.0000000 0.0000000 0.0046201 0.2621539 0.0000000 0.0302486 0.5950293 0.0959425 0.0000000 0.0036796 0.0000000 0.0015439 0.0056863
274 C 274 0.0013273 0.0000000 0.0000000 0.0000000 0.9909818 0.0000000 0.0000000 0.0036796 0.0000000 0.0015668 0.0000000 0.0000000 0.0000000 0.0000000 0.0000000 0.0000000 0.0000000 0.0000000 0.0000000 0.0024446
275 G 275 0.0000000 0.0000000 0.0000000 0.0000000 0.0000000 0.0000000 0.0000000 0.9003780 0.0000000 0.0000000 0.0000000 0.0000000 0.0000000 0.0100872 0.0000000 0.0000000 0.0036796 0.0000000 0.0858553 0.0000000
276 T 276 0.0000000 0.0000000 0.0019886 0.0000000 0.0000000 0.0000000 0.0000000 0.0000000 0.0000000 0.0000000 0.0000000 0.0000000 0.0000000 0.0036796 0.0010057 0.0000000 0.9933262 0.0000000 0.0000000 0.0000000
277 P 277 0.0935951 0.0000000 0.0000000 0.0000000 0.0000000 0.0000000 0.0000000 0.0000000 0.0025064 0.0518819 0.0175700 0.0000000 0.0075554 0.0000000 0.7137139 0.0012590 0.0616720 0.0000000 0.0000000 0.0502464
278 E 278 0.0000000 0.0000000 0.1000775 0.2442180 0.0000000 0.0189222 0.6210307 0.0015276 0.0073745 0.0000000 0.0031888 0.0000000 0.0000000 0.0000000 0.0000000 0.0000000 0.0036607 0.0000000 0.0000000 0.0000000
279 Y 279 0.0000000 0.0000000 0.0000000 0.0000000 0.0032942 0.0000000 0.0000000 0.0000000 0.0000000 0.0000000 0.0025950 0.0000000 0.0000000 0.1615581 0.0000000 0.0000000 0.0000000 0.0000000 0.8325527 0.0000000
280 L 280 0.0100872 0.0000000 0.0000000 0.0000000 0.0000000 0.0000000 0.0000000 0.0000000 0.0000000 0.2236614 0.4815333 0.0000000 0.2007216 0.0000000 0.0000000 0.0000000 0.0000000 0.0000000 0.0000000 0.0839965
281 A 281 0.9791965 0.0000000 0.0000000 0.0000000 0.0000000 0.0000000 0.0000000 0.0011253 0.0000000 0.0000000 0.0000000 0.0000000 0.0000000 0.0000000 0.0074216 0.0122566 0.0000000 0.0000000 0.0000000 0.0000000
282 P 282 0.0000000 0.0000000 0.0000000 0.0000000 0.0000000 0.0000000 0.0000000 0.0000000 0.0000000 0.0000000 0.0000000 0.0000000 0.0000000 0.0000000 1.0000000 0.0000000 0.0000000 0.0000000 0.0000000 0.0000000
283 E 283 0.0000000 0.0000000 0.0000000 0.0046812 0.0000000 0.0000000 0.9932829 0.0020359 0.0000000 0.0000000 0.0000000 0.0000000 0.0000000 0.0000000 0.0000000 0.0000000 0.0000000 0.0000000 0.0000000 0.0000000
284 I 284 0.0000000 0.0000000 0.0000000 0.0000000 0.0000000 0.0000000 0.0000000 0.0000000 0.0000000 0.5011724 0.0851303 0.0000000 0.0105420 0.0000000 0.0000000 0.0025032 0.0000000 0.0000000 0.0000000 0.4006521
285 I 285 0.0015162 0.0000000 0.0013764 0.0000000 0.0000000 0.0000000 0.0000000 0.0000000 0.0000000 0.2773736 0.5703190 0.0000000 0.0000000 0.0071007 0.0000000 0.0000000 0.0000000 0.0000000 0.0000000 0.1423142
286 L 286 0.0492678 0.1023403 0.0575468 0.0092930 0.0034447 0.1689368 0.0529711 0.0024019 0.0166544 0.0028823 0.2599757 0.1103096 0.0274328 0.0000000 0.0013764 0.0641216 0.0670456 0.0000000 0.0000000 0.0039994
287 S 287 0.0086638 0.1508142 0.0583244 0.1210952 0.0052928 0.0187832 0.1094022 0.1798919 0.0126767 0.0000000 0.0032633 0.0783976 0.0000000 0.0000000 0.0000000 0.1733349 0.0357982 0.0000000 0.0381075 0.0061541
288 K 288 0.0151846 0.0435271 0.0549688 0.0070833 0.0030965 0.2730222 0.1038378 0.0026582 0.0168160 0.0073708 0.0433141 0.3209292 0.0155194 0.0014369 0.0000000 0.0517708 0.0282962 0.0000000 0.0000000 0.0111682
289 G 289 0.0106013 0.0204839 0.0069156 0.0749522 0.0000000 0.0117636 0.0411138 0.5942133 0.0014036 0.0000000 0.0112262 0.0625876 0.0000000 0.0000000 0.1414311 0.0179644 0.0000000 0.0000000 0.0000000 0.0053435
290 Y 290 0.0000000 0.0000000 0.0000000 0.0000000 0.0000000 0.0000000 0.0000000 0.0000000 0.2538185 0.0000000 0.0000000 0.0000000 0.0000000 0.0000000 0.0000000 0.0000000 0.0000000 0.0000000 0.7461815 0.0000000
291 N 291 0.0046309 0.0000000 0.1893273 0.1962698 0.0000000 0.0017770 0.0000000 0.4018416 0.0000000 0.0000000 0.0000000 0.0000000 0.0000000 0.0000000 0.0000000 0.0542493 0.1519042 0.0000000 0.0000000 0.0000000
292 K 292 0.0719352 0.2096042 0.0074398 0.0000000 0.0048043 0.0242051 0.0154468 0.0007441 0.0132104 0.0008535 0.0249409 0.4746838 0.0225904 0.0629245 0.0282359 0.0060310 0.0179264 0.0000000 0.0079262 0.0064974
293 A 293 0.4809005 0.0010720 0.0005946 0.0052406 0.0091233 0.0027582 0.0051266 0.0176575 0.0005720 0.0026397 0.0032656 0.0015278 0.0541491 0.0000000 0.0193324 0.3209546 0.0586536 0.0000000 0.0000000 0.0164320
294 V 294 0.0889262 0.0000000 0.0000000 0.0000000 0.0947972 0.0000000 0.0000000 0.0000000 0.0000000 0.0144378 0.0000000 0.0000000 0.0000000 0.0000000 0.0000000 0.0000000 0.0000000 0.0000000 0.0000000 0.8018388
295 D 295 0.0000000 0.0000000 0.0000000 0.9975876 0.0000000 0.0000000 0.0000000 0.0000000 0.0024124 0.0000000 0.0000000 0.0000000 0.0000000 0.0000000 0.0000000 0.0000000 0.0000000 0.0000000 0.0000000 0.0000000
296 W 296 0.0000000 0.0000000 0.0000000 0.0000000 0.0007916 0.0000000 0.0000000 0.0000000 0.0000000 0.0721776 0.0100930 0.0000000 0.0000000 0.0693651 0.0000000 0.0000000 0.0000000 0.8268229 0.0077628 0.0129869
297 W 297 0.0000000 0.0000000 0.0000000 0.0000000 0.0000000 0.0000000 0.0000000 0.0000000 0.0000000 0.0000000 0.0000000 0.0000000 0.0000000 0.0000000 0.0000000 0.0000000 0.0000000 0.9867109 0.0132891 0.0000000
298 A 298 0.3148798 0.0000000 0.0056584 0.0000000 0.0430748 0.0000000 0.0000000 0.0692756 0.0000000 0.0000000 0.0000000 0.0000000 0.0000000 0.0000000 0.0000000 0.4745206 0.0925907 0.0000000 0.0000000 0.0000000
299 L 299 0.0000000 0.0000000 0.0000000 0.0000000 0.0048223 0.0000000 0.0000000 0.0000000 0.0000000 0.0023123 0.6898573 0.0000000 0.0177733 0.1888650 0.0000000 0.0000000 0.0148774 0.0000000 0.0330442 0.0484482
300 G 300 0.0000000 0.0000000 0.0000000 0.0000000 0.0000000 0.0000000 0.0000000 1.0000000 0.0000000 0.0000000 0.0000000 0.0000000 0.0000000 0.0000000 0.0000000 0.0000000 0.0000000 0.0000000 0.0000000 0.0000000
301 V 301 0.0685835 0.0000000 0.0000000 0.0000000 0.0037788 0.0000000 0.0000000 0.0000000 0.0000000 0.2244962 0.0000000 0.0000000 0.0092835 0.0000000 0.0000000 0.0145289 0.0420256 0.0000000 0.0000000 0.6373035
302 L 302 0.0000000 0.0000000 0.0000000 0.0000000 0.0009768 0.0000000 0.0000000 0.0000000 0.0000000 0.0185423 0.8772783 0.0000000 0.0036853 0.0020391 0.0000000 0.0000000 0.0000000 0.0000000 0.0011893 0.0962889
303 I 303 0.0067031 0.0000000 0.0000000 0.0000000 0.0045106 0.0000000 0.0000000 0.0031264 0.0000000 0.2939541 0.4190478 0.0000000 0.1761429 0.0033371 0.0000000 0.0027322 0.0238166 0.0000000 0.0000000 0.0666292
304 Y 304 0.0000000 0.0000000 0.0000000 0.0000000 0.0000000 0.0000000 0.0000000 0.0000000 0.0126478 0.0000000 0.0000000 0.0000000 0.0000000 0.2974174 0.0000000 0.0000000 0.0000000 0.0000000 0.6899348 0.0000000
305 E 305 0.0000000 0.0015206 0.0000000 0.0358732 0.0000000 0.0512269 0.8144547 0.0000000 0.0000000 0.0253708 0.0000000 0.0000000 0.0000000 0.0000000 0.0000000 0.0000000 0.0686114 0.0000000 0.0029423 0.0000000
306 M 306 0.0000000 0.0000000 0.0000000 0.0000000 0.0000000 0.0000000 0.0000000 0.0000000 0.0000000 0.0016442 0.0193996 0.0000000 0.9590928 0.0173993 0.0000000 0.0000000 0.0000000 0.0000000 0.0000000 0.0024641
307 A 307 0.0322594 0.0000000 0.0041105 0.0012840 0.0585344 0.0000000 0.0000000 0.0000000 0.0017897 0.0396705 0.7226070 0.0000000 0.1104954 0.0000000 0.0000000 0.0000000 0.0068777 0.0000000 0.0000000 0.0223714
308 A 308 0.2785029 0.0000000 0.0021034 0.0037160 0.1475637 0.0009318 0.0014539 0.0000000 0.0062886 0.0287677 0.0729444 0.0000000 0.0000000 0.0106742 0.0000000 0.0740484 0.2463221 0.0000000 0.0264325 0.1002504
309 G 309 0.0000000 0.0000000 0.0000000 0.0000000 0.0132356 0.0291320 0.0000000 0.9509493 0.0000000 0.0000000 0.0000000 0.0000000 0.0000000 0.0000000 0.0000000 0.0040796 0.0026035 0.0000000 0.0000000 0.0000000
310 Y 310 0.0285765 0.1106542 0.0110325 0.0065023 0.0070936 0.2047896 0.0219935 0.0053803 0.0423710 0.0048084 0.1566091 0.0393155 0.0075103 0.0669519 0.0000000 0.0198903 0.0121830 0.0664763 0.1819056 0.0059563
311 P 311 0.0334311 0.0000000 0.0000000 0.0012888 0.0061966 0.0000000 0.0000000 0.0000000 0.0000000 0.0019591 0.0868320 0.0000000 0.0000000 0.0000000 0.4820798 0.2231125 0.1543108 0.0000000 0.0000000 0.0107894
312 P 312 0.0043399 0.0000000 0.0000000 0.0000000 0.0000000 0.0000000 0.0000000 0.0000000 0.0000000 0.0000000 0.0000000 0.0000000 0.0000000 0.0000000 0.9956601 0.0000000 0.0000000 0.0000000 0.0000000 0.0000000
313 F 313 0.0000000 0.0000000 0.0000000 0.0000000 0.0000000 0.0000000 0.0000000 0.0000000 0.0000000 0.0000000 0.0000000 0.0000000 0.0000000 0.9675620 0.0000000 0.0000000 0.0000000 0.0074743 0.0228655 0.0020982
314 F 314 0.0332762 0.0492969 0.0059341 0.0690189 0.0106121 0.0427138 0.0548399 0.0000000 0.0378752 0.0077591 0.0061156 0.0180739 0.0039755 0.1040160 0.0691361 0.0208023 0.0456933 0.0450085 0.3578856 0.0179668
315 A 315 0.1805827 0.0000000 0.0883438 0.2835379 0.0126769 0.0084500 0.0040133 0.2609909 0.0172708 0.0000000 0.0011104 0.0000000 0.0027001 0.0000000 0.0000000 0.1156231 0.0199969 0.0000000 0.0000000 0.0047033
316 D 316 0.0181620 0.0828483 0.0187312 0.3174651 0.0067992 0.0690607 0.3054027 0.0273208 0.0082078 0.0027554 0.0014715 0.0490563 0.0000000 0.0000000 0.0179699 0.0607932 0.0104346 0.0000000 0.0000000 0.0035214
317 Q 317 0.0000000 0.0000000 0.3315154 0.3877397 0.0000000 0.0510635 0.0119393 0.0015841 0.0051936 0.0000000 0.0000000 0.0000000 0.0000000 0.0000000 0.0000000 0.1048435 0.1020471 0.0000000 0.0000000 0.0040739
318 P 318 0.0178270 0.1482924 0.0164966 0.0038363 0.0049668 0.0143729 0.2110957 0.0019938 0.0634679 0.0123773 0.0000000 0.0139435 0.0082185 0.0000000 0.2948959 0.0047037 0.1280487 0.0000000 0.0020151 0.0534481
319 I 319 0.0375442 0.0127018 0.0814461 0.2504280 0.0014201 0.0978627 0.1314367 0.0041366 0.0147024 0.0490322 0.0256770 0.0635319 0.0968706 0.0621604 0.0159039 0.0264954 0.0110083 0.0000000 0.0028989 0.0147431
320 Q 320 0.0204658 0.0572635 0.0058205 0.0745587 0.0000000 0.1320400 0.3282234 0.0618888 0.0011392 0.0080039 0.0103002 0.2236209 0.0149152 0.0000000 0.0000000 0.0072710 0.0147142 0.0000000 0.0040957 0.0356790
321 I 321 0.0000000 0.0000000 0.0031128 0.0000000 0.0000000 0.0023827 0.0000000 0.0000000 0.0000000 0.3375338 0.2834198 0.0000000 0.2197656 0.0000000 0.0000000 0.0020928 0.1170815 0.0000000 0.0000000 0.0346110
322 Y 322 0.0000000 0.0000000 0.0000000 0.0000000 0.0048385 0.0379243 0.0000000 0.0000000 0.0000000 0.0303423 0.0846238 0.0000000 0.0493196 0.2974957 0.0000000 0.0058134 0.0020346 0.0000000 0.4868953 0.0007124
323 E 323 0.0409734 0.0623128 0.0699818 0.1461041 0.0000000 0.1735484 0.3394279 0.0022853 0.0145926 0.0000000 0.0080891 0.0899912 0.0046677 0.0000000 0.0000000 0.0057464 0.0355332 0.0067460 0.0000000 0.0000000
324 K 324 0.1061296 0.1223510 0.1660384 0.0000000 0.0042748 0.0346441 0.0030818 0.0036751 0.0019731 0.0055621 0.0570840 0.3445466 0.0141832 0.0000000 0.0000000 0.1063624 0.0023604 0.0000000 0.0019750 0.0257584
325 I 325 0.0000000 0.0014204 0.0000000 0.0000000 0.0000000 0.0000000 0.0000000 0.0000000 0.0000000 0.9666683 0.0056617 0.0000000 0.0044122 0.0000000 0.0000000 0.0000000 0.0000000 0.0000000 0.0000000 0.0218374
326 V 326 0.0559681 0.0380027 0.0000000 0.0000000 0.0177473 0.0055063 0.0128500 0.0724656 0.0000000 0.0490998 0.5628927 0.0167497 0.0380249 0.0000000 0.0011413 0.0091402 0.0191847 0.0000000 0.0000000 0.1012267
327 S 327 0.0975125 0.0509897 0.1218278 0.0208041 0.0046411 0.0594600 0.1110885 0.0117242 0.0782826 0.0006022 0.0050096 0.1523349 0.0336650 0.0635097 0.0012991 0.1201762 0.0404645 0.0000000 0.0117159 0.0148925
328 G 328 0.0838139 0.0049712 0.0160806 0.2056190 0.0348420 0.0184531 0.0918611 0.3968963 0.0285925 0.0000000 0.0031128 0.0731905 0.0000000 0.0000000 0.0000000 0.0368343 0.0057326 0.0000000 0.0000000 0.0000000
329 K 329 0.0037416 0.0673184 0.0539431 0.0839328 0.0009988 0.0278751 0.1585641 0.0000000 0.0146346 0.0020932 0.0000000 0.3798875 0.0017849 0.0000000 0.1445825 0.0118907 0.0393900 0.0000000 0.0048767 0.0044861
330 V 330 0.0028002 0.0000000 0.0000000 0.0000000 0.0000000 0.0000000 0.0000000 0.0025313 0.0000000 0.2099132 0.2987993 0.0000000 0.0040705 0.0469265 0.1011834 0.0000000 0.0000000 0.0000000 0.0130282 0.3207474
331 R 331 0.0291069 0.2363499 0.0325516 0.0541939 0.0008591 0.0318629 0.0321315 0.0333085 0.0479262 0.0160977 0.0972374 0.1860200 0.0034638 0.0114227 0.0096423 0.0825009 0.0455030 0.0012877 0.0063781 0.0421558
332 F 332 0.0000000 0.0011809 0.0000000 0.0000000 0.0011466 0.0000000 0.0000000 0.0000000 0.0000000 0.0591723 0.1382911 0.0013904 0.0582510 0.3962528 0.0000000 0.0000000 0.0013398 0.0371580 0.2984164 0.0074007
333 P 333 0.0069928 0.0164535 0.0029220 0.0000000 0.0000000 0.0008406 0.0203913 0.0074191 0.0041762 0.0016643 0.0000000 0.0273261 0.0000000 0.0000000 0.8552236 0.0344522 0.0203984 0.0017398 0.0000000 0.0000000
334 S 334 0.0648484 0.2021483 0.0252371 0.0537233 0.0000000 0.0530273 0.0343225 0.0344921 0.0138790 0.0667905 0.0040494 0.0927453 0.0029750 0.0009093 0.1082786 0.1591911 0.0369494 0.0000000 0.0000000 0.0464335
335 H 335 0.0143643 0.0133468 0.0790507 0.0648705 0.0024327 0.0081855 0.0334623 0.0810738 0.1495657 0.0064750 0.0022926 0.0065978 0.0051088 0.1380016 0.0000000 0.1128840 0.0368826 0.1010272 0.1372092 0.0071689
336 F 336 0.0075369 0.0026401 0.0000000 0.0000000 0.0000000 0.0009314 0.0000000 0.0000000 0.0000000 0.1476568 0.3980386 0.0041773 0.1394183 0.1645940 0.0000000 0.0000000 0.0013339 0.0000000 0.0000000 0.1336728
337 S 337 0.0180684 0.0029479 0.0237434 0.1150907 0.0000000 0.0046017 0.0149554 0.0248855 0.0412689 0.0016475 0.0023290 0.0033028 0.0000000 0.0016924 0.0908008 0.5462280 0.1035329 0.0000000 0.0000000 0.0049046
338 S 338 0.0779982 0.0849900 0.0358199 0.0405855 0.0016107 0.0477893 0.0592659 0.0216659 0.0051176 0.0021943 0.0268469 0.1001313 0.0053904 0.0083184 0.2583554 0.1163798 0.0551437 0.0000000 0.0050069 0.0473897
339 D 339 0.0787263 0.0179981 0.0328119 0.2872616 0.0000000 0.0188753 0.3649027 0.0105472 0.0103396 0.0127333 0.0157285 0.0371898 0.0048781 0.0000000 0.0202631 0.0316392 0.0192768 0.0000000 0.0180528 0.0187759
340 L 340 0.6859086 0.0000000 0.0000000 0.0000000 0.0173345 0.0000000 0.0022477 0.0701571 0.0000000 0.0172860 0.0411944 0.0000000 0.0000000 0.0000000 0.0000000 0.0834553 0.0143711 0.0000000 0.0000000 0.0680453
341 K 341 0.0324729 0.2004562 0.0097929 0.0000000 0.0136510 0.1041324 0.0042675 0.0010866 0.0309311 0.0359563 0.0112937 0.3595153 0.0064791 0.0000000 0.0000000 0.0131383 0.0178127 0.0066404 0.0013931 0.1509805
342 D 342 0.0451782 0.0050690 0.0785753 0.4490711 0.0000000 0.0132114 0.0324118 0.0169987 0.0199879 0.0000000 0.0167028 0.0027544 0.0059435 0.0014708 0.0000000 0.2998176 0.0103735 0.0000000 0.0024340 0.0000000
343 L 343 0.0030532 0.0000000 0.0000000 0.0000000 0.0074536 0.0000000 0.0000000 0.0000000 0.0000000 0.2060731 0.6461013 0.0000000 0.0050379 0.0681618 0.0000000 0.0000000 0.0000000 0.0027750 0.0016009 0.0597434
344 L 344 0.0000000 0.0000000 0.0000000 0.0000000 0.0411257 0.0000000 0.0000000 0.0000000 0.0000000 0.1710145 0.6024795 0.0000000 0.0221927 0.0043625 0.0000000 0.0000000 0.0000000 0.0000000 0.0000000 0.1588250
345 R 345 0.0165353 0.1668704 0.0095333 0.0052211 0.0000000 0.1262676 0.0672261 0.0102315 0.0032720 0.0222648 0.0073527 0.3553046 0.0049487 0.0000000 0.0000000 0.1263541 0.0615946 0.0000000 0.0010795 0.0159435
346 N 346 0.0780116 0.1206365 0.0490412 0.0045314 0.0012138 0.0467002 0.0063146 0.3572311 0.0210886 0.0000000 0.0125986 0.2553527 0.0087904 0.0000000 0.0020481 0.0276118 0.0011320 0.0025412 0.0000000 0.0051560
347 L 347 0.0000000 0.0000000 0.0000000 0.0000000 0.0000000 0.0000000 0.0000000 0.0000000 0.0000000 0.0060945 0.8132611 0.0000000 0.0755310 0.1023105 0.0000000 0.0000000 0.0000000 0.0000000 0.0028030 0.0000000
348 L 348 0.0000000 0.0000000 0.0000000 0.0000000 0.0105544 0.0000000 0.0000000 0.0000000 0.0000000 0.0781670 0.7892201 0.0000000 0.0555331 0.0647600 0.0000000 0.0000000 0.0000000 0.0000000 0.0000000 0.0017653
349 Q 349 0.0051250 0.0215461 0.1256150 0.0338086 0.0101685 0.1370866 0.0659390 0.0000000 0.0932015 0.0179308 0.0006101 0.0903872 0.0102303 0.0006641 0.0000000 0.0165975 0.2987873 0.0000000 0.0000000 0.0723024
350 V 350 0.0680434 0.3666904 0.0081470 0.0006059 0.0000000 0.0051274 0.0022735 0.0038668 0.0050960 0.0286896 0.0105534 0.3070968 0.0037114 0.0000000 0.0374137 0.0118968 0.0284049 0.0000000 0.0000000 0.1123832
351 D 351 0.0091158 0.0000000 0.2213357 0.5965903 0.0012486 0.0127615 0.0792899 0.0006678 0.0314299 0.0014565 0.0012281 0.0136981 0.0000000 0.0000000 0.0022992 0.0096199 0.0045971 0.0000000 0.0000000 0.0146617
352 L 352 0.0297961 0.0781611 0.0000000 0.0000000 0.0013249 0.0101232 0.0050119 0.0073938 0.0103147 0.0092329 0.1605528 0.0026040 0.0000000 0.0000000 0.6331531 0.0086085 0.0041697 0.0000000 0.0020969 0.0374564
353 T 353 0.1224359 0.0210197 0.0627528 0.0327065 0.0024893 0.0405716 0.0991498 0.0182239 0.0465538 0.0023294 0.0160696 0.1033509 0.0027988 0.0039304 0.0082751 0.1650195 0.2386434 0.0000000 0.0030430 0.0106369
354 K 354 0.0069538 0.1870024 0.0600702 0.0139123 0.0049518 0.1088073 0.0577225 0.0064078 0.0665561 0.0012917 0.0299532 0.3979348 0.0114916 0.0013915 0.0000000 0.0176959 0.0171009 0.0000000 0.0041037 0.0066526
355 R 355 0.0000000 1.0000000 0.0000000 0.0000000 0.0000000 0.0000000 0.0000000 0.0000000 0.0000000 0.0000000 0.0000000 0.0000000 0.0000000 0.0000000 0.0000000 0.0000000 0.0000000 0.0000000 0.0000000 0.0000000
356 F 356 0.0000000 0.0000000 0.0000000 0.0000000 0.0000000 0.0000000 0.0000000 0.0000000 0.0000000 0.0144857 0.8585530 0.0000000 0.0018009 0.0427149 0.0000000 0.0000000 0.0024497 0.0000000 0.0695707 0.0104251
357 G 357 0.0015671 0.0000000 0.0000000 0.0000000 0.0000000 0.0000000 0.0000000 0.9879245 0.0000000 0.0000000 0.0000000 0.0000000 0.0000000 0.0000000 0.0000000 0.0025702 0.0079382 0.0000000 0.0000000 0.0000000
358 N 358 0.2062011 0.0010163 0.2588908 0.0000000 0.1519591 0.0000000 0.0000000 0.0688050 0.0067517 0.0060669 0.0000000 0.0000000 0.0000000 0.0046118 0.0000000 0.2177362 0.0246016 0.0000000 0.0203016 0.0330579
359 L 359 0.0175763 0.0136059 0.0082939 0.0102772 0.0025945 0.0080645 0.0000000 0.3907613 0.0192368 0.0361084 0.2696146 0.0103994 0.0593531 0.0000000 0.0068411 0.0442768 0.0674367 0.0000000 0.0000000 0.0355593
360 K 360 0.0312126 0.0625488 0.0102444 0.0283890 0.0000000 0.0872366 0.0550631 0.0292199 0.0348855 0.0189744 0.0157159 0.2255753 0.0061777 0.0037544 0.3135426 0.0415712 0.0064707 0.0000000 0.0149371 0.0144805
361 N 361 0.0340087 0.0688736 0.2696241 0.1420706 0.0103566 0.0168438 0.0665926 0.1709790 0.0141244 0.0000000 0.0070802 0.0362988 0.0043745 0.0000000 0.0234642 0.0366490 0.0963936 0.0000000 0.0022663 0.0000000
362 G 362 0.0169079 0.0000000 0.0000000 0.3397885 0.0008152 0.0040044 0.0042160 0.5511780 0.0000000 0.0000000 0.0000000 0.0028948 0.0019032 0.0000000 0.0014998 0.0189906 0.0578015 0.0000000 0.0000000 0.0000000
363 V 363 0.4355778 0.0017115 0.0015016 0.0042466 0.0034242 0.0010699 0.0737988 0.0294846 0.0020720 0.0212750 0.0114856 0.0016377 0.0073679 0.0689160 0.0355196 0.1316395 0.0246823 0.0000000 0.0112251 0.1333644
364 N 364 0.1191130 0.0800104 0.0600085 0.0859928 0.0024241 0.1169272 0.2443327 0.0394529 0.0117082 0.0029953 0.0485650 0.0891290 0.0212861 0.0000000 0.0048909 0.0445817 0.0144698 0.0000000 0.0067076 0.0074048
365 D 365 0.0364409 0.0092737 0.0048636 0.4303220 0.0000000 0.0627553 0.4122634 0.0067379 0.0009899 0.0024023 0.0073620 0.0057148 0.0020734 0.0000000 0.0089519 0.0044392 0.0048322 0.0000000 0.0000000 0.0005775
366 I 366 0.0089575 0.0000000 0.0000000 0.0000000 0.0000000 0.0000000 0.0000000 0.0000000 0.0000000 0.6463821 0.0720956 0.0000000 0.0027972 0.0000000 0.0000000 0.0000000 0.0000000 0.0000000 0.0000000 0.2697676
367 K 367 0.0018702 0.1067206 0.0013177 0.0000000 0.0051090 0.0413042 0.0009875 0.0000000 0.0000000 0.0131752 0.0713508 0.5879657 0.1253231 0.0135453 0.0000000 0.0028206 0.0159176 0.0000000 0.0000000 0.0125924
368 N 368 0.1394650 0.1512334 0.1805661 0.0388349 0.0073655 0.0699609 0.0900590 0.0350457 0.0132360 0.0117200 0.0145899 0.0725996 0.0041915 0.0014393 0.0017220 0.1217261 0.0262665 0.0009745 0.0078387 0.0111652
369 H 369 0.0061340 0.0009813 0.0111515 0.0000000 0.0025967 0.0367992 0.0076847 0.0000000 0.9332258 0.0000000 0.0000000 0.0000000 0.0014269 0.0000000 0.0000000 0.0000000 0.0000000 0.0000000 0.0000000 0.0000000
370 K 370 0.1153245 0.0616227 0.0055291 0.0048673 0.0043808 0.0125848 0.0185567 0.0059092 0.0112836 0.0093073 0.0148536 0.1323847 0.0041281 0.0006854 0.5141547 0.0444482 0.0129419 0.0000000 0.0007167 0.0263206
371 W 371 0.0000000 0.0000000 0.0000000 0.0000000 0.0000000 0.0000000 0.0000000 0.0000000 0.0000000 0.0000000 0.0024662 0.0000000 0.0000000 0.6219706 0.0000000 0.0000000 0.0000000 0.3491655 0.0263977 0.0000000
372 F 372 0.0000000 0.0000000 0.0000000 0.0000000 0.0000000 0.0000000 0.0000000 0.0000000 0.0000000 0.0000000 0.0128093 0.0000000 0.0000000 0.9664360 0.0000000 0.0000000 0.0000000 0.0000000 0.0147733 0.0059814
373 A 373 0.1928113 0.2189354 0.0189825 0.0124789 0.0000000 0.0516791 0.0281750 0.0142913 0.0472094 0.0039647 0.0067290 0.2296995 0.0000000 0.0017937 0.0015994 0.1318664 0.0192803 0.0057076 0.0053851 0.0094115
374 T 374 0.0316531 0.0255547 0.1058481 0.1378808 0.0057247 0.0095467 0.1436449 0.1133702 0.0426621 0.0035197 0.0302153 0.0210291 0.0036287 0.0007766 0.0548626 0.1594426 0.0900970 0.0029016 0.0125879 0.0050535
375 T 375 0.0090036 0.0000000 0.0013369 0.0000000 0.0000000 0.0000000 0.0000000 0.0000000 0.0000000 0.5886871 0.0529591 0.0000000 0.0265682 0.0035302 0.0000000 0.0000000 0.0594807 0.0000000 0.0034439 0.2549903
376 D 376 0.0000000 0.0011939 0.3017845 0.5398199 0.0013723 0.0104461 0.0127246 0.0000000 0.0049826 0.0228875 0.0000000 0.0040248 0.0007243 0.0000000 0.0048552 0.0253384 0.0373841 0.0000000 0.0021901 0.0302718
377 W 377 0.0000000 0.0000000 0.0000000 0.0000000 0.0000000 0.0000000 0.0000000 0.0000000 0.0000000 0.0000000 0.0014679 0.0000000 0.0000000 0.0889759 0.0000000 0.0000000 0.0000000 0.9095562 0.0000000 0.0000000
378 I 378 0.0277080 0.0626884 0.0803754 0.3264156 0.0010415 0.0333145 0.2461293 0.0055212 0.0087656 0.0422129 0.0037025 0.0535960 0.0016561 0.0031254 0.0050589 0.0179859 0.0378251 0.0000000 0.0054621 0.0374156
379 A 379 0.1950821 0.1135822 0.0079528 0.1999727 0.0013790 0.0258699 0.0301215 0.0107887 0.0000000 0.0049090 0.0773929 0.2617691 0.0249831 0.0000000 0.0010214 0.0256077 0.0078838 0.0000000 0.0000000 0.0116841
380 I 380 0.0023474 0.0011514 0.0000000 0.0000000 0.0041860 0.0000000 0.0000000 0.0000000 0.0000000 0.1020933 0.7272244 0.0000000 0.0186973 0.0029482 0.0000000 0.0000000 0.0037416 0.0000000 0.0000000 0.1376104
381 Y 381 0.0748941 0.0145700 0.0147695 0.0161597 0.0042549 0.0103797 0.2167383 0.0076978 0.0060224 0.0316577 0.2286108 0.0177024 0.0233283 0.0357476 0.0179133 0.0245850 0.0093334 0.0055304 0.2073674 0.0327373
382 Q 382 0.1704090 0.1637283 0.1225724 0.0311990 0.0089551 0.1685888 0.0407612 0.0125101 0.0717471 0.0000000 0.0129943 0.1002989 0.0192083 0.0008428 0.0009157 0.0544042 0.0139610 0.0019699 0.0027139 0.0022198
383 R 383 0.0014905 0.4378960 0.0022472 0.0000000 0.0116863 0.0071525 0.0000000 0.0178874 0.0015503 0.0000000 0.0167793 0.5000604 0.0023954 0.0008548 0.0000000 0.0000000 0.0000000 0.0000000 0.0000000 0.0000000
384 K 384 0.0078683 0.1340677 0.0354025 0.0733973 0.0024306 0.1403128 0.2256317 0.0238805 0.0020806 0.0000000 0.0224831 0.2919781 0.0076005 0.0000000 0.0000000 0.0148591 0.0106470 0.0000000 0.0073603 0.0000000
385 V 385 0.0081611 0.0000000 0.0000000 0.0055794 0.0023607 0.0000000 0.0015749 0.0024475 0.0000000 0.4411944 0.1265787 0.0000000 0.0183284 0.0000000 0.0000000 0.0045490 0.0092786 0.0000000 0.0670033 0.3129439
386 E 386 0.0259956 0.0404992 0.0086661 0.0706834 0.0000000 0.1242230 0.2031938 0.0053574 0.0092213 0.0324070 0.0186996 0.1241237 0.0037553 0.0000000 0.1558610 0.0205439 0.1261012 0.0000000 0.0000000 0.0306684
387 A 387 0.1772967 0.0000000 0.0009255 0.0000000 0.0000000 0.0000000 0.0000000 0.0129434 0.0000000 0.0000000 0.0000000 0.0000000 0.0032569 0.0000000 0.7341421 0.0084564 0.0460676 0.0000000 0.0000000 0.0169115
388 P 388 0.0072264 0.0000000 0.0000000 0.0000000 0.0000000 0.0000000 0.0124074 0.0000000 0.0045302 0.0000000 0.0047376 0.0143155 0.0000000 0.0000000 0.9021671 0.0404519 0.0141638 0.0000000 0.0000000 0.0000000
389 F 389 0.0000000 0.0000000 0.0000000 0.0000000 0.0000000 0.0000000 0.0000000 0.0000000 0.0016082 0.0910805 0.0101336 0.0000000 0.0000000 0.6172881 0.0000000 0.0000000 0.0000000 0.0259315 0.2504853 0.0034729
390 I 390 0.0010813 0.0955534 0.0339257 0.0022507 0.0102706 0.0165373 0.0432669 0.0000000 0.0012184 0.1455729 0.0457817 0.4173866 0.0069920 0.0129635 0.0114480 0.0028420 0.0204328 0.0000000 0.0038513 0.1286247
391 P 391 0.0014225 0.0000000 0.0000000 0.0000000 0.0000000 0.0000000 0.0000000 0.0000000 0.0000000 0.0015568 0.0000000 0.0000000 0.0000000 0.0000000 0.9797935 0.0000000 0.0000000 0.0000000 0.0000000 0.0172271
392 K 392 0.0563919 0.0974057 0.0979602 0.0230815 0.0049974 0.0887476 0.0420800 0.0016848 0.0474374 0.0109409 0.0193275 0.2354779 0.0024346 0.0075746 0.1083925 0.0561066 0.0674842 0.0000000 0.0042437 0.0282311
393 F 393 0.0129003 0.0000000 0.0085311 0.0000000 0.0279319 0.0027532 0.0000000 0.0000000 0.0015610 0.2780380 0.1673445 0.0000000 0.0065236 0.0112505 0.0011095 0.0058562 0.0203354 0.0000000 0.0089046 0.4469601
394 K 394 0.0712614 0.1160046 0.0417408 0.0303650 0.0110170 0.0532078 0.0384956 0.0309609 0.0092849 0.0026671 0.0068008 0.2926465 0.0055565 0.0052705 0.0015025 0.1256000 0.1277185 0.0000000 0.0010595 0.0288400
395 G 395 0.0182239 0.0205441 0.0747136 0.0921158 0.0026425 0.0062008 0.0032764 0.3261019 0.0486208 0.0000000 0.0000000 0.0081981 0.0013987 0.0065485 0.0019702 0.3595493 0.0280096 0.0000000 0.0018859 0.0000000
396 P 396 0.1378760 0.0592173 0.0085712 0.1304886 0.0000000 0.0429340 0.1789476 0.0102726 0.0069693 0.0077863 0.0131874 0.0762319 0.0052807 0.0020110 0.2120186 0.0408706 0.0110611 0.0000000 0.0039767 0.0522990
397 G 397 0.0495965 0.0701607 0.0258368 0.0830066 0.0041901 0.0181932 0.0644989 0.2501668 0.0182677 0.0304388 0.0782661 0.0342558 0.0328713 0.0075334 0.0000000 0.0312290 0.1579754 0.0060124 0.0239453 0.0135553
398 D 398 0.0047157 0.0000000 0.0022447 0.9071947 0.0383708 0.0000000 0.0085959 0.0120092 0.0019961 0.0000000 0.0000000 0.0029368 0.0000000 0.0000000 0.0000000 0.0208690 0.0000000 0.0000000 0.0000000 0.0010670
399 T 399 0.1432989 0.0022165 0.0000000 0.0000000 0.0201918 0.0000000 0.0000000 0.0029803 0.0048375 0.0531533 0.0725895 0.0000000 0.0000000 0.0030233 0.0098036 0.0351760 0.4709844 0.0011801 0.0174375 0.1631272
400 S 400 0.0885266 0.0913212 0.0393115 0.0195300 0.0065996 0.0342246 0.0375739 0.0207381 0.0026324 0.0021217 0.0061290 0.0244809 0.0035078 0.0352095 0.0000000 0.5662493 0.0188698 0.0000000 0.0013374 0.0016366
401 N 401 0.0040198 0.0000000 0.6071855 0.0000000 0.0184136 0.1245002 0.0000000 0.0000000 0.0709456 0.0000000 0.0274179 0.0000000 0.0135016 0.0026075 0.0000000 0.0000000 0.0000000 0.0016399 0.1297684 0.0000000
402 F 402 0.0000000 0.0000000 0.0020567 0.0000000 0.0000000 0.0000000 0.0000000 0.0000000 0.0000000 0.0326404 0.0000000 0.0000000 0.0000000 0.9360349 0.0000000 0.0000000 0.0000000 0.0000000 0.0138294 0.0154386
403 D 403 0.0095229 0.0000000 0.0020201 0.8466648 0.0000000 0.0035042 0.0968102 0.0000000 0.0000000 0.0000000 0.0000000 0.0000000 0.0000000 0.0000000 0.0197608 0.0167127 0.0021668 0.0000000 0.0000000 0.0028374
404 D 404 0.0233235 0.0827646 0.0134117 0.1070336 0.0000000 0.0420885 0.5265383 0.0000000 0.0148949 0.0019007 0.0046300 0.1156680 0.0024988 0.0018469 0.0214899 0.0115989 0.0215246 0.0000000 0.0026710 0.0061161
405 Y 405 0.0000000 0.0032986 0.0000000 0.0000000 0.0000000 0.0000000 0.0095319 0.0000000 0.0000000 0.0058550 0.0018171 0.0000000 0.0020535 0.6681547 0.0000000 0.0000000 0.0000000 0.0370903 0.2721989 0.0000000
406 E 406 0.0143833 0.0020489 0.0000000 0.0239819 0.0000000 0.0071133 0.0428292 0.0000000 0.0000000 0.0099337 0.0357354 0.0024650 0.0000000 0.0072120 0.1820990 0.0055412 0.6494340 0.0020622 0.0000000 0.0151608
407 E 407 0.0431111 0.0859981 0.0928014 0.0714217 0.0122480 0.0389363 0.2635605 0.0258432 0.0045622 0.0029152 0.0053703 0.0951600 0.0041165 0.0038646 0.0107537 0.1945349 0.0406341 0.0000000 0.0020262 0.0021417
408 E 408 0.0460343 0.0166408 0.0106236 0.0533714 0.0000000 0.0728942 0.5225993 0.0069772 0.0072527 0.0065997 0.0396276 0.0316454 0.0689222 0.0000000 0.0062884 0.0426488 0.0225166 0.0000000 0.0043632 0.0409947
409 E 409 0.0977370 0.0345298 0.0164309 0.1026460 0.0010092 0.0415954 0.0745340 0.0000000 0.0088968 0.0129502 0.0152238 0.0884907 0.0179740 0.0015055 0.2296790 0.0851128 0.1561873 0.0000000 0.0017427 0.0137550
410 I 410 0.0748466 0.0010674 0.0056487 0.0148227 0.0051518 0.0000000 0.0591310 0.0047424 0.0012147 0.0625581 0.0872396 0.0041798 0.0019535 0.0097295 0.4050144 0.0030018 0.0518313 0.0268615 0.0184232 0.1625819
411 R 411 0.0468910 0.1304781 0.0345379 0.0608974 0.0066217 0.0941945 0.0326503 0.0214440 0.0176979 0.0512039 0.0383630 0.0747054 0.0118780 0.0024220 0.0610038 0.0925009 0.0624731 0.0000000 0.0009602 0.1590768
412 V 412 0.0244524 0.0109734 0.0274695 0.2464497 0.0000000 0.0080138 0.0090980 0.0099515 0.0054416 0.0422280 0.3296018 0.0229398 0.0055266 0.0059984 0.0304837 0.0277226 0.0486230 0.0000000 0.1074461 0.0375801
413 S 413 0.0212083 0.0000000 0.0061266 0.0107664 0.0000000 0.0054781 0.0032362 0.0750362 0.0057387 0.0046225 0.0000000 0.0000000 0.0036628 0.0000000 0.1045797 0.3886477 0.3568561 0.0000000 0.0041627 0.0098782
414 I 414 0.0184073 0.0000000 0.0010510 0.0061264 0.0047332 0.0187076 0.0051954 0.0331249 0.0037646 0.0547089 0.1032796 0.0031183 0.0054008 0.0227264 0.5029991 0.0383059 0.0079335 0.0000000 0.0341520 0.1362651
415 N 415 0.0338465 0.0000000 0.0263760 0.1069326 0.0103588 0.0042411 0.0536680 0.0228093 0.0060753 0.0318971 0.0109223 0.0190173 0.0014355 0.0019022 0.1382200 0.2821099 0.1108693 0.0000000 0.0000000 0.1393188
416 E 416 0.0804718 0.0041166 0.0315276 0.4036370 0.0074425 0.0912448 0.1576003 0.0047459 0.0072186 0.0012387 0.0013908 0.0338471 0.0050121 0.0000000 0.0998410 0.0472045 0.0140606 0.0000000 0.0041832 0.0052170
417 K 417 0.0730185 0.0531314 0.0569315 0.0394288 0.0000000 0.0362731 0.1294142 0.0426519 0.0090739 0.0126249 0.0129977 0.1312454 0.0070425 0.0000000 0.1599705 0.1204018 0.0988191 0.0039706 0.0043100 0.0086943
418 C 418 0.1032797 0.0015262 0.0370249 0.2114598 0.0354226 0.0337343 0.0489271 0.0142225 0.0306055 0.0138694 0.0156762 0.0067878 0.1254004 0.0421165 0.0144851 0.0426367 0.0302800 0.0061839 0.1269583 0.0594030
419 G 419 0.0835042 0.0339133 0.0134971 0.0736330 0.0028229 0.4800625 0.0279544 0.0921664 0.0592100 0.0032140 0.0556004 0.0188685 0.0050123 0.0026465 0.0091135 0.0179338 0.0061761 0.0000000 0.0013257 0.0133452
420 K 420 0.1101154 0.0183835 0.0926903 0.1318238 0.0024025 0.0755599 0.2381133 0.0128633 0.0552739 0.0009882 0.0038490 0.0879074 0.0051167 0.0011869 0.0033085 0.1228469 0.0247477 0.0000000 0.0077348 0.0050882
421 E 421 0.0610225 0.0020695 0.0601300 0.0188153 0.0055559 0.1188441 0.2693592 0.0051111 0.0197937 0.0354341 0.1781541 0.0373419 0.0507729 0.0258505 0.0386119 0.0153184 0.0103797 0.0000000 0.0272189 0.0202163
422 F 422 0.0045116 0.0000000 0.0000000 0.0000000 0.0000000 0.0000000 0.0000000 0.0000000 0.0000000 0.0000000 0.0038081 0.0000000 0.0027673 0.9873257 0.0000000 0.0000000 0.0000000 0.0000000 0.0015873 0.0000000
423 T 423 0.1225404 0.1803338 0.0309514 0.0299246 0.0010227 0.1053409 0.1092211 0.0328426 0.0171611 0.0101443 0.0299807 0.1096114 0.0056667 0.0008398 0.0682691 0.0438231 0.0582064 0.0006168 0.0009273 0.0425758
424 E 424 0.0031545 0.0000000 0.0835400 0.2097716 0.0000000 0.0128008 0.0649964 0.6027280 0.0051354 0.0000000 0.0045559 0.0041310 0.0000000 0.0000000 0.0000000 0.0091866 0.0000000 0.0000000 0.0000000 0.0000000
425 F 425 0.0000000 0.0000000 0.0000000 0.0000000 0.0000000 0.0000000 0.0000000 0.0000000 0.0000000 0.0000000 0.0000000 0.0000000 0.0000000 0.9269431 0.0000000 0.0000000 0.0000000 0.0516947 0.0213622 0.0000000
