
Last position-specific scoring matrix computed, weighted observed percentages rounded down, information per position, and relative weight of gapless real matches to pseudocounts
           A  R  N  D  C  Q  E  G  H  I  L  K  M  F  P  S  T  W  Y  V   A   R   N   D   C   Q   E   G   H   I   L   K   M   F   P   S   T   W   Y   V
    1 N   -4 -3  7 -2 -5 -3 -3 -4  7 -6 -6 -3 -5 -5 -5  3 -3 -6 -3 -6    0   0  49   0   0   0   0   0  26   0   0   0   0   0   0  26   0   0   0   0  1.59 0.55
    2 P   -1 -3 -6 -6 -7 -5 -4 -2 -6 -7 -6 -2 -7 -8  8 -3 -1 -8 -7 -6    4   2   0   0   0   0   0   3   0   0   0   3   0   0  83   1   4   0   0   0  2.51 0.84
    3 P   -3 -2 -4 -1 -7 -3 -3 -4 -6 -4 -5  2 -4 -8  8 -1 -1 -8 -7 -6    2   3   0   3   0   1   2   1   0   1   1  11   0   0  67   4   4   0   0   0  1.86 0.75
    4 P   -1 -3 -4 -5 -7 -2 -3 -2 -6 -6 -4  1 -1 -5  7  2 -2 -8 -7 -4    4   1   1   0   0   2   2   3   0   0   2   7   2   1  58  14   2   0   0   1  1.57 0.75
    5 P   -1 -1 -3 -4 -7 -3 -1 -7 -4 -4 -4  2 -2 -6  7 -1 -2 -8 -6 -1    5   3   1   1   0   1   4   0   0   1   2  11   1   0  56   5   2   0   0   5  1.45 0.72
    6 E    0  2 -2  1 -5  0  3 -2  1 -3 -3  2 -3 -3 -1  1  0 -5 -1  0    9   9   1   8   0   3  19   3   4   1   2  13   0   1   3  10   5   0   2   7  0.26 0.23
    7 T    0  1 -1 -1 -2  0 -1 -1  0 -1 -1  1  2 -2  0  2  2 -4  0 -1    7  10   2   4   1   4   3   3   2   3   4   9   5   1   5  15  14   0   3   5  0.14 0.16
    8 S    0  1 -1  1 -3 -1 -1 -1  0 -1  0  1 -2 -4  2  3  0 -4 -4 -1    7   7   2   7   1   2   2   4   2   4   8  10   0   0  12  21   5   0   0   3  0.22 0.22
    9 N   -1  1  3  0 -2  0  1 -2 -1 -3 -1  1 -3 -3  1  2  1 -3  0 -2    5   9  13   5   1   3   8   3   1   1   6   8   0   1   6  17   8   0   4   2  0.21 0.20
   10 P   -1  1 -3 -2 -1 -3 -2 -3 -3 -5 -4  2 -6 -6  6  2  0 -5 -5 -2    4   8   1   2   1   1   3   2   1   1   2  13   0   0  36  14   6   0   0   3  0.86 0.51
   11 N   -1  2  3  0 -5 -1 -1  2  1 -3 -3  2 -2 -4  0  1  1 -5 -3 -4    6  11  13   5   0   3   3  15   3   1   2  12   1   0   5  11   8   0   1   1  0.31 0.25
   12 K   -1  4 -1 -1 -5  0  0 -4 -3 -5 -3  5  0 -5  0  0  0 -4 -5 -2    4  21   2   3   0   4   5   1   0   1   3  33   3   0   4   6   5   0   0   3  0.67 0.42
   13 P   -1  2 -1 -3 -4 -1  0 -3 -2 -4 -4  2  0 -5  6  0 -1 -5 -5 -3    6  11   3   1   0   3   6   2   1   1   2  10   2   0  37   7   4   0   0   2  0.78 0.46
   14 K   -1  3 -2 -2 -4 -1  0  2 -2 -3 -3  4 -2 -4  0  0 -1 -6 -4 -3    4  15   2   2   0   2   7  15   1   1   3  27   1   1   5   7   4   0   0   2  0.46 0.33
   15 R   -3  6 -1 -4 -1  0 -1 -4  0 -3 -3  3 -1 -2  0 -1 -1 -3 -2 -4    2  40   3   1   1   4   4   2   2   2   2  19   1   2   4   4   4   0   1   1  0.83 0.48
   16 Q   -2  1  0  0 -3  2  0 -1  2 -2  0  2  2 -2 -2 -1  0 -1  0  0    3   9   3   6   1   9   6   4   6   2  12  12   7   1   1   4   5   1   3   6  0.14 0.15
   17 T   -1  0 -1  0 -4  0 -1 -4  0 -2 -1  2 -1 -4  2  1  4 -4 -2 -2    5   5   2   5   0   5   4   1   2   2   7  12   1   1  11   9  24   0   1   3  0.33 0.29
   18 N   -2  0  4  3 -5 -1  2 -3  1 -4 -3  2 -3 -4  0  0  0 -6 -4 -4    3   6  19  15   0   2  13   2   4   1   2  12   1   1   4   6   7   0   1   1  0.48 0.34
   19 Q   -1  0  0  0 -3  4  4 -3 -2 -3 -3  1 -1 -5  2  0 -2 -6 -2 -2    5   5   4   5   1  16  24   2   1   2   2   8   1   0  12   5   2   0   2   3  0.49 0.36
   20 L   -3 -4 -3 -2  0 -2 -3 -5 -1  0  5 -4  4  1 -5 -5 -5  5 -3 -1    3   1   1   3   2   2   2   1   1   5  52   1   8   5   1   0   1   8   1   3  1.00 0.53
   21 Q   -3  2 -1 -1  0  4  1 -5  3 -2 -2  3  1 -2 -5 -1 -2 -4  2 -4    2  11   3   3   2  18   8   0   6   2   4  18   4   2   0   5   2   0   8   1  0.52 0.37
   22 Y    0  2  1 -1 -4  1  1 -3  1 -1 -3  3 -2  1 -3  0  0 -1  2 -3    7   9   7   4   0   5   7   1   3   4   2  21   1   7   1   6   5   1   7   2  0.28 0.24
   23 L    1  0 -3 -4  4  1 -3 -3 -2  2  2  1  0  3 -4 -1 -1 -2 -2  0   14   4   1   1   8   6   1   2   1  10  18   8   2  11   1   4   4   0   1   5  0.26 0.21
   24 L   -2 -4 -5 -6  8 -1 -4 -6 -2  0  4 -3  4  0 -7 -5 -4 -6 -1 -3    4   1   1   1  26   3   1   0   1   6  36   2  10   3   0   1   1   0   2   2  1.22 0.60
   25 R   -2  3  1  0 -6  1  2 -2  0 -3 -1  3  2 -3 -4  0 -2 -4 -1 -3    4  18   6   4   0   6  14   4   2   1   6  17   5   1   0   6   3   0   2   2  0.38 0.30
   26 V    0  0  1  0 -3  1  1 -1  1  0 -1  2 -1 -2 -1  0  1 -4 -1  0    8   5   6   6   0   7  10   4   4   5   5  12   2   2   3   6   8   0   2   6  0.09 0.10
   27 V   -3 -5 -8 -8 -2 -6 -8 -8 -8  5  3 -4  0 -1 -8 -6 -1 -7 -5  5    3   1   0   0   1   0   0   0   0  27  28   1   2   2   0   0   3   0   0  30  1.23 0.60
   28 L   -5 -4 -6 -5 -2 -6 -7 -8 -1  2  5 -4  1 -1 -8 -6 -1  1 -2  1    1   1   0   1   1   0   0   0   2  11  58   1   3   2   0   1   3   2   2  10  1.21 0.61
   29 K   -2  1  3  3 -4  1  2 -4 -1 -5 -2  3 -2 -6 -4  0  0 -7 -4 -4    3   7  16  14   0   6  14   1   1   0   4  17   1   0   1   8   5   0   0   1  0.53 0.37
   30 T    0  1 -1  0 -2  2  2 -3  0 -1 -1  2 -2 -2 -3  1 -1 -3  1 -2    9   7   3   5   1  10  15   2   2   4   7  14   1   1   1  10   3   0   4   2  0.21 0.21
   31 L   -3 -5 -7 -4 -3 -6 -6 -6 -7  3  5 -3  4 -2 -7 -6 -3 -7 -2  2    2   1   0   1   1   0   1   1   0  14  52   2   8   2   0   0   1   0   1  12  1.17 0.57
   32 W   -2  1 -1 -3  1  3  0 -5 -1  0 -1  2  4  0 -5 -1 -1  5  1 -2    3   7   3   1   2  12   5   0   1   5   6  15  12   5   0   4   3   7   5   3  0.39 0.30
   33 K    0  2  3  1  0  1  1 -2  0 -5 -5  4 -3 -7 -4  1 -2 -7 -4 -5    9   9  13   7   2   6   9   2   2   1   1  24   1   0   1  11   2   0   0   1  0.53 0.37
   34 H   -4  1  1 -1  0  1 -3 -5  9 -5 -2  2  0 -3 -5 -2 -5 -2  2 -5    1   8   7   4   2   6   1   1  39   1   4  10   2   1   1   4   1   1   7   1  1.23 0.63
   35 Q   -1  2 -1  3 -7  2  2 -4  0 -6 -6  3 -5 -6  3  0 -3 -3 -5 -5    6   9   2  17   0   8  14   1   2   0   0  18   0   0  14   6   2   0   0   0  0.64 0.42
   36 F   -2 -1  0  3  0 -1  0 -2  2  0  0 -2  0  2 -1  0  0  1  2 -3    4   3   5  17   2   2   5   3   6   5   8   2   2   9   4   6   6   2   8   1  0.18 0.17
   37 A    4 -4 -2 -5  1 -3 -4  0 -1 -6 -6 -4 -3 -1 -6  5 -2 -7 -1 -2   36   1   2   1   2   1   1   7   2   0   0   1   1   3   0  35   3   0   2   3  1.00 0.61
   38 W   -1 -2 -3 -2 -4  0  1 -1 -1 -2 -1 -2 -3 -1 -6 -2 -1 10  1 -3    5   2   1   3   0   4   9   5   1   3   7   3   1   2   0   4   4  38   4   2  1.34 0.66
   39 P   -2 -6 -5 -4 -5 -5 -3 -4 -2  1 -1 -6 -2  0  7 -4 -6  2 -2  1    3   0   0   1   0   0   2   2   1   9   5   0   1   4  55   2   0   3   1   9  1.48 0.75
   40 F   -9 -7 -6 -6 -10 -10 -8 -10 -8 -7 -6 -10 -7 10 -11 -9 -9 -6 -3 -6    0   0   0   1   0   0   0   0   0   0   0   0   0  96   0   0   0   0   1   1  3.79 1.39
   41 Q    0  3  0 -4 -3  1 -3 -3  2 -2  3 -1  4 -3 -6 -2 -2 -3  1 -2    7  17   6   1   1   6   2   2   6   2  26   4   9   1   0   3   2   0   4   3  0.42 0.32
   42 Q   -2  0  1  1 -5  4  4 -3  1 -4 -4  2 -3 -1 -5 -2 -1 -1 -1 -2    3   6   6   7   0  15  27   2   3   1   1  13   0   3   0   2   4   1   3   3  0.54 0.38
   43 P   -3 -3 -8 -7 -8 -4 -6 -6 -8 -8  0 -3 -4 -8  8 -5 -7 -9 -8 -5    3   2   0   0   0   1   1   1   0   0   8   2   1   0  80   1   0   0   0   1  2.63 1.13
   44 V   -5 -7 -7 -7 -6 -7 -7 -7 -7  0 -4 -7 -3 -4 -3 -6 -6 -7 -3  8    1   0   0   0   0   0   0   0   0   4   1   0   1   1   2   1   0   0   1  86  2.43 0.97
   45 D   -3 -4  4  7 -5 -3 -2 -4 -4 -5 -5 -1 -5 -5 -2  1 -3 -6 -4 -4    2   1  19  52   0   1   2   1   0   1   2   3   0   0   3   9   1   0   1   1  1.42 0.63
   46 A    1 -3 -3 -2 -2 -2 -2 -3 -2 -2  0 -2 -2 -3  6 -2  1  2 -2  0   13   2   2   2   1   2   3   3   1   3   9   2   1   1  35   3   8   2   2   7  0.66 0.32
   47 V   -1 -1  0  0 -3  0  2 -2 -2  1 -2  2 -2 -3 -1  1  1 -3 -2  2    4   3   4   4   0   3  14   2   1   7   4  15   1   1   3   9   8   0   1  15  0.19 0.15
   48 K    1  2 -2 -1 -3  0  1 -1 -1 -3 -1  4 -2 -2 -2 -2 -2 -3 -2 -2   13  11   1   4   0   3  11   6   1   2   7  28   1   2   2   3   2   0   1   3  0.37 0.23
   49 L   -2  1  0  2 -2 -1  0 -3 -1 -2  3  1  0  0 -2 -1 -1  1 -1 -2    3   7   5  14   1   3   5   2   1   2  28   8   2   4   2   4   4   2   2   3  0.22 0.17
   50 N   -2 -3  2  2 -2  1  4  2  0 -1 -3 -1 -1 -3 -3 -2 -3 -1 -1 -4    2   1  11  12   1   5  25  18   2   4   3   3   2   1   2   2   1   1   2   1  0.48 0.31
   51 L    2 -5 -3 -5  1 -5 -5 -5 -1  3  2 -5 -3 -2 -4 -4 -3 -3  3  4   19   1   2   1   3   0   0   1   1  14  17   0   0   1   1   1   1   0   9  28  0.72 0.40
   52 P   -4 -5 -5 -4 -7 -4 -3 -6  1 -6 -5 -3 -5 -5  8 -2 -2 -2 -3 -3    2   1   1   1   0   1   2   1   4   1   2   2   0   1  73   3   2   1   1   2  2.22 0.99
   53 D   -4 -4  2  8 -8 -3 -1  0 -1 -8 -7 -5 -4 -8 -7 -4 -1 -8 -8 -8    1   1   9  67   0   1   4   7   1   0   1   1   0   0   0   1   4   0   0   0  1.91 0.86
   54 Y   -9 -9 -9 -10 -10 -9 -9 -10 -1 -9 -8 -9 -8 -4 -10 -9 -5 -5 10 -9    0   0   0   0   0   0   0   0   1   0   0   0   0   0   0   0   1   0  97   0  4.14 1.53
   55 Y   -4 -1 -3 -5 -5 -5 -6 -6  5 -5  0 -3 -4  4 -1 -2 -4 -5  8 -5    1   4   2   1   0   0   0   0  13   0   8   2   0  14   4   3   1   0  45   1  1.61 0.74
   56 K   -3 -2  0  5 -7  2  3 -5 -2 -4 -4  2 -1 -7 -6  0  0 -7 -6 -3    2   2   5  28   0   9  19   1   1   1   2  14   2   0   0   6   6   0   0   2  0.77 0.46
   57 I   -5 -5 -8 -8 -4 -6 -6 -9  2  6 -2 -2 -1 -1 -8 -6 -4 -4  0  5    1   1   0   0   0   0   1   0   5  44   3   3   1   3   0   0   1   0   3  34  1.52 0.67
   58 I   -7 -8 -8 -8 -7 -8 -8 -9 -8  8 -5 -8 -5 -6 -8 -8 -4 -8 -7  3    0   0   0   0   0   0   0   0   0  78   0   0   0   0   0   0   1   0   0  18  2.65 1.00
   59 K   -3  0 -4 -1 -5  0 -1 -6 -2 -5 -5  7 -4 -3 -4 -1  0 -7 -3 -5    2   4   1   4   0   3   4   1   1   1   1  61   0   1   1   4   7   0   1   1  1.42 0.69
   60 T   -4  2  3 -1 -2  2  2 -6  5 -5 -6  3 -6 -2 -6 -2  1 -6  2 -5    1  11  14   4   1   8  12   0  13   1   0  17   0   2   0   3   8   0   6   1  0.72 0.44
   61 P   -5 -5 -8 -8 -9 -8 -8 -6 -9 -9 -9 -6 -4 -10  9 -5 -8 -10 -9 -9    1   1   0   0   0   0   0   1   0   0   0   1   1   0  94   1   0   0   0   0  3.46 1.45
   62 M   -8 -4 -9 -9 -8 -4 -9 -9 -9  3 -4 -5 11 -7 -9 -5 -4 -8 -8 -3    0   1   0   0   0   1   0   0   0  12   1   1  78   0   0   1   1   0   0   2  3.38 1.39
   63 D   -1 -7 -3  8  0 -6 -5 -7 -3 -8 -8 -6 -7 -5 -7 -2 -4 -1 -7 -7    6   0   1  81   2   0   0   0   1   0   0   0   0   1   0   3   1   1   0   0  2.54 1.08
   64 M   -6 -7 -7 -7 -3 -7 -7 -7 -7  0  6 -7  2  5 -4 -7 -6 -1 -3 -3    0   0   0   0   1   0   0   0   0   5  60   0   4  22   1   0   0   1   1   1  1.65 0.75
   65 G   -1 -1  0 -1 -3  1  0  4 -2 -5 -4  1 -3 -5 -4  4 -1 -6 -3 -4    4   3   4   4   0   5   6  27   1   1   2   8   1   0   1  28   4   0   1   1  0.62 0.41
   66 T   -4 -2 -3 -5 -2 -2 -4 -5 -4 -2 -3  0 -1 -7 -5 -2  7 -3 -5 -3    2   3   1   1   1   2   1   1   1   2   3   5   2   0   1   3  69   0   0   2  1.71 0.86
   67 I   -5 -7 -8 -8 -2 -7 -8 -8 -8  7 -1 -7  7 -6 -8 -7 -6 -7 -7  3    1   0   0   0   1   0   0   0   0  48   4   0  22   0   0   0   0   0   0  20  2.03 0.89
   68 K   -3  4 -3 -3 -2  1  2 -3 -2 -3 -3  5  0 -5 -6  0 -2 -2 -3 -5    2  19   1   1   1   5  13   2   1   2   3  33   2   1   0   6   3   1   1   1  0.81 0.50
   69 K   -1  2  1 -1 -4  2  2 -3 -1 -4 -5  5 -2 -5 -4  1  0 -7 -3 -4    5  10   7   4   0   7  13   2   2   1   1  28   1   1   1   9   6   0   1   1  0.57 0.40
   70 R   -5  5  3 -4 -4 -2 -5 -6 -3 -6 -6  7 -2 -8 -4 -4 -3 -3 -5 -5    1  24  10   1   0   2   1   1   1   1   1  51   1   0   1   1   2   1   0   1  1.62 0.82
   71 L   -3 -7 -3 -8  0 -5 -7 -8 -3  4  6 -7  1 -1 -7 -4 -5 -7 -4  1    2   0   1   0   2   1   0   0   1  17  58   0   4   2   0   1   1   0   1   8  1.39 0.67
   72 E   -1  1  2  3 -4  1  4 -3  0 -4 -2  2 -3 -5 -5  0 -2 -3 -3 -4    5   7   9  15   0   6  23   2   2   1   4  12   1   1   0   7   3   0   1   1  0.51 0.36
   73 N    1  0  4  1 -2  0  0  0 -1 -4 -3  2 -1 -5 -4  2  0 -3 -3 -4   10   5  22   7   1   4   5   7   2   1   3  11   2   1   1  12   6   0   1   1  0.40 0.30
   74 N   -4  0  4  0 -1 -1 -3  4  3 -5 -3  1 -3 -3 -3 -2 -3 -1 -2 -5    1   5  18   6   2   3   2  33   6   1   3  10   1   1   2   3   1   1   1   1  0.72 0.44
   75 Y    0  0 -1 -1 -2  3  2 -2  1 -3 -2  2 -1 -1 -5 -1 -2 -2  4 -1    7   5   3   4   1  12  15   3   3   2   4  11   2   2   0   4   3   1  13   4  0.34 0.28
   76 Y   -8 -8 -8 -9 -9 -8 -8 -9 -2 -2 -5 -8 -8 -2 -9 -8 -8 -6 10 -5    0   0   0   0   0   0   0   0   1   3   1   0   0   1   0   0   0   0  90   1  3.75 1.54
   77 W    0  1  1 -1 -2  2  1 -3  1 -2 -2  3 -1 -3 -1  0  1  2 -2 -1    7   8   6   3   1   8   9   2   3   2   3  15   2   1   4   8  10   3   1   5  0.21 0.20
   78 N   -3 -2  4  1  0 -3 -3 -3  1 -4 -5  0 -4 -4 -6  4  4 -3 -4 -5    2   2  16   8   2   1   2   2   3   1   2   5   1   1   0  29  22   0   1   1  0.82 0.54
   79 A    1  0 -3 -4  0 -3 -2 -3 -2  1  1  0  1  0  4 -1 -1 -2 -3  1   12   5   1   1   2   1   2   2   1   9  14   7   3   4  18   4   3   1   1  11  0.29 0.22
   80 Q    0  1  0  2 -4  2  4 -3 -1 -4 -2  2 -1 -3 -4  0 -1  1 -2 -4    7   6   4  12   0   7  25   2   2   1   4  10   1   2   1   8   3   2   1   1  0.42 0.32
   81 E   -1 -5 -4  4 -5  3  6 -3 -2 -5 -3 -3  0 -6 -5 -3 -4 -7 -7 -5    5   1   1  20   0  11  45   2   1   1   3   2   3   0   1   2   1   0   0   1  1.23 0.70
   82 C   -4 -8 -8 -8  3 -8 -8 -8 -7 -2  0 -8  1  9 -8 -6 -5  3  1 -1    2   0   0   0   5   0   0   0   0   2   9   0   3  62   0   1   1   3   4   5  2.12 0.92
   83 I    2 -1 -3 -2  2  0  1 -4 -2  2  1  0  1 -1 -4 -3 -3  0  0  2   15   4   1   2   4   4  10   1   1  13  12   5   4   2   1   1   1   1   3  15  0.25 0.21
   84 Q    3  1  1  2 -3  0  1 -2  0 -3 -4  2 -3 -4 -4  1 -2 -3 -1 -4   24   8   6  11   1   4   9   2   3   1   2  12   0   1   1   9   3   0   2   1  0.39 0.31
   85 D   -6 -8 -3  9 -4 -7 -2 -8 -2 -9 -7 -5 -9 -10 -8 -7 -6 -10 -9 -9    1   0   1  92   1   0   2   0   1   0   1   1   0   0   0   0   0   0   0   0  3.14 1.19
   86 F   -1 -7 -8 -8  0 -7 -7 -7 -7  3  1 -7  5  4 -7 -6 -4 -3 -3  5    5   0   0   0   2   0   0   0   0  15  11   0  13  15   0   0   1   0   1  36  1.21 0.55
   87 N   -3  5  3 -1 -5  2  0 -4  0 -4 -1  2  2 -2 -6 -3 -1  1 -3 -5    2  31  12   3   0   9   7   1   2   1   6  11   5   2   0   2   3   2   1   1  0.68 0.40
   88 T   -6  2 -7 -9 -4  1 -7 -9 -8 -2  6 -2 -2 -4 -8 -6 -1 -3 -2 -4    0   9   0   0   0   6   0   0   0   1  71   2   1   0   0   0   5   0   1   0  1.58 0.73
   89 M   -7 -8 -9 -9 -7 -8 -9 -9 -9  6 -2 -8  7 -6 -9 -8  0 -8 -7  4    0   0   0   0   0   0   0   0   0  42   3   0  26   0   0   0   5   0   0  23  2.01 0.83
   90 F   -5 -7 -9 -10  3 -9 -9 -9 -4 -1 -2 -7 -4  8 -6 -6 -5  6  0  0    1   0   0   0   6   0   0   0   1   4   4   0   0  63   0   1   1  11   2   6  2.33 0.90
   91 T    0  0  2  4 -4  1  1 -4  1 -2 -5  1 -4 -4 -5  2  1 -3 -1 -5    6   6  10  19   0   5   8   1   3   3   1   7   0   1   0  17  10   0   2   0  0.47 0.33
   92 N   -9 -8  9 -6  0 -8 -8 -8 -7 -11 -11 -8 -10 -11 -10 -7 -8 -11 -10 -11    0   0  98   0   2   0   0   0   0   0   0   0   0   0   0   0   0   0   0   0  3.77 1.41
   93 C    5 -9 -6 -9 10 -8 -9 -6 -9 -8 -7 -8 -8 -9 -9  0 -4 -1 -9 -5   37   0   0   0  52   0   0   0   0   0   0   0   0   0   0   8   1   1   0   1  2.70 1.05
   94 Y   -3  4 -3 -4 -1  0  0 -6 -1  0  0  1  5  1 -6 -3 -3  2  4 -2    2  19   1   1   1   4   5   0   1   5  10  10  12   6   0   2   1   2  15   2  0.60 0.37
   95 I   -1  0 -2 -4 -3  1 -1 -3 -1  1  2  2  1 -2 -5 -1  3 -6 -2 -1    5   4   2   1   1   6   4   2   1   7  21  15   3   1   0   3  19   0   1   4  0.32 0.26
   96 Y   -9 -9 -9 -10 -4 -9 -9 -10 -3 -8 -5 -9 -8  5 -10 -9 -9 -5 10 -6    0   0   0   0   1   0   0   0   1   0   1   0   0  19   0   0   0   0  78   1  3.41 1.26
   97 N   -8 -7  9 -4 -9 -7 -7 -6 -1 -9 -9 -7 -8 -5 -8 -6 -2  0  0 -9    0   0  88   1   0   0   0   1   2   0   0   0   0   1   0   0   3   1   3   0  3.14 1.21
   98 K   -1  1  0  0 -3  0  1  2  0 -4 -3  2 -2 -6  4  1 -2 -6 -4 -4    6   6   5   4   1   5  10  14   2   1   3  11   1   0  17  11   2   0   1   1  0.37 0.27
   99 P   -1 -1 -3  1 -7 -2  3 -5 -3 -4 -6  3 -4 -5  6 -1 -3 -8 -7 -3    6   3   1   9   0   2  17   1   1   1   1  17   0   1  34   5   1   0   0   2  0.97 0.54
  100 G   -3 -1  1  4 -7 -2  1  4  0 -6 -7 -1 -6 -5 -3  0  1 -4 -5 -7    1   3   6  24   0   2  10  30   2   0   0   4   0   0   1   6   8   0   0   0  0.79 0.45
  101 D   -3 -5  2  2 -7 -2 -2 -5  4 -7 -7 -5 -5 -7 -5  5  4 -8 -5 -7    2   0   7   9   0   2   2   1   9   0   0   0   0   0   0  42  23   0   0   0  1.22 0.67
  102 D   -2  0 -2  3 -3  1  2 -4 -1  1 -2 -1 -1 -1  3 -2 -2  1  0  0    3   5   1  17   1   6  13   0   2   9   4   3   2   2  14   3   2   2   4   7  0.31 0.24
  103 I   -4 -7 -7 -8 -2 -6 -3 -7 -5  4 -1 -6 -1  1 -5 -5 -4 -3  5  5    1   0   0   0   1   0   3   0   0  24   6   0   1   6   1   1   1   0  20  35  1.24 0.58
  104 V   -1 -1 -2 -6  1 -5 -6 -1  5 -3 -3 -6 -4  1 -6 -1  0  3  7  1    6   3   2   0   3   0   0   6  12   1   2   0   0   6   0   4   7   3  35   8  1.05 0.55
  105 L   -1  3  0 -1 -4  1  1 -3  0  0 -1  4 -1 -2 -4  0 -2 -4 -2 -1    6  15   4   3   0   7   7   1   3   5   6  25   2   2   0   5   3   0   1   5  0.34 0.26
  106 M    2 -5 -1  1  5 -1 -3 -6 -1 -1  0 -4  7 -2 -4 -2 -2 -3  1 -2   17   0   3   9  11   3   1   0   2   4   8   1  24   1   1   3   2   0   5   2  0.74 0.45
  107 A    6 -7 -7 -6  2 -6 -6  3 -7 -7 -6 -6  0 -8 -7 -1 -1 -8 -8 -4   65   0   0   0   4   0   0  17   0   0   0   0   2   0   0   4   4   0   0   1  1.63 0.81
  108 E   -2  1  2  0 -3  2  1 -3  2  0  0  3  0 -4 -4 -1  0 -5 -2  0    3   7  11   5   1   9  10   1   4   5   9  16   2   0   0   3   5   0   1   6  0.24 0.21
  109 A    1  3  0 -1 -3  2  2 -3 -2 -2 -4  3 -2 -4 -4  0  1 -4 -2 -2   11  15   4   3   1   9  11   1   1   3   1  19   1   1   0   6   9   0   1   3  0.38 0.29
  110 L   -5 -8 -9 -9 -4 -6 -8 -8 -8  2  6 -8  5 -3 -9 -6 -4 -7 -5  0    1   0   0   0   0   0   0   0   0   9  69   0  13   1   0   1   1   0   0   5  1.80 0.79
  111 E   -2  1 -2 -2 -4  3  5 -5 -1 -5  0  1 -2 -5 -6  1 -5 -5 -3 -4    3   8   2   2   0  14  36   1   2   0   9   9   1   0   0  10   0   0   1   2  0.77 0.50
  112 K    1  2  0  1 -4  1  2 -4 -4 -3 -5  5 -4 -5 -6  0 -2 -7 -4 -4   11  10   5   7   0   5  14   1   0   2   1  33   0   0   0   6   2   0   0   1  0.70 0.44
  113 L   -1 -2 -2 -2 -1 -2  0 -5  0  2  1  0  0  4 -5 -3 -2  0  3  2    4   2   2   3   1   1   6   1   2   9  14   5   2  17   0   1   3   1  10  14  0.34 0.24
  114 F    0 -8 -9 -9  2 -8 -9 -5 -7 -2 -1 -8  1  8 -9 -4 -4  1  1 -1    7   0   0   0   4   0   0   1   0   2   5   0   3  64   0   2   1   1   4   5  2.02 0.85
  115 L   -3  0  1  1 -4  1  4 -5  1 -1  0  1  1 -4 -5 -3 -2  2 -1 -2    2   5   7   6   0   6  31   1   3   3  10   9   4   1   0   1   2   3   2   4  0.49 0.35
  116 Q   -1  1  1  0 -6  3  3 -3 -1 -5 -5  4 -2 -5 -2  1  1 -7 -5 -4    5   7   6   6   0  12  16   2   1   0   1  23   1   0   2   9   8   0   0   1  0.54 0.38
  117 K   -3  3 -2 -2 -5  2  1 -5  1 -2  1  5  1 -3 -6 -4 -2 -1 -1 -3    2  15   2   2   0   8   9   0   4   2  14  29   4   1   0   1   3   1   2   2  0.61 0.40
  118 I   -4 -3 -6 -8  2 -6 -7 -8 -5  3  3 -4  4  3 -8 -5 -5  8  2  1    1   1   0   0   3   0   0   0   0  16  23   1  11  10   0   1   0  18   5   8  1.18 0.57
  119 N    2  1  0  0 -4  2  1 -3 -2 -5 -3  5 -4 -6 -2  0 -2 -4 -6 -3   15   8   3   5   0   8  10   1   1   1   3  30   0   0   2   7   3   0   0   2  0.56 0.39
  120 E   -2 -1  1  1 -5  3  4 -5  1 -5 -2  3 -2 -5 -3 -1 -2 -7 -4 -4    4   3   7   6   0  12  30   1   3   1   4  17   1   1   1   4   2   0   0   1  0.67 0.44
  121 L   -4 -3 -6 -8 -3 -5 -6 -8 -7  5  4 -4  5  2 -7 -5 -5 -6 -2  1    1   2   0   0   0   0   0   0   0  25  35   1  15   8   0   0   0   0   1   9  1.17 0.56
  122 P   -4  0 -2 -4 -2 -2  1 -6 -6 -3 -3 -1  0 -1  7 -2 -4 -7  0 -2    1   6   2   1   1   2  11   0   0   2   3   3   2   3  52   3   1   0   4   4  1.27 0.63
  123 T    1 -1 -2  2 -5  3  2 -2 -1 -5 -3  2 -3 -5  1  2  1 -6 -5 -3   10   2   1  11   0  13  13   3   1   0   2  12   0   0   7  16   7   0   0   2  0.40 0.31
  124 E   -2 -2 -2  4 -7  0  6 -1 -1 -5 -7 -1 -6 -5 -1 -2 -1 -7 -6 -2    4   1   1  23   0   3  46   4   2   0   0   3   0   0   3   2   4   0   0   3  1.03 0.53
  125 E   -5 -5 -4  4 -8 -1  7 -6 -5 -8 -7 -4 -7 -8 -6 -4 -5 -8 -7 -7    0   0   0  19   0   2  79   0   0   0   0   0   0   0   0   0   0   0   0   0  2.20 0.82

                      K         Lambda
Standard Ungapped    0.1359     0.3180
Standard Gapped      0.0410     0.2670
PSI Ungapped         0.2041     0.3181
PSI Gapped           0.0625     0.2670
