   56         A         R         N         D         C         Q         E         G         H         I         L         K         M         F         P         S         T         W         Y         V    
  1 M   1 -0.164667 -0.164667 -0.329334 -0.494001 -0.164667  0.000000 -0.329334 -0.494001 -0.329334  0.164667  0.329334 -0.164667  0.823335  0.000000 -0.329334 -0.164667 -0.164667 -0.164667 -0.164667  0.164667
  2 Q   2 -0.232770 -0.051173 -0.126992 -0.170356 -0.474287  0.402042  0.121393 -0.428570  0.100466 -0.394094 -0.305013 -0.034476 -0.110153 -0.153374 -0.309529 -0.113729 -0.166455 -0.127788  0.295469 -0.275053
  3 Y   3 -1.932257 -1.983842 -1.983842 -2.898386 -1.932257 -1.069299 -1.983842 -2.898386  1.777502 -0.914544 -0.914544 -1.983842 -0.914544  3.053141 -2.949971 -1.932257 -1.932257  1.880672  6.556560 -0.966129
  4 K   4 -1.155221  1.432168 -0.101647 -1.259123 -2.821520  0.611612  0.495735 -2.134438  0.235020 -2.605970 -1.715312  3.420296 -0.939671 -2.354777 -1.334593 -0.343402 -1.155221 -2.645798 -1.137455 -1.933117
  5 L   5 -1.066662 -2.209909 -2.973575 -3.737242 -1.130158 -2.146413 -2.910079 -3.762305 -2.695643  1.818073  3.168288 -2.146413  1.615892  0.770302 -3.049046 -1.982383 -1.066662 -1.654043 -0.435327  0.953873
  6 V   6 -0.467275 -2.649857 -2.546315 -2.710344 -1.020788 -2.276756 -2.301819 -3.232331 -2.744333  2.635072  1.131511 -2.276756  0.677642 -0.432012 -2.341776 -1.534401  0.186111 -2.649716 -0.980690  2.688738
  7 I   7 -1.034404 -2.319881 -2.263146 -3.043832 -1.257150 -2.021665 -2.484871 -3.412567 -2.024760  2.017734  1.737237 -2.160631  0.847012  0.067161 -2.750829 -1.791896 -0.907412 -2.017999  0.057043  1.547504
  8 N   8 -1.508392  0.458858  3.312829  0.043210 -2.833826  0.194492  0.194492 -0.878107  0.043210 -2.554326 -2.359835  1.531457 -1.438518 -2.833826 -1.648142  0.447326 -0.334241 -3.560651 -1.912509 -2.150210
  9 G   9 -0.093801 -1.968402 -0.514596 -1.440768 -2.169208 -1.889399 -2.047308  3.519538 -2.101247 -2.614839 -2.429063 -1.889399 -1.941386 -2.351100 -2.101247 -0.054660 -1.547510 -2.101343 -2.523904 -2.073319
 10 K  10 -0.218180  0.729532  0.252677 -0.663111 -2.508401  0.786079  0.757409 -1.143351 -0.861073 -2.523267 -2.006333  2.284882 -1.117080 -2.755760 -1.168632  0.218710 -0.730486 -2.955224 -1.906464 -1.642240
 11 T  11 -0.676190 -0.870518  0.569319  0.765881 -1.969309  0.057048  0.333697 -1.427709 -1.258531 -1.929644 -2.015059 -0.612592 -1.457864 -2.436651 -1.084605  0.600420  2.263932 -2.555645 -2.097716 -1.190292
 12 L  12  0.298108 -1.370025 -2.026436 -2.655317 -0.932396 -1.529854 -1.949894 -2.333347 -2.100645  0.225981  1.026102 -1.489897  0.305896 -0.157817 -2.161588 -0.649370  0.160820 -1.822303 -0.893279  0.128430
 13 K  13 -0.557225  0.434000 -0.178580 -0.962254 -2.153649  0.438736  0.201729 -1.772152 -1.135925 -1.998607 -1.516510  2.054767 -0.743716 -1.946346 -1.196574  0.489094  0.287193 -2.396517 -1.495818 -1.291250
 14 G  14 -0.368757 -2.014244 -0.990522 -1.360022 -2.392049 -1.565968 -1.320679  1.732290 -1.700426 -1.566945 -2.082797 -1.732392 -1.547010 -1.653300 -2.031662 -0.702678 -1.392479 -1.949376 -1.465143 -0.882152
 15 E  15 -0.539319 -0.367758  0.019094  1.127779 -3.000985  1.167736  3.202592 -1.694282 -0.476678 -2.301836 -2.381751  0.489451 -1.564499 -2.570585 -1.006086  0.584870  0.005279 -2.789466 -1.892300 -1.474673
 16 T  16  0.406791 -1.158012 -0.378831 -1.211855 -0.926989 -1.009135 -1.039052 -1.754193 -1.865376 -0.798723 -0.926818 -1.039052 -0.871905 -1.762276 -1.147972  0.955113  3.615601 -2.126308 -1.666696  0.044177
 17 T  17 -0.317233 -1.329317 -0.463369 -0.238105 -1.463408 -0.893379 -0.441936 -2.090819 -1.869453 -0.730808 -0.948639 -1.111348 -0.960591 -1.885120 -1.332848  0.282759  2.435985 -2.511395 -1.972542 -0.202623
 18 T  18 -0.562955 -0.818595 -0.300055 -1.345349 -1.493209 -0.772939 -0.921524 -2.196764 -0.632984 -1.224175 -1.169427 -0.579194 -1.021204 -1.242441 -1.414733  0.240280  2.712111 -1.532680 -0.361113 -0.490324
 19 K  19 -0.765334  0.044895 -0.466990  0.098344 -2.833588  0.828198  2.221172 -2.155663 -0.920439 -1.974803 -1.957292  1.540084 -1.191958 -2.626368 -1.172361 -0.215627 -0.387020 -2.904301 -1.861034 -0.991501
 20 A  20  3.485358 -1.102928 -2.102928 -2.205857 -0.102928 -1.102928 -1.205857 -0.411713 -2.102928 -0.691215 -0.485358 -1.102928 -0.691215 -1.794143 -1.205857  0.691215 -0.102928 -2.897072 -1.897072  0.102928
 21 V  21  0.009873 -2.703029 -2.267092 -2.485061 -1.277933 -1.911125 -1.911125 -1.581426 -2.703029  1.701354  0.137291 -1.911125  0.286130 -1.287805 -1.990127 -1.248054 -0.268060 -2.861034 -1.356935  2.484093
 22 D  22 -1.346094 -1.782031  1.000000  4.692189 -2.564063  0.000000  1.564063 -0.782031 -1.000000 -2.782031 -3.564063 -0.782031 -2.564063 -2.782031 -1.000000  0.871874 -0.564063 -3.782031 -2.782031 -2.782031
 23 A  23  2.923875 -1.454124 -2.143124 -2.185093 -0.269031 -1.227062 -1.227062 -0.765125 -2.227062 -0.091752 -0.545876 -1.227062 -0.545876 -1.772938 -1.227062  0.318814  0.209846 -2.958031 -1.772938  0.908248
 24 E  24  1.535462 -0.938198 -0.902943  0.263081 -1.707560 -0.119418  0.969785 -0.261880 -1.320186 -2.027747 -2.166713 -0.528808 -1.687667 -2.479046 -1.069656  0.520954 -0.548701 -3.069311 -2.208622 -1.166713
 25 T  25 -0.311714 -0.825753 -0.518616 -1.352477 -1.350202 -0.892325 -0.899058 -2.321530 -1.985726 -0.643971 -0.534740 -0.360550 -0.599344 -1.841526 -1.321530  0.318328  3.008645 -2.256926 -1.827128  0.058713
 26 A  26  4.000000 -1.000000 -2.000000 -2.000000  0.000000 -1.000000 -1.000000  0.000000 -2.000000 -1.000000 -1.000000 -1.000000 -1.000000 -2.000000 -1.000000  1.000000  0.000000 -3.000000 -2.000000  0.000000
 27 E  27 -0.751641  0.339512 -0.067743  1.202398 -3.679235  1.476099  3.712369 -1.300239 -0.225747 -3.011260 -2.904982  0.801528 -1.938853 -2.966129 -1.185280 -0.072406 -1.045131 -2.920998 -2.079002 -2.117537
 28 K  28 -0.977932  1.525079  0.423757 -0.577365 -2.914437  1.971723  1.146584 -1.787445 -0.586870 -2.957218 -2.063496  3.340696 -0.793996 -2.957218 -1.080134  0.217984 -0.850941 -2.793996 -1.730500 -2.080134
 29 A  29 -0.121445 -2.019086 -2.142337 -2.376507 -1.396284 -1.243142 -1.356651 -2.379080 -0.876249  0.292123 -0.389632 -1.633169 -0.344593  0.242576 -2.135106 -1.182798 -0.562918 -1.172857  1.442858  0.837483
 30 F  30 -1.902849 -2.972505 -3.000000 -3.027495 -1.902849 -2.972505 -3.000000 -3.097151 -1.194302  0.333613  0.249292 -2.972505  0.124646  5.417095 -3.902849 -2.000000 -1.902849  0.638892  2.611397 -0.666387
 31 K  31 -1.000000  2.319895 -0.276051 -1.396492 -2.873008  0.660453  0.390953 -2.126992 -0.900273 -2.555529 -1.788798  3.426843 -0.915790 -2.852294 -1.054238 -0.439274 -1.000000 -3.042782 -1.979286 -1.952021
 32 Q  32 -0.432797 -0.108544 -0.587434 -0.189827 -2.308320  2.415394  0.855643 -1.910271 -0.622985 -1.907954 -1.319820 -0.013101 -0.282078 -2.375080 -1.315832 -0.176865 -0.885445 -2.404819 -1.288802 -1.327002
 33 Y  33 -1.697075 -2.006160 -1.921950 -2.852294 -1.824067 -1.118597 -1.985446 -2.921950  1.247326 -0.586873 -0.640621 -1.942664 -0.732344  2.345209 -2.873008 -1.619025 -1.697075  1.163116  5.529039 -0.699310
 34 A  34  3.015127 -1.233709 -2.084430 -2.062362 -0.341120 -1.069143 -1.004294 -0.686534 -2.084430 -0.441591 -0.527594 -1.111925 -0.639299 -1.781797 -1.260984  0.447238 -0.133773 -2.936504 -1.830007  0.376427
 35 N  35 -1.342471 -0.058945  4.342876  0.540270 -2.561572 -0.000113 -0.000113 -0.320764  0.321056 -2.700538 -2.620404  0.320424 -1.700652 -2.780786 -1.700652  1.336764  0.460070 -3.620404 -2.000000 -2.540156
 36 D  36 -0.543799 -1.076733  0.616684  2.845134 -2.552855  0.233570  1.729892 -0.923840 -0.837225 -2.590866 -3.016254 -0.257206 -2.199430 -2.774042 -1.079002  0.433305 -0.652258 -3.545243 -2.466241 -2.178891
 37 N  37 -1.351828 -0.102883  4.034152  0.881051 -2.636504  0.102928  0.229920 -0.318176  0.474538 -2.818252 -2.778820  0.426734 -1.778820 -2.769429 -1.651828  1.329996 -0.033500 -3.666500 -1.965849 -2.715324
 38 G  38 -0.117714 -1.693795  0.524268 -0.796723 -2.708580 -1.651013 -1.651013  4.438397 -1.716475 -3.525404 -3.525404 -1.651013 -2.628332 -2.854290 -1.854290  0.354303 -0.990661 -2.203277 -2.774042 -2.648433
 39 V  39 -0.330742 -2.782031 -3.000000 -3.217969 -1.000000 -2.112774 -2.330742 -3.330742 -3.000000  2.894805  1.766680 -2.112774  1.217969 -0.669258 -2.330742 -2.000000 -0.330742 -2.782031 -1.000000  3.233320
 40 D  40 -1.736159 -1.249582  1.372745  3.850904 -3.048293  0.453237  1.771731 -1.121969 -0.406037 -2.945365 -3.481968 -0.528185 -2.445789 -2.966641 -0.821125  0.099090 -0.721540 -3.666622 -2.481738 -2.708842
 41 G  41 -0.217969 -2.000000 -0.653906 -1.653906 -2.564063 -2.000000 -2.217969  3.820314 -2.217969 -2.692189 -2.256251 -2.000000 -1.910157 -2.346094 -2.217969 -0.435937 -1.782031 -2.000000 -2.564063 -2.128126
 42 V  42 -0.829789 -1.150354 -0.709043  0.943031 -2.793074  0.424452  2.211485 -2.066277 -0.816094 -1.126813 -1.847393 -0.241959 -1.180982 -2.241217 -1.272437 -0.606026 -0.690823 -2.986210 -1.664949 -0.332972
 43 W  43 -2.732689 -2.871655 -3.689907 -3.689907 -1.914437 -2.053403 -2.871655 -2.053403 -1.775470 -2.454756 -1.636504 -2.871655 -0.818252  1.652050 -3.828873 -2.732689 -1.914437  9.139739  2.053403 -2.593722
 44 T  44  0.365376 -0.957218  0.056187 -0.849500 -0.905687 -0.797968 -0.797968 -1.492874 -1.755187 -1.116468 -1.116468 -0.797968 -0.957218 -1.914437 -0.957218  1.434968  3.891434 -2.125218 -1.914437 -0.318500
 45 Y  45 -1.844781 -1.914437 -1.984092 -2.941311 -1.844781 -1.026874 -1.984092 -2.941311  1.566159 -0.748252 -0.608940 -1.914437 -0.748252  2.662688 -2.871655 -1.914437 -1.844781  1.635814  6.143284 -0.817907
 46 D  46 -1.632004 -1.472806  0.764538  4.783473 -2.781903  0.073011  1.721756 -1.030229 -0.987136 -2.811820 -3.533265 -0.339648 -2.605964 -2.841738 -0.957218  0.029917 -0.927301 -3.696028 -2.738809 -2.678975
 47 D  47 -1.472137 -1.584972  0.362949  3.943309 -2.868310  0.107953  1.806364 -1.232769 -0.928097 -2.738525 -3.386797 -0.694319 -2.496144 -2.833336 -0.159973 -0.081950 -0.784133 -3.520856 -2.530821 -2.444613
 48 A  48  3.192173 -0.829878 -1.659757 -1.405076 -0.509360 -0.575198 -0.193178 -0.254680 -1.659757 -1.211898 -1.211898 -0.702538 -1.084558 -2.041777 -0.957218  0.829878 -0.127340 -2.871655 -1.914437 -0.254680
 49 T  49  0.090174 -1.096530 -0.288882 -1.136487 -0.917261 -1.096530 -1.096530 -1.973833 -1.984092 -0.608940 -0.748252 -1.096530 -0.817907 -1.775125 -1.096530  0.748252  4.168371 -2.024050 -1.844781  0.208967
 50 K  50 -1.175187  1.041873 -0.228005 -1.324190 -2.653342  0.451281  0.302623 -2.132750  0.391174 -2.365372 -1.556467  2.911689 -0.887218 -1.910742 -1.393500 -0.436282 -1.175187 -2.268022 -0.577895 -1.765434
 51 T  51  0.000000 -0.957218  0.000000 -0.957218 -0.957218 -0.957218 -0.957218 -1.914437 -1.914437 -0.957218 -0.957218 -0.957218 -0.957218 -1.914437 -0.957218  0.957218  4.786092 -1.914437 -1.914437  0.000000
 52 F  52 -1.941932 -2.856532 -2.884027 -2.899150 -1.914437 -2.813913 -2.856532 -2.844160 -0.939344 -0.097609 -0.070114 -2.856532 -0.042618  5.560464 -3.813750 -1.941932 -1.914437  1.247293  2.904653 -1.012209
 53 T  53  0.000000 -1.235151 -0.416899 -1.235151 -0.957218 -1.096185 -1.096185 -2.053403 -2.053403 -0.401353 -0.679286 -1.096185 -0.679286 -1.775470 -1.096185  0.540319  4.091260 -2.053403 -1.775470  0.555865
 54 V  54  0.316009 -2.574684 -2.375754 -2.514720 -1.156149 -1.835434 -1.835434 -1.383952 -2.653686  1.582882  0.104382 -1.835434  0.243349 -1.314153 -1.835434 -1.399497 -0.277933 -2.732689 -1.314153  2.540100
 55 T  55  0.000000 -0.893723  0.000000 -0.893723 -0.893723 -0.893723 -0.893723 -1.787445 -1.787445 -0.893723 -0.893723 -0.893723 -0.893723 -1.787445 -0.893723  0.893723  4.468613 -1.787445 -1.787445  0.000000
 56 E  56 -1.111691 -0.435937  0.217969  2.659319 -3.356921  1.351508  3.814707 -1.569476 -0.217969 -2.681168 -2.899136  0.457785 -2.005414 -2.681168 -0.893723  0.000000 -0.893723 -2.899136 -2.005414 -2.005414
