30
GLGGAIAGFIEGGWTGMIDGWYGGSKKKKD
2.670000e-03
4.100000e-02
-3.194183e+00
1.400000e-01
2.670000e-03
4.658224e-02
-3.066536e+00
1.400000e-01
3.176060e-03
1.339561e-01
-2.010243e+00
4.012145e-01
-32768  12  -32768  -280  -150  -237  -347  616  -230  -415  -173  -404  -300  -52  -240  -202  -258  -38  -178  -350  -279  -100  -339  -32768  -32768  -402  -32768  -32768  
-32768  -169  -32768  -152  -395  -321  173  -397  -294  177  -279  400  197  -370  -323  -249  -250  -271  -139  85  -152  -100  -51  -32768  -32768  -402  -32768  -32768  
-32768  -218  -32768  -258  -368  -345  637  -88  -155  -22  -325  74  4  -309  -382  -333  -303  -246  -226  -95  67  -100  281  -32768  -32768  -402  -32768  -32768  
-32768  12  -32768  -280  -150  -237  -347  616  -230  -415  -173  -404  -300  -52  -240  -202  -258  -38  -178  -350  -279  -100  -339  -32768  -32768  -402  -32768  -32768  
-32768  444  -32768  -51  -198  -101  -248  12  -184  -151  -86  -166  -109  -174  -95  -94  -161  117  -11  -27  -283  -100  -200  -32768  -32768  -402  -32768  -32768  
-32768  -151  -32768  -141  -348  -356  -24  -415  -361  462  -299  161  118  -359  -309  -310  -334  -264  -85  274  -289  -100  -152  -32768  -32768  -402  -32768  -32768  
-32768  430  -32768  -53  -185  -95  -249  10  -178  -156  -82  -172  -111  -152  -95  -88  -155  150  2  -34  -284  -100  -198  -32768  -32768  -402  -32768  -32768  
-32768  12  -32768  -280  -150  -237  -347  616  -230  -415  -173  -404  -300  -52  -240  -202  -258  -38  -178  -350  -279  -100  -339  -32768  -32768  -402  -32768  -32768  
-32768  -250  -32768  -268  -390  -358  679  -348  -143  -25  -345  38  -6  -336  -402  -355  -313  -267  -239  -101  93  -100  315  -32768  -32768  -402  -32768  -32768  
-32768  -152  -32768  -140  -354  -350  -14  -412  -353  431  -295  213  133  -361  -309  -299  -319  -264  -90  255  -273  -100  -147  -32768  -32768  -402  -32768  -32768  
-32768  -102  -32768  -403  159  551  -357  -239  -20  -357  78  -319  -226  -36  -130  197  -20  -23  -102  -275  -318  -100  -229  -32768  -32768  -402  -32768  -32768  
-32768  -30  -32768  -284  -39  -164  -341  523  -117  -396  -122  -394  -281  313  -234  -131  -184  -5  -120  -340  -310  -100  -304  -32768  -32768  -402  -32768  -32768  
-32768  12  -32768  -280  -150  -237  -347  616  -230  -415  -173  -404  -300  -52  -240  -202  -258  -38  -178  -350  -279  -100  -339  -32768  -32768  -402  -32768  -32768  
-32768  -290  -32768  -266  -476  -324  87  -287  -270  -296  -337  -192  -169  -418  -414  -227  -307  -315  -280  -324  1165  -100  223  -32768  -32768  -402  -32768  -32768  
-32768  -56  -32768  -249  7  283  -321  -202  -93  -239  10  -245  -159  -51  407  187  -67  59  201  -170  -306  -100  -221  -32768  -32768  -402  -32768  -32768  
-32768  12  -32768  -280  -150  -237  -347  616  -230  -415  -173  -404  -300  -52  -240  -202  -258  -38  -178  -350  -279  -100  -339  -32768  -32768  -402  -32768  -32768  
-32768  -127  -32768  -157  -361  -253  10  -330  -215  132  -189  303  542  -280  -291  -103  -182  -200  -98  72  -170  -100  -118  -32768  -32768  -402  -32768  -32768  
-32768  -103  -32768  -133  -332  -291  -57  -378  -319  382  -207  123  93  -313  -286  -237  -72  -220  -59  317  -296  -100  -147  -32768  -32768  -402  -32768  -32768  
-32768  95  -32768  -263  532  102  -343  -94  -116  -290  -76  -326  -260  193  -153  -47  -161  18  -79  -237  -408  -100  -291  -32768  -32768  -402  -32768  -32768  
-32768  12  -32768  -280  -150  -237  -347  616  -230  -415  -173  -404  -300  -52  -240  -202  -258  -38  -178  -350  -279  -100  -339  -32768  -32768  -402  -32768  -32768  
-32768  -290  -32768  -266  -476  -324  87  -287  -270  -296  -337  -192  -169  -418  -414  -227  -307  -315  -280  -324  1165  -100  223  -32768  -32768  -402  -32768  -32768  
-32768  -201  -32768  -277  -320  -206  294  -331  326  -167  -196  -137  -122  -199  -321  -141  -177  -185  -185  -154  207  -100  718  -32768  -32768  -402  -32768  -32768  
-32768  12  -32768  -280  -150  -237  -347  616  -230  -415  -173  -404  -300  -52  -240  -202  -258  -38  -178  -350  -279  -100  -339  -32768  -32768  -402  -32768  -32768  
-32768  -205  -32768  -268  -349  -294  557  -86  14  -80  -274  -28  -54  -268  -359  -259  -258  -217  -211  -124  140  -100  528  -32768  -32768  -402  -32768  -32768  
-32768  -105  -32768  -307  -105  53  -249  -202  525  -327  98  -266  -132  12  -195  303  327  46  -87  -279  -265  -100  -13  -32768  -32768  -402  -32768  -32768  
-32768  -178  -32768  -340  -129  -13  -164  -229  816  -359  70  -313  -180  43  -232  49  2  -100  -183  -342  -276  -100  148  -32768  -32768  -402  -32768  -32768  
-32768  -41  -32768  -273  -25  204  -330  -163  -5  -304  185  -257  -103  2  -134  450  146  141  -22  -238  -259  -100  -180  -32768  -32768  -402  -32768  -32768  
-32768  -166  -32768  -306  112  -24  -339  -67  41  -355  102  -367  -234  607  -215  10  -12  48  -22  -317  -405  -100  -234  -32768  -32768  -402  -32768  -32768  
-32768  95  -32768  -215  131  288  -309  -112  -70  -283  141  -275  -173  4  -114  151  -3  214  13  -203  -311  -100  -210  -32768  -32768  -402  -32768  -32768  
-32768  -112  -32768  -373  243  423  -362  -215  -9  -340  81  -299  -164  0  -142  395  13  -25  -98  -276  -295  -100  -217  -32768  -32768  -402  -32768  -32768  
