
Last position-specific scoring matrix computed, weighted observed percentages rounded down, information per position, and relative weight of gapless real matches to pseudocounts
           A  R  N  D  C  Q  E  G  H  I  L  K  M  F  P  S  T  W  Y  V   A   R   N   D   C   Q   E   G   H   I   L   K   M   F   P   S   T   W   Y   V
    1 E   -6 -5 -3  7 -8 -3  5 -6 -5 -8 -8 -4 -7 -8 -6 -4 -5 -8 -7 -7    0   0   0  66   0   0  34   0   0   0   0   0   0   0   0   0   0   0   0   0  2.23 0.80
    2 I   -3 -6 -7 -7 -2 -6 -6 -7 -7  5  1 -6  1 -2 -6 -5 -4 -6 -5  6    1   0   0   0   1   0   0   0   0  31  14   0   3   1   0   0   0   0   0  49  1.38 0.56
    3 E   -3  2 -2 -2 -6  1  3 -3 -2 -5 -6  6 -3 -7 -5 -3  0 -6 -5 -5    1  12   1   1   0   6  19   1   1   0   0  48   0   0   0   1   7   0   0   0  1.10 0.53
    4 A    3 -1  1  1 -3  1  3 -1 -2 -4 -3  2 -2 -5 -4  1 -1 -5 -4 -3   26   2   5   9   0   6  18   4   0   0   3  13   1   0   0   8   2   0   0   0  0.40 0.28
    5 A    5  0 -4 -3 -3 -1  1 -3 -2 -1  1 -1  0 -4 -4 -1 -1 -3 -2 -1   49   4   0   1   0   2  11   0   1   4  12   3   3   0   0   2   2   0   1   3  0.58 0.38
    6 M   -3 -4 -7 -7 -5 -5 -6 -7 -6  2  4 -5  9 -2 -7 -6 -4 -6 -5  0    2   1   0   0   0   0   0   0   0   8  36   0  45   1   0   0   0   0   0   6  1.66 0.66
    7 K    0 -1 -1 -1 -2 -1  3 -2 -3 -1 -3  3 -3 -4 -4  3  1 -5 -2 -1    6   2   2   2   1   2  20   2   0   3   1  17   0   0   0  29   8   0   1   3  0.46 0.33
    8 G    0 -4 -1  0 -6 -3  0  6 -5 -6 -5 -2 -6 -5 -5  1 -3 -6 -6 -5    7   1   3   5   0   1   6  62   0   0   1   3   0   0   0  10   1   0   0   0  1.21 0.52
    9 M   -3  1 -2 -6 -2 -1 -2 -6  1 -2  3  2  8 -3 -6 -3 -3 -5 -3 -3    2   6   2   0   1   3   2   0   3   1  26  12  39   0   0   1   1   0   0   1  1.06 0.52
   10 L   -4 -4 -7 -7 -5 -5 -6 -7 -7 -1  6 -3  2 -3 -7 -5 -4 -3 -5 -2    1   1   0   0   0   0   0   0   0   1  87   2   3   0   0   1   1   0   0   2  1.76 0.68
   11 D    2 -3 -3  2 -5 -2  2 -2 -4 -4 -5  2 -3 -5  4  1 -1 -6 -5 -4   21   1   0  13   0   1  15   3   0   0   0  12   0   0  19  11   3   0   0   0  0.60 0.35
   12 P   -3 -5 -4 -4 -3 -4 -3 -5 -2 -4 -5  0 -3 -8  8 -2 -4 -8 -4 -4    2   0   1   1   1   1   1   1   1   1   1   5   1   0  78   2   1   0   1   1  2.28 0.83
   13 E   -2 -1  1  0 -5 -1  4 -5 -2  2 -1  1 -3 -5 -4 -2  1 -6 -4  2    2   3   6   4   0   2  34   0   0  11   4   7   0   0   0   1   9   0   0  17  0.51 0.33
   14 Y   -2 -2 -3 -2 -4 -1  0 -5 -1  2  0  0  0  3 -2 -3  0 -2  5  2    2   2   1   2   0   3   7   0   1  13   8   6   2  11   2   1   5   0  21  14  0.36 0.24
   15 E   -3  3 -3 -1 -4  0  4 -5 -1  1 -4  3 -3 -4 -4 -1  0 -6 -4  1    1  15   1   2   0   3  30   0   1   8   0  20   0   1   0   3   5   0   0  10  0.61 0.36
   16 E   -4 -3 -3 -1 -5  2  7 -4 -2 -4 -4 -1 -2 -3 -4 -4 -1 -6 -1 -4    1   1   1   3   0   9  69   1   1   1   1   2   1   1   0   0   4   0   2   1  1.49 0.65
   17 K   -3  1  0 -2 -5  1  3 -5  0 -1 -3  4 -3 -4 -4 -2  0 -5 -3  2    0   7   5   1   0   6  22   0   2   3   1  25   0   0   0   2   7   0   0  18  0.52 0.33
   18 V   -2 -3 -2 -2 -4  0  0 -5 -2  4 -1 -1 -1  0  0 -2 -1 -4  0  4    1   1   2   2   0   5   6   0   1  24   3   3   1   4   5   2   4   0   4  34  0.47 0.29
   19 I   -2 -4 -4 -4 -3 -2 -3 -5 -1  4  3 -3  0 -3 -5 -3  3 -5 -3  2    2   0   0   1   0   2   1   0   2  29  25   1   2   0   0   1  20   0   0  14  0.68 0.35
   20 G    0 -6 -5 -5 -2 -6 -6  7 -6 -8 -8 -6 -7 -7 -6 -2 -5 -7 -7 -7    7   0   0   0   1   0   0  90   0   0   0   0   0   0   0   3   0   0   0   0  2.30 0.76
   21 Q   -2  2  0 -2 -4  2  4 -4  2 -2 -2  0 -1 -3 -4  0  1 -5 -1 -3    1  11   4   1   0  10  31   0   5   2   4   5   1   1   0   7  11   0   3   1  0.45 0.29
   22 A    6 -5 -5 -6 -1 -5 -5 -1 -5 -1 -2 -5 -2 -4 -5 -2 -2 -6 -5  2   69   0   0   0   1   0   0   4   0   3   4   0   1   0   0   1   1   0   0  16  1.25 0.56
   23 E   -3 -2  0  0 -4  0  6 -5  1 -3 -4  1 -4 -5 -5  0 -1 -6 -4 -2    1   1   4   4   0   4  58   0   3   2   2   7   0   0   0   5   4   0   0   3  1.03 0.50
   24 V   -3 -6 -7 -7  1 -6 -6 -7 -7  5 -2 -6 -3 -4 -6 -5 -3 -7 -5  6    1   0   0   0   2   0   0   0   0  35   1   0   0   0   0   0   1   0   0  60  1.70 0.64
   25 R    0  6 -4 -4 -5 -1 -2 -3 -3  0  2  2 -2 -5 -5 -2 -3 -5 -5 -3    8  46   0   0   0   2   2   2   0   5  20  11   1   0   0   2   0   0   0   1  0.85 0.44
   26 Q    2 -2  0  1 -5  5  3 -3 -2 -5 -4  2 -2 -6 -4 -2 -1 -5 -5 -4   19   1   5   8   0  29  20   1   1   0   1  11   1   0   0   1   3   0   0   1  0.72 0.41
   27 T   -3 -4 -4 -5 -3 -3 -3 -6 -4  3  0 -4 -1 -3 -3 -2  2 -5 -4  5    1   0   1   0   0   1   2   0   0  17   8   1   1   1   1   2  15   0   0  48  0.88 0.43
   28 F   -6 -7 -7 -8 -7 -7 -7 -7 -5 -1 -3 -7 -2  9 -8 -7 -6  1  2 -4    0   0   0   0   0   0   0   0   0   4   1   0   1  87   0   0   0   2   5   1  2.75 0.86
   29 K   -2  3  1  0 -5 -1  2 -3  0 -3 -3  4 -2 -2  0  1  0 -2 -2 -2    1  15   6   5   0   1  14   1   2   1   2  28   1   1   5  10   5   0   1   2  0.39 0.25
   30 V    0 -4 -4 -5 -3 -4 -4 -4  0  5  1 -4 -1  0 -4  1 -1 -4  0  3    8   1   1   0   0   0   0   1   3  33   9   0   1   3   0  11   2   0   3  25  0.60 0.32
   31 S   -1 -2  0 -2 -4 -2 -3  0 -1 -5 -5  0 -5 -6  3  5  1 -6 -5 -4    3   1   5   1   0   1   0   7   1   0   0   4   0   0  17  49   9   0   0   1  0.90 0.47
   32 K   -3  1  1 -2 -5  0 -2  0  0 -3  0  6 -3 -5 -4 -2 -3 -6 -5 -3    1   6   6   2   0   3   1   8   2   1   9  57   0   0   0   2   1   0   0   2  0.92 0.45
   33 V    0 -1 -2 -3 -2 -1 -2  1 -2  1 -1  2 -1  0 -3 -1 -1 -2 -1  3    6   3   2   1   0   2   1  10   1   9   5  17   1   5   0   5   2   0   1  28  0.21 0.19
   34 G   -2 -1 -2 -2 -5 -3 -3  6 -5 -1 -3 -1 -3 -5 -4 -3 -3 -5 -5 -1    2   3   2   2   0   1   2  69   0   4   2   4   0   0   1   1   1   0   0   4  1.25 0.49
   35 T    0 -1  3 -2 -4  0 -2 -4 -2 -1 -2  3 -1 -3  1  0  3 -5 -3  0    8   2  13   1   0   3   0   0   1   3   3  25   1   1   6   4  22   0   0   6  0.40 0.29
   36 I   -1 -4 -2 -4 -3 -3 -4 -4 -4  6 -1 -2 -1 -2 -3 -3 -1 -4 -3  4    5   1   2   1   0   1   1   1   0  47   1   2   0   0   1   1   2   0   0  33  0.85 0.32
   37 A    6 -3 -3 -4  0 -3 -3  0 -4 -2 -2 -3 -3 -4 -3 -1 -2 -4 -1  0   70   1   1   1   2   1   1   6   0   2   4   1   0   0   1   2   1   0   2   5  1.00 0.40
   38 G   -3 -4 -3 -1  1 -4 -4  7 -4 -5 -5 -4 -4 -5 -4 -3 -4 -4 -5 -5    1   1   1   3   3   1   1  83   0   1   1   1   0   0   1   1   1   0   0   1  1.79 0.50
   39 C   -1 -4 -4 -4 10 -4 -4  0 -4 -2 -2 -4 -1 -1 -4  1 -2 -4 -4 -1    5   1   1   1  55   1   1   7   0   2   4   1   1   2   1  10   2   0   0   5  1.57 0.46
   40 Y   -2  3 -3 -3 -3  0 -2 -3 -1  0  1  0  5  0 -3 -1 -2 -1  4 -1    2  20   1   1   0   3   2   2   1   4  10   5  20   3   1   3   2   1  18   3  0.46 0.24
   41 V   -2 -4 -4 -4  1 -2 -4 -4 -4  1  0 -4  1 -3 -4 -3 -2 -4 -1  6    2   1   1   1   3   2   1   1   0   6   5   1   3   0   1   1   1   0   2  71  1.15 0.41
   42 T   -1  0  0  0 -2  1 -1 -2 -2  2  0  0  0 -2 -2  0  3 -3 -2  0    2   5   3   4   0   7   3   2   1  12  11   5   2   1   1   5  29   0   1   5  0.20 0.15
   43 D   -1 -1  2  4 -3  0  3 -2 -1 -3 -3  1 -1 -3 -2  1  0  0 -2 -3    3   2  10  21   0   2  22   2   1   1   2   9   1   1   1  13   4   2   1   1  0.40 0.20
   44 G   -3 -4  0 -4 -4 -4 -4  7 -4 -5 -5 -4 -4 -5 -4 -3 -4 -4 -5 -5    1   1   4   1   0   1   1  85   0   1   1   1   0   0   1   1   1   0   0   1  1.87 0.52
   45 K    0  0 -1 -2 -1  1  0 -3  0  0 -1  3  0 -1 -1  0  1 -3  1  1    5   3   3   1   1   6   4   1   2   6   5  27   2   2   2   5   8   0   5  14  0.16 0.13
   46 I   -1 -4 -4 -4 -3 -3 -4 -4 -4  4  3 -3  2  1 -4 -3 -2  0 -2  3    3   1   1   1   0   1   1   1   0  29  24   1   4   4   1   1   1   2   0  26  0.62 0.24
   47 T   -2  2  1 -1 -2  1  0 -3  0 -2 -1  4 -2 -2 -2  0  2 -4 -1 -1    2  11   6   3   1   6   6   0   3   2   5  27   0   2   1   6  13   0   2   5  0.30 0.23
   48 R   -2  7 -2 -4 -7 -2 -1 -5 -2 -5 -4  3 -3 -6 -4 -2 -3 -7 -5 -3    4  63   2   0   0   1   3   1   1   0   1  18   1   0   1   2   1   0   0   2  1.52 0.63
   49 D   -1 -1  4  2 -4  0 -1  3  1 -4 -4  0 -4 -3 -2  1 -1 -4 -2 -3    5   2  25  10   0   4   3  21   3   0   1   7   0   1   1  10   3   0   1   1  0.47 0.28
   50 S    3 -1  0  0  4 -1 -2  0  1 -3 -2 -1 -1 -3 -3  2 -1 -4 -1 -2   27   3   5   6  11   1   2   6   3   1   3   3   1   1   0  20   3   0   2   1  0.36 0.26
   51 K   -2  1  1 -1 -4  1  0  0  1 -1 -1  3  0 -1  0 -1 -1 -1 -1 -1    1   8   8   2   0   5   4   6   4   4   8  28   2   3   4   4   4   1   2   4  0.19 0.17
   52 V    1 -4 -4 -4  0 -3 -4 -3 -3  3 -1 -3  0  1 -3 -2 -1  0  1  4   11   0   0   0   2   0   1   2   0  19   3   1   2   5   0   2   2   1   5  41  0.52 0.28
   53 R   -3  7 -1 -3 -1  0 -1 -3  1 -3 -3  2 -1 -4 -4 -2 -2 -4 -4 -3    2  60   2   0   2   2   3   2   4   2   3  12   1   0   0   2   2   0   0   2  1.08 0.44
   54 L   -1 -4 -4 -4 -3 -1 -4 -4 -4  3  2 -4 -1  0 -4 -3 -2 -4 -3  5    3   0   0   0   0   3   1   1   0  19  20   1   0   3   0   1   1   0   0  47  0.77 0.35
   55 I   -2 -1 -2 -2  0 -1 -2 -4 -1  3  2 -1  2  0 -3 -2  0  0  1  1    2   3   1   1   2   2   1   1   1  24  21   5   6   3   0   2   7   1   6   9  0.23 0.16
   56 R   -2  8 -3 -4 -5  0 -3 -2  0 -5 -4  0 -4 -5 -4 -1 -4 -5 -4 -5    3  78   0   0   0   3   1   3   2   0   1   3   0   0   0   3   1   0   0   1  1.71 0.60
   57 Q    0  1  1  1 -3  1  1  0  2 -2 -1  1  1 -2 -2  0  0 -3 -2 -2    8   8   7   8   0   7   8   8   7   0   8   8   7   0   0   8   8   0   0   0  0.12 0.12
   58 G   -3 -1  3  1 -5 -1 -2  6 -1 -6 -5 -1 -2 -3 -5 -1 -3 -5 -5 -5    1   3  14   9   0   2   3  54   1   0   1   4   1   1   0   3   1   0   0   0  1.02 0.55
   59 I   -1  0 -1 -1 -2  0  2 -3 -1  2 -1  2 -1 -2 -3 -2  0 -4 -2  3    5   4   3   3   1   4  14   2   1  13   3  12   1   1   0   2   5   0   1  24  0.23 0.24
   60 V   -2 -2 -1 -4  1 -1  1 -5 -4  2 -1 -2  0 -2 -2 -2  0 -4 -1  5    2   2   3   0   3   3   9   0   0  11   5   2   1   2   2   2   6   0   2  47  0.59 0.42
   61 V   -2 -4 -5 -5 -1 -1 -3 -5 -1  5  1 -2  1 -1 -5 -3 -2 -4 -1  4    2   0   0   0   1   3   2   0   2  34  10   2   3   2   0   2   2   0   2  32  0.74 0.44
   62 Y    0 -2  0 -2  0 -1 -1 -1  5 -2 -2 -2 -3  3 -4  0 -1  3  4 -2   10   2   4   2   2   3   4   5  13   2   3   2   0  15   0   7   3   4  16   2  0.39 0.31
   63 E   -2  0  0  3  0  0  4 -2 -3 -2 -3  0 -1 -2  0 -1  1 -5 -1 -2    3   5   3  19   2   3  30   2   0   2   2   4   2   2   4   5   8   0   2   2  0.43 0.35
   64 G    0 -2  1 -1  1 -3 -2  5  0 -4 -1 -3  0 -4 -1  0  0 -4  0 -2    7   2   8   4   3   0   2  41   2   0   7   0   3   0   3   5   6   0   3   3  0.52 0.37
   65 E   -1  1  0 -1 -1  0  2 -3 -1 -2 -2  3 -1 -3  0  1  2  0 -2 -2    6   6   4   3   1   3  13   2   2   2   3  22   1   1   5   9  12   1   1   3  0.27 0.27
   66 I   -3 -6 -5 -7  1 -6 -7 -7 -7  6  4 -6  0 -2 -6 -4 -4 -6 -5  2    1   0   0   0   3   0   0   0   0  40  40   0   2   1   0   1   1   0   0  10  1.27 0.56
   67 D    2  0  0  3 -3 -1  2  0 -2 -1 -3  1 -3 -4 -3  2  0 -5 -3 -2   16   4   4  15   0   2  15   5   1   4   1   9   0   0   0  17   5   0   1   3  0.30 0.25
   68 S   -1 -5 -2 -4 -5 -2 -3 -3 -2 -5 -6 -4 -4 -7 -5  7  3 -7 -6 -4    3   0   1   1   0   2   1   1   1   0   1   1   0   0   0  72  15   0   0   1  1.57 0.79
   69 L   -5 -6 -7 -8 -5 -6 -7 -8 -7  2  6 -6  3  0 -7 -3 -5 -6 -5 -1    0   0   0   0   0   0   0   0   0   9  76   0   7   3   0   2   0   0   0   2  1.61 0.69
   70 K   -5  6 -3 -5 -6  0 -3 -5 -4 -6 -6  6 -3 -3 -5 -4 -1 -6 -5 -6    0  35   1   0   0   4   0   0   0   0   0  52   1   1   0   0   3   0   0   0  1.66 0.72
   71 R   -4  7  0 -5 -6 -1 -4 -6  6 -1 -4 -1 -5 -6 -5 -3 -2 -6 -4 -1    1  56   4   0   0   3   0   0  19   4   1   3   0   0   0   2   2   0   0   4  1.50 0.66
   72 Y   -3 -4 -2 -2 -5 -1  1  1  2 -1 -1 -3  0  6 -5 -4 -3 -3  2  0    2   0   2   2   0   2  11  11   5   2   6   1   2  39   0   1   1   0   5   7  0.69 0.39
   73 K   -3  1 -3 -5 -7  0 -3 -5 -3 -3 -5  8 -2 -7 -3 -3 -1 -7 -6 -6    2   5   1   0   0   3   1   1   0   2   1  77   1   0   1   1   3   0   0   0  1.81 0.81
   74 D   -4 -3  1  6 -7  1  3 -5 -2 -6 -4  1 -2 -4 -5 -3 -2 -7 -2 -5    1   1   6  51   0   6  16   0   1   0   2  10   1   1   0   1   2   0   1   1  1.21 0.59
   75 D   -2 -4 -1  7 -7 -2  3 -5 -3 -4 -5 -3 -6 -4 -3 -2 -2 -7 -1 -3    4   0   2  59   0   1  19   0   0   1   1   1   0   1   1   2   3   0   3   2  1.40 0.65
   76 V    1 -4 -6 -7 -5 -3 -5 -6 -7  2 -3 -3 -2 -5 -2 -4 -2 -7 -5  7   11   1   0   0   0   1   1   0   0   8   1   2   1   0   3   1   2   0   0  70  1.45 0.68
   77 R   -2  1  1  1 -5  0  0 -3 -2 -2 -4  5 -1 -5 -1  1  2 -3 -4 -3    3   6   7   7   0   3   6   1   0   3   1  37   1   0   2   8  12   0   0   1  0.54 0.35
   78 E   -3 -2 -2  0 -3  1  7 -5 -4 -4 -4 -1 -3 -6 -5  0  0 -6 -5 -1    1   1   2   3   1   5  63   0   0   1   2   4   0   0   0   7   5   0   0   4  1.23 0.62
   79 V    0 -6 -6 -6 -1 -5 -6 -6 -6  3 -2 -6  2 -4 -6 -4 -4 -6 -5  7    7   0   0   0   1   0   0   0   0  14   2   0   4   0   0   1   0   0   0  68  1.53 0.66
   80 A    0  3  1 -1 -3  1  1  0 -1 -3 -3  3 -2 -2 -1  0  0 -4 -1 -2    8  21   5   2   0   4   7   6   1   1   2  20   1   1   3   6   5   0   2   3  0.29 0.22
   81 Q    1 -1  1 -2 -2  1  2 -3 -1 -3 -3  4 -1 -4 -2  0  2 -5 -2 -2   15   2   6   1   1   6  13   1   2   1   2  27   2   1   2   6  11   0   1   2  0.38 0.29
   82 G   -3 -4  2 -1 -6 -4 -3  7 -5 -7 -5 -4 -6 -6 -3 -3 -5 -6 -6 -6    1   1  10   4   0   1   2  76   0   0   1   1   0   0   2   1   0   0   0   0  1.77 0.71
   83 Y   -3 -3  0 -2 -3  3  0 -3  0 -2  0  0  3  3 -4 -1  1 -3  4 -1    1   1   4   1   0  13   6   2   2   2   7   5   8  14   0   4   9   0  18   4  0.38 0.29
   84 E   -5 -5 -3  2 -8 -1  8 -7 -5 -8 -7 -4 -2 -8 -6 -3 -2 -8 -7 -7    0   0   1   8   0   1  84   0   0   0   0   0   1   0   0   2   3   0   0   0  2.18 0.91
   85 C   -2 -9 -8 -9 12 -8 -9 -2 -8 -6 -5 -8 -6  0 -8 -6 -6 -7 -7 -3    3   0   0   0  87   0   0   3   0   0   1   0   0   4   0   0   0   0   0   2  3.69 1.15
   86 G   -4 -7 -5 -6 -7 -7 -7  8 -7 -8 -8 -6 -7 -8 -7 -5 -6  2 -7 -4    0   0   0   0   0   0   0  96   0   0   0   0   0   0   0   0   0   3   0   2  2.66 0.91
   87 L   -3 -6 -7 -7 -3 -6 -6 -7 -6  6  3 -6  4 -2 -6 -5 -2 -6 -5  2    2   0   0   0   1   0   0   0   0  48  27   0   9   1   0   0   3   0   0   9  1.28 0.53
   88 T    0  0  0 -3  0 -1 -2  2  0 -1 -1 -1  2 -3 -3  1  2 -4 -3  0    8   4   3   0   2   2   2  18   3   2   5   4   7   1   0  13  16   0   0   8  0.22 0.20
   89 I   -3 -6 -6 -7 -1 -6 -6 -7 -6  4  4 -6  0  4 -5 -5 -4 -4 -3  2    2   0   0   0   1   0   0   0   0  21  41   0   1  19   1   0   0   0   0  12  1.02 0.45
   90 K   -1 -1  0  3 -4  1  4 -1 -1 -4 -3  3 -3 -4 -3 -1 -1 -5 -3 -3    5   2   4  14   0   5  33   5   1   1   2  19   0   0   0   3   3   0   1   2  0.58 0.34
   91 N   -3 -1  5  3 -2 -2  1  3 -2 -5 -6  2 -5 -6 -4 -1 -3 -6 -4 -6    1   3  33  18   1   1   8  19   1   0   0  11   0   0   0   4   1   0   0   0  0.86 0.42
   92 F   -3 -3 -3 -3  1 -4 -3 -6 -3 -5 -4 -2 -3  7 -4 -2 -4  5  6 -4    2   1   2   2   2   1   2   0   0   0   0   2   0  44   1   3   1   8  27   1  1.53 0.63
   93 N   -2 -3  6  2 -3  1  1 -1 -1 -2 -4 -1 -3 -3 -2  0  0 -6 -4 -2    3   1  40  13   0   6   7   5   1   3   1   3   0   1   2   6   6   0   0   3  0.71 0.40
   94 D   -3 -1  1  7 -7 -2  1 -3 -1 -5 -6 -3 -6 -5 -3 -1 -3 -8 -7 -6    2   4   5  67   0   2   8   2   1   1   1   1   0   0   1   3   1   0   0   0  1.59 0.67
   95 I   -4 -6 -7 -7 -5 -6 -5 -7 -6  6  1 -6  0  5 -6 -6 -4  5  0  2    1   0   0   0   0   0   1   0   0  40  10   0   2  26   0   0   0   8   3  10  1.28 0.54
   96 K   -2  2 -1 -4 -3  4  2 -5 -2 -4 -4  5 -2 -6 -3 -3 -3 -6 -4 -4    4  12   2   0   0  21  13   0   1   1   2  39   1   0   1   1   1   0   1   1  0.99 0.52
   97 E   -1 -4 -4 -2 -5 -2  4 -5  0  1 -2 -2 -2 -5  2 -2 -2 -6 -2  4    5   0   0   1   0   1  33   0   3   9   2   1   1   0   9   2   2   0   1  30  0.70 0.42
   98 G   -4 -5  0  2 -4 -4 -2  7 -5 -8 -6 -4 -5 -6 -6 -3 -5 -5 -5 -7    0   0   4  11   0   0   2  78   0   0   1   1   0   0   0   1   0   0   0   0  1.87 0.72
   99 D   -7 -7 -4  9 -9 -5 -3 -7 -6 -8 -9 -6 -8 -9 -7 -5 -6 -10 -8 -9    0   0   0 100   0   0   0   0   0   0   0   0   0   0   0   0   0   0   0   0  3.23 1.09
  100 V   -3 -2 -3 -4 -4  2  0 -5 -2  4 -1  0  0 -1 -5 -3  0 -5 -2  4    1   2   1   0   0  10   7   0   1  26   4   6   2   2   0   1   7   0   1  31  0.58 0.35
  101 I   -5 -7 -7 -7 -5 -6 -7 -8 -7  7  3 -6  0 -1 -7 -6 -5 -6 -4  3    0   0   0   0   0   0   0   0   0  60  21   0   1   2   0   0   0   0   0  15  1.61 0.61
  102 E   -4 -3 -3 -3 -7  3  7 -6 -2  0 -3 -1 -3 -7 -5 -4 -4 -7 -5  0    0   0   1   0   0  12  68   0   1   5   3   2   1   0   0   0   1   0   0   6  1.54 0.69
  103 A    4 -5 -4 -5  7 -3 -5 -1 -5 -1 -3 -5 -2  1 -4  0  1 -5 -4  2   31   0   0   0  24   1   0   4   0   4   1   0   1   6   0   7   9   0   0  13  0.83 0.43
  104 Y   -5 -6 -6 -7 -4 -6 -7 -7 -2 -2 -3 -6 -5  7 -7 -4 -5  0  8 -2    1   0   0   0   0   0   0   0   1   2   1   0   0  39   0   1   0   1  51   2  2.26 0.80
  105 V   -3  0 -2  0 -5  1  5 -4 -1  1 -4  2 -2 -5 -4 -1  1 -5 -3  0    1   4   1   4   0   5  46   0   1   8   1  10   1   0   0   4   7   0   1   6  0.71 0.40
  106 M   -3  0 -2 -1 -4 -1  2 -5 -3  2  1  0  5 -2 -4 -2  0 -4 -2  1    0   5   2   3   0   2  15   0   0  14  12   5  20   1   0   1   7   0   1  11  0.41 0.29
  107 Q   -3  1 -2 -2 -4  1  3 -4 -1  2 -3  2 -2 -3 -4 -1 -1 -5 -1  3    0   7   1   1   0   5  24   0   1  11   1  14   0   1   0   3   3   0   2  27  0.48 0.33
  108 E   -2 -1 -3 -1 -6  3  6 -5 -1 -4 -3  2 -2 -3 -2 -1  0 -6 -2 -3    3   3   0   1   0  10  53   0   1   1   2  10   1   1   2   3   6   0   1   2  0.95 0.49
  109 V   -3 -1 -5 -5 -4 -1  1 -6 -1  4 -2  2 -2 -3 -5 -4 -2 -6 -3  5    0   3   0   0   0   2  11   0   2  21   0  14   0   0   0   0   2   0   0  44  0.84 0.45
  110 A    2  1 -3 -2 -5  1  1 -4 -3 -3 -5  4 -3 -6  4 -1 -1 -6 -5 -3   16   5   1   1   0   6   9   0   0   2   0  31   0   0  22   2   3   0   0   2  0.72 0.39
  111 R   -4  8 -4 -5 -7  3 -3 -6 -4 -7 -6  1 -5 -7 -3 -3 -4 -6 -5 -6    0  75   0   0   0  14   0   0   0   0   0   8   0   0   1   1   0   0   0   0  2.01 0.72
  112 A    1 -4 -3 -4 -4 -3 -3 -4 -4 -4 -4 -3 -4 -5 -4  3  7 -5 -5 -3    9   0   0   0   0   0   0   0   0   0   0   0   0   0   0  21  69   0   0   0  1.42 0.53

                      K         Lambda
Standard Ungapped    0.1361     0.3162
Standard Gapped      0.0410     0.2670
PSI Ungapped         0.1994     0.3177
PSI Gapped           0.0610     0.2670
