  298         A         R         N         D         C         Q         E         G         H         I         L         K         M         F         P         S         T         W         Y         V    
  1 M   1 0.0000000 0.0000000 0.0000000 0.0000000 0.0000000 0.0000000 0.0000000 0.0000000 0.0000000 0.1056704 0.1067992 0.0000000 0.6391885 0.0269441 0.0000000 0.0000000 0.0000000 0.0000000 0.0000000 0.1213978
  2 D   2 0.0000000 0.0119304 0.5478261 0.4013491 0.0000000 0.0046258 0.0000000 0.0000000 0.0000000 0.0000000 0.0000000 0.0000000 0.0000000 0.0000000 0.0000000 0.0123961 0.0218725 0.0000000 0.0000000 0.0000000
  3 Y   3 0.0000000 0.0000000 0.0000000 0.0439008 0.0000000 0.0000000 0.0000000 0.0000000 0.2212379 0.0062633 0.0075072 0.0000000 0.0000000 0.0519686 0.0635677 0.0084414 0.0000000 0.0000000 0.5903438 0.0067694
  4 F   4 0.0000000 0.0000000 0.0000000 0.0000000 0.0000000 0.0000000 0.0000000 0.0000000 0.0000000 0.0000000 0.0000000 0.0000000 0.0000000 0.9215516 0.0000000 0.0000000 0.0000000 0.0000000 0.0784484 0.0000000
  5 T   5 0.1142568 0.0235004 0.0124219 0.0976395 0.0000000 0.1015093 0.3571062 0.0000000 0.0000000 0.0000000 0.0053785 0.0323925 0.0000000 0.0059960 0.0000000 0.1006205 0.1434034 0.0000000 0.0057751 0.0000000
  6 L   6 0.0000000 0.0120981 0.0000000 0.0000000 0.0000000 0.0030744 0.0000000 0.0000000 0.0000000 0.1852938 0.6521268 0.0000000 0.0155375 0.0680568 0.0000000 0.0000000 0.0000000 0.0000000 0.0062803 0.0575322
  7 F   7 0.0088840 0.0000000 0.0000000 0.0000000 0.0000000 0.0000000 0.0000000 0.0000000 0.0000000 0.0200433 0.1273152 0.0000000 0.0895717 0.7346638 0.0000000 0.0000000 0.0000000 0.0000000 0.0195220 0.0000000
  8 G   8 0.0099277 0.0080060 0.0786151 0.1782689 0.0000000 0.0438037 0.0335244 0.5011471 0.0195853 0.0000000 0.0000000 0.0355950 0.0037056 0.0000000 0.0000000 0.0878214 0.0000000 0.0000000 0.0000000 0.0000000
  9 L   9 0.0000000 0.0051607 0.0000000 0.0000000 0.0745267 0.0000000 0.0000000 0.0000000 0.0000000 0.0868934 0.6259053 0.0055397 0.0321909 0.0520269 0.0511015 0.0000000 0.0000000 0.0000000 0.0000000 0.0666549
 10 P  10 0.0243693 0.0062700 0.0287775 0.0451703 0.0000000 0.0332477 0.1300931 0.0071563 0.0027678 0.0000000 0.0028228 0.0562792 0.0000000 0.0000000 0.5892923 0.0415633 0.0210280 0.0000000 0.0000000 0.0111625
 11 A  11 0.0815399 0.1340785 0.0257243 0.0000000 0.0082927 0.0436177 0.1212789 0.0000000 0.0060159 0.0322081 0.0110963 0.0857481 0.0092687 0.0039317 0.2287626 0.0279288 0.0248621 0.0000000 0.0084294 0.1472164
 12 R  12 0.0962657 0.1282691 0.0311494 0.0648617 0.0000000 0.1824257 0.0290753 0.0564532 0.0190813 0.0197188 0.0032548 0.0744237 0.0056927 0.0000000 0.0092499 0.2026235 0.0705615 0.0000000 0.0000000 0.0068936
 13 Y  13 0.0000000 0.0000000 0.0000000 0.0000000 0.0033803 0.0030596 0.0000000 0.0000000 0.0039592 0.0000000 0.0181326 0.0000000 0.0000000 0.7499681 0.0000000 0.0000000 0.0000000 0.0046848 0.2168154 0.0000000
 14 Q  14 0.1581996 0.0906195 0.1030408 0.2357151 0.0000000 0.0900690 0.0957711 0.0156844 0.0117446 0.0079652 0.0180822 0.0220353 0.0000000 0.0048701 0.0248884 0.0761776 0.0406560 0.0000000 0.0000000 0.0044812
 15 L  15 0.0000000 0.0000000 0.0000000 0.0000000 0.0000000 0.0460869 0.0000000 0.0000000 0.0000000 0.3753744 0.3567113 0.0000000 0.0055397 0.0049634 0.0000000 0.0000000 0.0000000 0.0000000 0.0000000 0.2113243
 16 D  16 0.0000000 0.0000000 0.0489582 0.8030573 0.0000000 0.0089740 0.0529639 0.0000000 0.0000000 0.0000000 0.0000000 0.0203962 0.0000000 0.0000000 0.0185266 0.0317575 0.0044390 0.0000000 0.0000000 0.0109274
 17 T  17 0.0764706 0.0725465 0.0324224 0.0268802 0.0000000 0.0732084 0.0495078 0.0756294 0.0000000 0.0342466 0.1400750 0.0217861 0.0032854 0.0000000 0.0683991 0.0542691 0.1880363 0.0000000 0.0000000 0.0832371
 18 Q  18 0.1926022 0.0370350 0.0406245 0.0641970 0.0000000 0.1375607 0.1018637 0.0636206 0.0000000 0.0103593 0.0071210 0.0817776 0.0050468 0.0041704 0.0343671 0.1340964 0.0636496 0.0000000 0.0000000 0.0219083
 19 A  19 0.2491108 0.0261406 0.0490450 0.0630820 0.0000000 0.1228609 0.0946598 0.0112484 0.0000000 0.0201381 0.1473435 0.0853584 0.0090188 0.0000000 0.0000000 0.0365629 0.0231599 0.0000000 0.0000000 0.0622708
 20 L  20 0.0063992 0.0000000 0.0000000 0.0000000 0.0000000 0.0000000 0.0000000 0.0000000 0.0000000 0.0639763 0.9196802 0.0000000 0.0000000 0.0000000 0.0000000 0.0000000 0.0000000 0.0000000 0.0000000 0.0099443
 21 S  21 0.1304620 0.0562973 0.0431840 0.1385800 0.0000000 0.1029718 0.2027059 0.0209679 0.0265622 0.0000000 0.0000000 0.0412372 0.0000000 0.0000000 0.0000000 0.1518366 0.0796754 0.0000000 0.0000000 0.0055197
 22 L  22 0.1578357 0.1536964 0.0456106 0.0327174 0.0000000 0.0991115 0.0936136 0.0297630 0.0401609 0.0102663 0.0210320 0.1240477 0.0029350 0.0000000 0.0000000 0.1142370 0.0591084 0.0000000 0.0000000 0.0158644
 23 R  23 0.1275179 0.4111624 0.0590617 0.0051607 0.0033060 0.0846934 0.0600302 0.0086718 0.0153313 0.0037372 0.0037751 0.1275945 0.0000000 0.0000000 0.0000000 0.0207668 0.0691909 0.0000000 0.0000000 0.0000000
 24 F  24 0.0000000 0.0024287 0.0000000 0.0000000 0.0054921 0.0045856 0.0000000 0.0000000 0.0104714 0.0000000 0.0060344 0.0000000 0.0079787 0.2712802 0.0000000 0.0052716 0.0000000 0.0754617 0.6021261 0.0088695
 25 Q  25 0.0000000 0.4272920 0.0000000 0.0000000 0.0000000 0.1202178 0.0057433 0.0000000 0.0337917 0.0000000 0.1979390 0.1533901 0.0000000 0.0236344 0.0000000 0.0000000 0.0000000 0.0094778 0.0205212 0.0079927
 26 D  26 0.1397503 0.0607793 0.0336721 0.1451155 0.0000000 0.1349174 0.2885864 0.0223142 0.0082240 0.0000000 0.0141964 0.0426618 0.0000000 0.0000000 0.0000000 0.0352704 0.0745121 0.0000000 0.0000000 0.0000000
 27 L  27 0.0135613 0.0079787 0.0000000 0.0000000 0.0000000 0.0176925 0.0000000 0.0000000 0.0000000 0.0377437 0.7785446 0.0000000 0.0316342 0.0130039 0.0000000 0.0000000 0.0000000 0.0359259 0.0000000 0.0639152
 28 Q  28 0.0859505 0.0000000 0.0000000 0.0000000 0.0000000 0.8272294 0.0000000 0.0000000 0.0000000 0.0172295 0.0105487 0.0000000 0.0000000 0.0000000 0.0000000 0.0440684 0.0000000 0.0000000 0.0000000 0.0149735
 29 R  29 0.1407875 0.3308968 0.0376131 0.0000000 0.0000000 0.0227543 0.0000000 0.0371986 0.0000000 0.0000000 0.0127379 0.2754249 0.0128242 0.0000000 0.0000000 0.0749114 0.0299992 0.0122238 0.0000000 0.0126283
 30 Q  30 0.0785577 0.1424513 0.0106726 0.0000000 0.0000000 0.2550105 0.0792237 0.0178065 0.0091825 0.0113221 0.1150712 0.0936184 0.0150914 0.0038848 0.0000000 0.0742388 0.0458099 0.0000000 0.0000000 0.0480584
 31 Y  31 0.0628503 0.0000000 0.0000000 0.0000000 0.0144505 0.0000000 0.0000000 0.0000000 0.0047636 0.0320453 0.3213786 0.0000000 0.0043029 0.2092799 0.0000000 0.0049065 0.0187622 0.0000000 0.0445261 0.2827342
 32 H  32 0.0000000 0.0000000 0.0000000 0.0000000 0.0000000 0.0000000 0.0000000 0.0000000 1.0000000 0.0000000 0.0000000 0.0000000 0.0000000 0.0000000 0.0000000 0.0000000 0.0000000 0.0000000 0.0000000 0.0000000
 33 P  33 0.0000000 0.0000000 0.0000000 0.0000000 0.0000000 0.0000000 0.0000000 0.0000000 0.0000000 0.0000000 0.0000000 0.0000000 0.0000000 0.0000000 1.0000000 0.0000000 0.0000000 0.0000000 0.0000000 0.0000000
 34 D  34 0.0000000 0.0000000 0.0000000 1.0000000 0.0000000 0.0000000 0.0000000 0.0000000 0.0000000 0.0000000 0.0000000 0.0000000 0.0000000 0.0000000 0.0000000 0.0000000 0.0000000 0.0000000 0.0000000 0.0000000
 35 K  35 0.0000000 0.3924305 0.1281250 0.0000000 0.0000000 0.0075766 0.0000000 0.0000000 0.0045143 0.0000000 0.0676481 0.3411422 0.0039097 0.0488880 0.0000000 0.0000000 0.0000000 0.0000000 0.0057656 0.0000000
 36 F  36 0.0056927 0.0000000 0.0000000 0.0000000 0.0022925 0.0000000 0.0000000 0.0000000 0.0499487 0.0000000 0.0000000 0.0000000 0.0084487 0.7148352 0.0000000 0.0129131 0.0061756 0.0092499 0.1457762 0.0446676
 37 A  37 0.5740124 0.0000000 0.0000000 0.0000000 0.0000000 0.0108572 0.0060097 0.0510076 0.0322147 0.0156342 0.0000000 0.0000000 0.0058655 0.0000000 0.0393012 0.1805680 0.0245726 0.0000000 0.0000000 0.0599571
 38 S  38 0.1165737 0.0219621 0.1793942 0.0388426 0.0023678 0.1473458 0.0000000 0.0356035 0.0723914 0.0018486 0.0218504 0.0110669 0.0247184 0.0000000 0.0177397 0.1519831 0.1521586 0.0000000 0.0000000 0.0041532
 39 G  39 0.3120535 0.0527699 0.0000000 0.0160126 0.0129638 0.0856641 0.0282718 0.0924590 0.0192445 0.0000000 0.0241282 0.2614749 0.0000000 0.0000000 0.0000000 0.0949576 0.0000000 0.0000000 0.0000000 0.0000000
 40 S  40 0.0234892 0.0029813 0.0163389 0.0127079 0.0000000 0.0000000 0.0158916 0.1220109 0.0000000 0.0047069 0.0000000 0.0047183 0.0000000 0.0000000 0.1520007 0.5653343 0.0798200 0.0000000 0.0000000 0.0000000
 41 Q  41 0.1935579 0.0000000 0.0142434 0.1392848 0.0000000 0.0682863 0.3832890 0.0100552 0.0000000 0.0000000 0.0000000 0.0330950 0.0045111 0.0000000 0.0604599 0.0723442 0.0061882 0.0000000 0.0000000 0.0146851
 42 A  42 0.2259111 0.1810222 0.0108197 0.0103989 0.0023353 0.1227393 0.0255499 0.0000000 0.0109117 0.0095521 0.0151266 0.1809561 0.0000000 0.0612859 0.0000000 0.0450519 0.0643559 0.0025363 0.0000000 0.0314471
 43 E  43 0.0685434 0.0119061 0.0000000 0.1120250 0.0000000 0.0843576 0.7005884 0.0000000 0.0000000 0.0056110 0.0000000 0.0051375 0.0000000 0.0000000 0.0000000 0.0000000 0.0118309 0.0000000 0.0000000 0.0000000
 44 Q  44 0.0092499 0.2866502 0.0000000 0.0000000 0.0000000 0.3959575 0.0000000 0.0000000 0.0000000 0.0000000 0.0058426 0.3022998 0.0000000 0.0000000 0.0000000 0.0000000 0.0000000 0.0000000 0.0000000 0.0000000
 45 L  45 0.0550144 0.3464363 0.0178440 0.0477720 0.0000000 0.0555068 0.1230255 0.0030648 0.0090840 0.0057794 0.1774327 0.0627033 0.0289247 0.0000000 0.0000000 0.0256138 0.0294952 0.0000000 0.0034395 0.0088635
 46 A  46 0.0610378 0.0308076 0.0284120 0.0000000 0.0000000 0.0888839 0.0507397 0.0000000 0.0041919 0.1128336 0.2713387 0.0000000 0.0389295 0.0733279 0.0000000 0.0108900 0.0119676 0.0087195 0.0921038 0.1158166
 47 A  47 0.6136454 0.0000000 0.0000000 0.0000000 0.0000000 0.0000000 0.0000000 0.0000000 0.0000000 0.0118494 0.0000000 0.0000000 0.0000000 0.0000000 0.0000000 0.3745052 0.0000000 0.0000000 0.0000000 0.0000000
 48 V  48 0.1213979 0.0000000 0.0000000 0.0083463 0.0000000 0.0184205 0.1384932 0.0063992 0.0000000 0.0288628 0.2151394 0.0124561 0.2240067 0.0000000 0.0000000 0.0105976 0.0037751 0.0000000 0.0000000 0.2121052
 49 Q  49 0.0340153 0.0000000 0.0112706 0.0501445 0.0000000 0.5390143 0.1574498 0.0071051 0.0169452 0.0195065 0.0116949 0.0342519 0.0544186 0.0000000 0.0000000 0.0306511 0.0105006 0.0000000 0.0133349 0.0096968
 50 Q  50 0.0000000 0.0724083 0.0295872 0.0000000 0.0064149 0.2466411 0.0027405 0.0170081 0.0538241 0.0061245 0.0630710 0.1551057 0.0523157 0.0173096 0.0000000 0.0073146 0.0096667 0.2099141 0.0348200 0.0157339
 51 S  51 0.3481302 0.0000000 0.0062385 0.0000000 0.0000000 0.0000000 0.0000000 0.0000000 0.0000000 0.0000000 0.0000000 0.0000000 0.0052716 0.0000000 0.0000000 0.5316999 0.1086598 0.0000000 0.0000000 0.0000000
 52 A  52 0.4516035 0.0000000 0.0000000 0.0000000 0.0000000 0.0000000 0.0000000 0.0048701 0.0000000 0.0028612 0.0038641 0.0000000 0.0000000 0.0000000 0.0000000 0.2324606 0.2484154 0.0000000 0.0000000 0.0559252
 53 T  53 0.0458323 0.2138622 0.0128020 0.0238776 0.0023857 0.1506491 0.0780110 0.0000000 0.0235198 0.0158755 0.2347336 0.0104790 0.0124064 0.0056927 0.0000000 0.0278832 0.0943129 0.0060000 0.0132154 0.0284616
 54 I  54 0.0877049 0.0000000 0.0194901 0.0000000 0.0000000 0.0000000 0.0000000 0.0047281 0.0000000 0.4158224 0.1199116 0.0000000 0.0000000 0.0000000 0.0000000 0.0000000 0.0081589 0.0000000 0.0000000 0.3441840
 55 N  55 0.0000000 0.0000000 0.9586306 0.0000000 0.0000000 0.0000000 0.0000000 0.0000000 0.0000000 0.0309122 0.0000000 0.0000000 0.0000000 0.0000000 0.0000000 0.0000000 0.0104572 0.0000000 0.0000000 0.0000000
 56 Q  56 0.0229335 0.0055397 0.0175700 0.3328087 0.0000000 0.0642355 0.3372747 0.0000000 0.0000000 0.0000000 0.0084487 0.1562771 0.0000000 0.0000000 0.0000000 0.0148809 0.0400312 0.0000000 0.0000000 0.0000000
 57 A  57 0.9297541 0.0000000 0.0000000 0.0000000 0.0000000 0.0000000 0.0000000 0.0702459 0.0000000 0.0000000 0.0000000 0.0000000 0.0000000 0.0000000 0.0000000 0.0000000 0.0000000 0.0000000 0.0000000 0.0000000
 58 W  58 0.0000000 0.0000000 0.0029262 0.0000000 0.0066758 0.0000000 0.0000000 0.0000000 0.0167479 0.0000000 0.0771295 0.0054921 0.0000000 0.1001025 0.0000000 0.0000000 0.0000000 0.0224486 0.7632059 0.0052716
 59 Q  59 0.0384741 0.2129407 0.0489096 0.0367551 0.0000000 0.3745708 0.0278254 0.0079787 0.0185713 0.0000000 0.0083106 0.1418169 0.0000000 0.0038032 0.0000000 0.0465105 0.0238545 0.0034650 0.0062136 0.0000000
 60 T  60 0.0281369 0.0533028 0.0000000 0.0000000 0.0099220 0.0109475 0.0000000 0.0000000 0.0000000 0.1118577 0.0101472 0.0033230 0.0149513 0.0000000 0.0000000 0.0133227 0.6318272 0.0000000 0.0068913 0.1053705
 61 L  61 0.0000000 0.0000000 0.0000000 0.0000000 0.0000000 0.0000000 0.0000000 0.0000000 0.0000000 0.0107021 0.9892979 0.0000000 0.0000000 0.0000000 0.0000000 0.0000000 0.0000000 0.0000000 0.0000000 0.0000000
 62 R  62 0.0296931 0.1408064 0.0153266 0.0000000 0.0044390 0.0280291 0.0043448 0.0052042 0.0023795 0.0117131 0.1233287 0.5253455 0.0040804 0.0000000 0.0000000 0.0898105 0.0154992 0.0000000 0.0000000 0.0000000
 63 H  63 0.0537830 0.0128067 0.1348856 0.3113468 0.0000000 0.0275574 0.0201797 0.0000000 0.1199327 0.0036856 0.0000000 0.1107587 0.0040179 0.0000000 0.0000000 0.1547906 0.0368609 0.0000000 0.0000000 0.0093943
 64 P  64 0.0169814 0.0066758 0.0000000 0.0077275 0.0000000 0.0000000 0.0000000 0.0000000 0.0000000 0.0000000 0.0000000 0.0000000 0.0000000 0.0076407 0.9251249 0.0165680 0.0058857 0.0068913 0.0000000 0.0065047
 65 L  65 0.0105199 0.0199227 0.0094778 0.0076407 0.0115603 0.0032548 0.0000000 0.0000000 0.0000000 0.1824188 0.5708311 0.0058857 0.0151809 0.0193270 0.0276561 0.0125801 0.0172084 0.0000000 0.0052214 0.0813143
 66 M  66 0.0538747 0.1188128 0.0275830 0.0352450 0.0000000 0.0756988 0.0532564 0.0054160 0.0033083 0.0000000 0.1237607 0.2148019 0.0025976 0.0000000 0.0199980 0.2204006 0.0452462 0.0000000 0.0000000 0.0000000
 67 R  67 0.0000000 0.9825663 0.0000000 0.0000000 0.0055842 0.0000000 0.0000000 0.0000000 0.0000000 0.0000000 0.0118494 0.0000000 0.0000000 0.0000000 0.0000000 0.0000000 0.0000000 0.0000000 0.0000000 0.0000000
 68 A  68 0.7720320 0.0000000 0.0000000 0.0000000 0.0000000 0.0000000 0.0000000 0.1786494 0.0000000 0.0000000 0.0076407 0.0000000 0.0000000 0.0000000 0.0000000 0.0084515 0.0205212 0.0000000 0.0000000 0.0127052
 69 E  69 0.1350002 0.1000859 0.0195956 0.0242738 0.0000000 0.1266054 0.2578720 0.0069897 0.0042468 0.0469946 0.1362207 0.0407711 0.0066758 0.0128371 0.0000000 0.0197700 0.0342802 0.0000000 0.0000000 0.0277811
 70 Y  70 0.0307564 0.0000000 0.0000000 0.0000000 0.0061505 0.0000000 0.0092294 0.0000000 0.0724351 0.0000000 0.0061756 0.0000000 0.0000000 0.0064699 0.0000000 0.0165169 0.0032670 0.0057433 0.8432560 0.0000000
 71 L  71 0.0000000 0.0000000 0.0000000 0.0000000 0.0000000 0.0000000 0.0000000 0.0000000 0.0000000 0.1636821 0.6512186 0.0000000 0.1816926 0.0000000 0.0000000 0.0000000 0.0000000 0.0034067 0.0000000 0.0000000
 72 L  72 0.0000000 0.0041186 0.0000000 0.0000000 0.1050110 0.0000000 0.0000000 0.0000000 0.0000000 0.0713948 0.8088624 0.0000000 0.0066758 0.0000000 0.0000000 0.0000000 0.0000000 0.0000000 0.0000000 0.0039373
 73 S  73 0.1291262 0.0374604 0.0353948 0.0219511 0.0000000 0.1055347 0.2750380 0.0227653 0.0258959 0.0000000 0.0223097 0.1302807 0.0025381 0.0000000 0.0000000 0.1657261 0.0151141 0.0000000 0.0000000 0.0108649
 74 L  74 0.0181774 0.0203116 0.0000000 0.0000000 0.0047250 0.0901044 0.0356423 0.0000000 0.0039216 0.0609163 0.6642897 0.0000000 0.0382647 0.0104298 0.0000000 0.0094681 0.0282763 0.0038856 0.0000000 0.0115871
 75 H  75 0.0632242 0.1524764 0.1456540 0.0000000 0.0063171 0.1416675 0.0723754 0.0055294 0.2507082 0.0000000 0.0257410 0.0836424 0.0052214 0.0053959 0.0000000 0.0298520 0.0000000 0.0000000 0.0121952 0.0000000
 76 G  76 0.0093163 0.0000000 0.0228963 0.0235807 0.0000000 0.0026779 0.0075944 0.8987769 0.0031916 0.0000000 0.0037484 0.0000000 0.0031056 0.0000000 0.0000000 0.0104871 0.0083410 0.0000000 0.0062838 0.0000000
 77 F  77 0.0566441 0.0102554 0.0126825 0.0030664 0.0070990 0.0156088 0.0925452 0.0197939 0.0377873 0.3092824 0.0469861 0.0081818 0.0383488 0.0671460 0.0108433 0.0064091 0.0133129 0.0081035 0.0257727 0.2101309
 78 D  78 0.0270854 0.0073745 0.0631522 0.4199915 0.0000000 0.0413237 0.1730061 0.0347934 0.0255341 0.0107292 0.0196625 0.0213545 0.0000000 0.0000000 0.0528994 0.0473924 0.0401801 0.0000000 0.0000000 0.0155211
 79 L  79 0.1358464 0.0000000 0.0000000 0.0061418 0.0000000 0.0167535 0.0057621 0.0000000 0.0000000 0.2706352 0.2446173 0.0171885 0.0292381 0.0251525 0.0135283 0.0000000 0.0372601 0.0000000 0.0000000 0.1978762
 80 A  80 0.0532870 0.1099103 0.1057608 0.1233859 0.0000000 0.0931384 0.0669841 0.0730817 0.0000000 0.0110513 0.0439571 0.0270186 0.0036248 0.0321302 0.1004375 0.0983484 0.0578840 0.0000000 0.0000000 0.0000000
 81 S  81 0.2252963 0.0073032 0.0675848 0.1047262 0.0063195 0.0180141 0.1933267 0.1014919 0.0449909 0.0163788 0.0703241 0.0040364 0.0068141 0.0000000 0.0174678 0.0718983 0.0330210 0.0000000 0.0000000 0.0110060
 82 E  82 0.0343062 0.0105150 0.0042654 0.0445602 0.0000000 0.0435600 0.7065892 0.0795959 0.0078314 0.0000000 0.0071790 0.0061978 0.0000000 0.0000000 0.0494638 0.0000000 0.0000000 0.0000000 0.0000000 0.0059360
 83 Q  83 0.0091814 0.0159554 0.0635138 0.1384467 0.0187631 0.2265371 0.1619721 0.0340474 0.0077095 0.0000000 0.0000000 0.0396520 0.0000000 0.0000000 0.0000000 0.1067360 0.1774854 0.0000000 0.0000000 0.0000000
 84 H  84 0.0317534 0.0448896 0.2508025 0.0971529 0.0000000 0.0735486 0.0424744 0.0477988 0.1444358 0.0053341 0.0000000 0.0914823 0.0093132 0.0000000 0.0000000 0.0301117 0.0747136 0.0000000 0.0066378 0.0495512
 85 T  85 0.0432542 0.0000000 0.0075447 0.0062839 0.0072289 0.0237798 0.0058089 0.0174847 0.0120967 0.0157860 0.0152057 0.0342378 0.0000000 0.0000000 0.0047146 0.1529151 0.6159161 0.0000000 0.0306581 0.0070848
 86 V  86 0.2432947 0.0133650 0.0210818 0.0266257 0.0000000 0.0254087 0.0392984 0.0399773 0.0034855 0.0705457 0.0821987 0.0075064 0.0686885 0.0223813 0.0336849 0.0857383 0.0694244 0.0000000 0.0000000 0.1472947
 87 R  87 0.0725289 0.0645564 0.0515308 0.0214354 0.0052385 0.1332994 0.0094613 0.0000000 0.0339012 0.0275333 0.1035600 0.0536409 0.2449130 0.0410067 0.0000000 0.0387711 0.0377590 0.0000000 0.0000000 0.0608641
 88 D  88 0.0355219 0.0000000 0.0495187 0.6341321 0.0000000 0.0000000 0.0532538 0.0110694 0.0000000 0.0000000 0.0000000 0.0052666 0.0000000 0.0000000 0.1714912 0.0312554 0.0084909 0.0000000 0.0000000 0.0000000
 89 T  89 0.0964477 0.0166146 0.0033060 0.0039373 0.0000000 0.0304724 0.0033230 0.0306131 0.0119338 0.0237592 0.0142422 0.0190420 0.0405457 0.0000000 0.4433665 0.0493810 0.1605901 0.0000000 0.0000000 0.0524253
 90 A  90 0.2791528 0.0000000 0.0044826 0.1246947 0.0000000 0.0701917 0.3413759 0.0141376 0.0036456 0.0000000 0.0097793 0.0157490 0.0632413 0.0000000 0.0057973 0.0237984 0.0233252 0.0000000 0.0000000 0.0206286
 91 F  91 0.0000000 0.0000000 0.0000000 0.0000000 0.0000000 0.0000000 0.0000000 0.0000000 0.0000000 0.0053959 0.1289714 0.0000000 0.0086718 0.8136290 0.0000000 0.0000000 0.0308758 0.0000000 0.0000000 0.0124561
 92 L  92 0.0000000 0.0000000 0.0000000 0.0000000 0.0000000 0.0000000 0.0000000 0.0000000 0.0000000 0.0000000 0.9907392 0.0000000 0.0092608 0.0000000 0.0000000 0.0000000 0.0000000 0.0000000 0.0000000 0.0000000
 93 M  93 0.0170317 0.0000000 0.0000000 0.0000000 0.0000000 0.0000000 0.0227085 0.0030182 0.0000000 0.0258751 0.0489266 0.0000000 0.8174189 0.0169856 0.0000000 0.0117522 0.0063986 0.0000000 0.0000000 0.0298845
 94 E  94 0.0374163 0.0098550 0.0100102 0.0182539 0.0000000 0.3948286 0.4630812 0.0026436 0.0086118 0.0000000 0.0072133 0.0130520 0.0000000 0.0000000 0.0000000 0.0171333 0.0088800 0.0000000 0.0042518 0.0047692
 95 Q  95 0.0000000 0.0000000 0.0000000 0.0000000 0.0000000 0.6145747 0.0000000 0.0000000 0.0051191 0.1437561 0.0217292 0.0000000 0.0726014 0.0000000 0.0000000 0.0000000 0.0094889 0.0000000 0.0000000 0.1327307
 96 L  96 0.0000000 0.0000000 0.0000000 0.0000000 0.0000000 0.0000000 0.0000000 0.0000000 0.0000000 0.0388819 0.1561842 0.0000000 0.7909478 0.0139861 0.0000000 0.0000000 0.0000000 0.0000000 0.0000000 0.0000000
 97 E  97 0.0286944 0.0000000 0.0000000 0.0435710 0.0000000 0.0771240 0.8003263 0.0026164 0.0027176 0.0041494 0.0047306 0.0000000 0.0062395 0.0000000 0.0000000 0.0081334 0.0216974 0.0000000 0.0000000 0.0000000
 98 L  98 0.0425492 0.0343019 0.0000000 0.0000000 0.0000000 0.0000000 0.0000000 0.0000000 0.0000000 0.1360794 0.2885189 0.0352883 0.0140385 0.0047390 0.0000000 0.0000000 0.0088484 0.3749717 0.0089722 0.0516925
 99 R  99 0.0000000 0.7014547 0.2215605 0.0000000 0.0000000 0.0439826 0.0058463 0.0000000 0.0271559 0.0000000 0.0000000 0.0000000 0.0000000 0.0000000 0.0000000 0.0000000 0.0000000 0.0000000 0.0000000 0.0000000
100 E 100 0.0000000 0.0000000 0.0000000 0.0070706 0.0000000 0.0054319 0.9787253 0.0000000 0.0000000 0.0000000 0.0000000 0.0000000 0.0087722 0.0000000 0.0000000 0.0000000 0.0000000 0.0000000 0.0000000 0.0000000
101 E 101 0.2482116 0.0675161 0.0235197 0.0190190 0.0000000 0.0768194 0.2688879 0.0047724 0.0102771 0.0000000 0.0075223 0.0608426 0.0319701 0.0000000 0.0000000 0.0609436 0.0974235 0.0062373 0.0058762 0.0101612
102 L 102 0.0132383 0.0000000 0.0040114 0.0000000 0.0000000 0.0000000 0.0062373 0.0000000 0.0000000 0.1759486 0.6456659 0.0000000 0.0199552 0.0057701 0.0000000 0.0000000 0.0055295 0.0000000 0.0000000 0.1236437
103 D 103 0.1209832 0.0000000 0.0250607 0.1845037 0.0000000 0.0217009 0.5519563 0.0115196 0.0111610 0.0032779 0.0000000 0.0000000 0.0391497 0.0000000 0.0000000 0.0264952 0.0000000 0.0000000 0.0000000 0.0041919
104 E 104 0.0615665 0.0000000 0.0600275 0.2995070 0.0033610 0.0251506 0.4604857 0.0051066 0.0000000 0.0000000 0.0135346 0.0000000 0.0000000 0.0000000 0.0000000 0.0522414 0.0163104 0.0000000 0.0000000 0.0027089
105 I 105 0.4851694 0.0000000 0.0000000 0.0000000 0.0166631 0.0000000 0.0000000 0.0000000 0.0000000 0.2642455 0.1322426 0.0000000 0.0000000 0.0042851 0.0078642 0.0000000 0.0044076 0.0000000 0.0000000 0.0851224
106 E 106 0.0681482 0.1862866 0.0146171 0.0696817 0.0000000 0.1134016 0.2565694 0.0179760 0.0136983 0.0191366 0.0092392 0.0463670 0.0085303 0.0092635 0.0184283 0.0884556 0.0338226 0.0000000 0.0000000 0.0263779
107 Q 107 0.1749667 0.0134990 0.0726521 0.1900679 0.0000000 0.0570897 0.0472344 0.0480897 0.0685134 0.0198142 0.0065401 0.0451438 0.0101449 0.0084816 0.0000000 0.1825521 0.0478506 0.0048230 0.0000000 0.0025368
108 A 108 0.3310868 0.0276040 0.0360742 0.0799954 0.0101131 0.0340131 0.1181183 0.0211962 0.0054598 0.0033627 0.0000000 0.0440380 0.0052625 0.0065301 0.0158693 0.1952418 0.0480498 0.0000000 0.0000000 0.0179848
109 K 109 0.1036763 0.0608071 0.0376708 0.1537689 0.0063659 0.1075202 0.1144919 0.0879110 0.0165925 0.0094075 0.0000000 0.1530966 0.0000000 0.0084689 0.0194230 0.0830115 0.0377880 0.0000000 0.0000000 0.0000000
110 D 110 0.0866319 0.0058380 0.1327117 0.5301623 0.0000000 0.0029595 0.0350716 0.0232857 0.0000000 0.0090452 0.0227885 0.0038777 0.0000000 0.0000000 0.0728430 0.0224813 0.0523037 0.0000000 0.0000000 0.0000000
111 E 111 0.0830833 0.0146124 0.0123094 0.0370508 0.0000000 0.0247433 0.2929795 0.0154147 0.0071236 0.0495402 0.1575765 0.0168119 0.0223928 0.0059255 0.0946378 0.0379984 0.0273525 0.0000000 0.0132687 0.0871786
112 A 112 0.2560727 0.0069181 0.0122201 0.2450664 0.0000000 0.0364654 0.1681858 0.0230743 0.0114942 0.0097422 0.0318306 0.0432375 0.0000000 0.0000000 0.0275750 0.0661029 0.0434099 0.0000000 0.0000000 0.0186048
113 R 113 0.3542038 0.0837843 0.0000000 0.0265155 0.0000000 0.0498561 0.2193937 0.0617243 0.0000000 0.0062122 0.0348235 0.0673025 0.0056857 0.0000000 0.0058897 0.0049809 0.0616759 0.0000000 0.0000000 0.0179518
114 L 114 0.0288542 0.0027622 0.0000000 0.0000000 0.0046149 0.0000000 0.0000000 0.0000000 0.0038275 0.2011782 0.5910614 0.0155611 0.0430921 0.0063396 0.0000000 0.0000000 0.0000000 0.0000000 0.0076895 0.0950193
115 E 115 0.1426752 0.0355442 0.0628097 0.1294290 0.0000000 0.0696939 0.1905357 0.0173510 0.0324840 0.0203717 0.0362262 0.0751029 0.0152123 0.0362543 0.0046132 0.0375118 0.0584688 0.0000000 0.0209189 0.0147972
116 S 116 0.2475892 0.0569145 0.0415185 0.1041389 0.0000000 0.0915444 0.1437826 0.0309885 0.0236810 0.0000000 0.0000000 0.0869056 0.0044798 0.0000000 0.0047023 0.0824983 0.0444935 0.0000000 0.0000000 0.0367630
117 F 117 0.0064647 0.0056043 0.0058867 0.0036530 0.0000000 0.0119389 0.0028466 0.0027720 0.0000000 0.1625810 0.4379047 0.0000000 0.0272011 0.2703058 0.0000000 0.0233900 0.0112642 0.0000000 0.0059302 0.0222567
118 I 118 0.1225053 0.0879601 0.0340641 0.1005860 0.0000000 0.0510553 0.0674064 0.0696040 0.0269634 0.0387047 0.1411810 0.0956775 0.0213448 0.0224523 0.0000000 0.0556889 0.0362533 0.0044983 0.0142483 0.0098062
119 K 119 0.1652969 0.0687040 0.0424297 0.0888923 0.0000000 0.1147249 0.0894058 0.0426288 0.0277144 0.0036494 0.0191235 0.1478024 0.0163767 0.0085583 0.0000000 0.1090642 0.0277810 0.0000000 0.0086076 0.0192401
120 R 120 0.0420531 0.1807530 0.0191296 0.1059384 0.0000000 0.1096884 0.3217250 0.0143162 0.0112709 0.0060103 0.0000000 0.0790682 0.0096587 0.0034704 0.0000000 0.0446339 0.0487522 0.0000000 0.0000000 0.0035317
121 V 121 0.0432665 0.0000000 0.1401061 0.0000000 0.0000000 0.0069986 0.0000000 0.0000000 0.0079407 0.2366884 0.2121391 0.0000000 0.0205011 0.0237845 0.0000000 0.0163711 0.0168991 0.0000000 0.0143292 0.2609756
122 K 122 0.0834392 0.1789341 0.0443083 0.0866062 0.0000000 0.1114290 0.1120716 0.0128060 0.0027526 0.0168510 0.0183163 0.1929923 0.0000000 0.0028156 0.0000000 0.0798532 0.0297620 0.0000000 0.0053773 0.0216854
123 K 123 0.1924416 0.0285267 0.0404467 0.0582261 0.0037140 0.1407896 0.1229077 0.0840400 0.0110036 0.0261134 0.0243501 0.1096329 0.0000000 0.0000000 0.0000000 0.0566801 0.0681134 0.0000000 0.0000000 0.0330142
124 M 124 0.1348605 0.1134858 0.0129906 0.0513418 0.0000000 0.0533163 0.1782085 0.0053622 0.0356488 0.0133904 0.0657210 0.1537377 0.0905190 0.0133472 0.0000000 0.0203592 0.0328259 0.0000000 0.0079271 0.0169580
125 F 125 0.0441695 0.1027216 0.0068860 0.0000000 0.0056939 0.1535585 0.0470630 0.0031048 0.0151427 0.1294117 0.1823111 0.0628286 0.0474211 0.0288923 0.0000000 0.0074569 0.0219401 0.0032445 0.0581859 0.0799678
126 D 126 0.0657076 0.1229275 0.0926509 0.0906973 0.0000000 0.1002924 0.1239304 0.0233834 0.0084114 0.0119281 0.0346942 0.2274069 0.0000000 0.0000000 0.0000000 0.0288392 0.0555451 0.0000000 0.0000000 0.0135858
127 T 127 0.1828981 0.0613830 0.0408138 0.0643883 0.0000000 0.1094658 0.1978681 0.0298843 0.0542966 0.0000000 0.0250335 0.0689430 0.0056939 0.0000000 0.0000000 0.0335532 0.0998817 0.0000000 0.0066718 0.0192248
128 R 128 0.0354512 0.0982558 0.0360544 0.0056043 0.0739755 0.0560499 0.0087580 0.0077065 0.0216698 0.0610249 0.3555165 0.0170819 0.0355567 0.0140088 0.0000000 0.0192575 0.0278781 0.0316895 0.0360940 0.0583667
129 H 129 0.0221791 0.0262793 0.0275170 0.0102963 0.0148077 0.0467710 0.0971841 0.0000000 0.0305269 0.0606644 0.2404089 0.0173007 0.0079182 0.0444604 0.0000000 0.1143078 0.1046534 0.0021769 0.0407885 0.0917593
130 Q 130 0.1553067 0.0506560 0.0605954 0.1042552 0.0167783 0.1471868 0.1441769 0.0363887 0.0080583 0.0042172 0.0263803 0.0961221 0.0061920 0.0000000 0.0000000 0.0820044 0.0473851 0.0000000 0.0000000 0.0142966
131 L 131 0.0774451 0.0636553 0.0372451 0.0547169 0.0000000 0.1759411 0.2022891 0.0190580 0.0234092 0.0101619 0.0484081 0.0775347 0.0099025 0.0000000 0.0000000 0.1328877 0.0404275 0.0000000 0.0061601 0.0207578
132 M 132 0.0142826 0.0000000 0.0000000 0.0000000 0.0204871 0.0055593 0.0070436 0.0000000 0.0000000 0.1350764 0.4848380 0.0058266 0.0873654 0.1490688 0.0000000 0.0039570 0.0175251 0.0000000 0.0000000 0.0689701
133 V 133 0.2061847 0.0693759 0.0338515 0.0366988 0.0000000 0.0808021 0.1189695 0.0849745 0.0088229 0.0268643 0.0204672 0.0546053 0.0000000 0.0034615 0.0000000 0.1304133 0.0402489 0.0000000 0.0000000 0.0842596
134 E 134 0.1792021 0.0720752 0.0463030 0.0690831 0.0000000 0.1264335 0.1752812 0.0359177 0.0182373 0.0159217 0.0180868 0.0862646 0.0000000 0.0000000 0.0030101 0.0534141 0.0717406 0.0041957 0.0000000 0.0248331
135 Q 135 0.3516789 0.0052130 0.0182294 0.0225441 0.0358792 0.1468052 0.0490085 0.0000000 0.0176633 0.0091413 0.1862575 0.0100419 0.0092407 0.0091141 0.0038831 0.0810686 0.0197716 0.0023475 0.0032570 0.0188550
136 L 136 0.0000000 0.0039915 0.0037017 0.0374772 0.0000000 0.0000000 0.0115153 0.0000000 0.0000000 0.0913250 0.3323611 0.0000000 0.0258089 0.3879823 0.0000000 0.0088266 0.0000000 0.0473183 0.0395185 0.0101736
137 D 137 0.0877499 0.0652711 0.0958150 0.3192428 0.0000000 0.0676393 0.1738899 0.0231365 0.0233246 0.0089879 0.0083124 0.0412922 0.0000000 0.0000000 0.0000000 0.0483158 0.0215836 0.0000000 0.0047661 0.0106728
138 N 138 0.1585445 0.0671583 0.0563361 0.1034751 0.0027220 0.1126172 0.1330632 0.0189009 0.0088341 0.0121357 0.0000000 0.1384547 0.0031288 0.0000000 0.0000000 0.1278278 0.0419810 0.0000000 0.0000000 0.0148205
139 E 139 0.0827002 0.0501204 0.0721087 0.1239333 0.0000000 0.1814763 0.1055614 0.1665920 0.0240030 0.0064182 0.0028564 0.0820349 0.0045169 0.0000000 0.0194440 0.0381994 0.0207805 0.0089679 0.0079016 0.0023849
140 T 140 0.0797054 0.0353320 0.0872775 0.4398394 0.0000000 0.1395173 0.0614070 0.0028361 0.0275335 0.0160904 0.0192568 0.0279397 0.0000000 0.0000000 0.0102850 0.0270581 0.0229561 0.0000000 0.0000000 0.0029657
141 W 141 0.0265663 0.0228194 0.0211684 0.0405478 0.0000000 0.0286985 0.0244256 0.0031084 0.0000000 0.0578022 0.1971848 0.0000000 0.0329734 0.1250630 0.0038694 0.0162541 0.0090872 0.2245459 0.1362302 0.0296554
142 D 142 0.1254870 0.0404999 0.0407763 0.1153343 0.0000000 0.1500054 0.2300389 0.0133944 0.0290398 0.0062953 0.0579034 0.0276010 0.0166388 0.0000000 0.0512228 0.0310547 0.0265064 0.0059305 0.0197643 0.0125070
143 A 143 0.2275505 0.0213328 0.0342877 0.0672862 0.0000000 0.1080641 0.1455066 0.0597796 0.0184573 0.0190439 0.0511401 0.0851790 0.0102745 0.0059963 0.0232807 0.0338377 0.0611891 0.0000000 0.0000000 0.0277939
144 A 144 0.7580181 0.0000000 0.0120011 0.0130224 0.0030303 0.0096200 0.0276832 0.0100880 0.0080284 0.0267846 0.0098778 0.0204483 0.0027863 0.0045005 0.0109407 0.0224683 0.0134213 0.0000000 0.0110082 0.0362724
145 A 145 0.3402701 0.0646581 0.0126916 0.0055111 0.0044150 0.0300244 0.0285234 0.0521802 0.0065901 0.0456402 0.0501988 0.2324590 0.0000000 0.0030178 0.0043234 0.0276568 0.0393353 0.0000000 0.0000000 0.0525047
146 D 146 0.0947826 0.0674531 0.0267112 0.1624968 0.0000000 0.1380417 0.2174320 0.0326296 0.0208242 0.0166519 0.0324946 0.0799414 0.0206455 0.0047962 0.0084089 0.0365670 0.0342733 0.0000000 0.0000000 0.0058501
147 T 147 0.1413318 0.0679445 0.0315952 0.0128098 0.0343644 0.0709661 0.0658362 0.0118014 0.0184118 0.0731666 0.1975208 0.0235460 0.0189813 0.0270148 0.0000000 0.0340248 0.1220872 0.0111828 0.0112557 0.0261588
148 V 148 0.0704011 0.0000000 0.0188519 0.0000000 0.0470245 0.0000000 0.0094558 0.0000000 0.0058927 0.0804823 0.2489831 0.0000000 0.0102494 0.0000000 0.0000000 0.0233472 0.1397523 0.0074996 0.0043037 0.3337563
149 R 149 0.0464279 0.3797691 0.0118756 0.0787318 0.0146478 0.0361809 0.0054291 0.0160466 0.0045613 0.0950176 0.0231052 0.0205636 0.0347010 0.0000000 0.0052117 0.0243338 0.0445315 0.0000000 0.0043492 0.1545161
150 K 150 0.0456914 0.2715338 0.0237036 0.0057997 0.0000000 0.1458447 0.0821136 0.0036956 0.0192267 0.0103890 0.0187367 0.3246031 0.0000000 0.0000000 0.0049904 0.0188570 0.0116608 0.0000000 0.0131538 0.0000000
151 L 151 0.0134550 0.0524709 0.0000000 0.0000000 0.0201504 0.0059154 0.0064491 0.0409108 0.0000000 0.0410019 0.5084521 0.0120056 0.2249622 0.0130724 0.0041339 0.0138884 0.0107999 0.0153405 0.0000000 0.0169916
152 R 152 0.0023211 0.3192268 0.0125859 0.0000000 0.0000000 0.0533615 0.0025303 0.0054349 0.0057591 0.0164734 0.0570067 0.2815553 0.1546597 0.0046373 0.0000000 0.0237670 0.0534914 0.0000000 0.0000000 0.0071895
153 F 153 0.0160159 0.0393911 0.0023149 0.0122357 0.0000000 0.0402215 0.0000000 0.0093793 0.0018248 0.0045724 0.0081203 0.0348748 0.0130856 0.4530704 0.0178137 0.0060446 0.0152996 0.0000000 0.3234921 0.0022436
154 L 154 0.0032817 0.0158734 0.0114411 0.0000000 0.0000000 0.0000000 0.0027829 0.0000000 0.0026933 0.1868702 0.2468069 0.0000000 0.0566328 0.2000777 0.0153831 0.0096745 0.0141511 0.0544251 0.1208508 0.0590556
155 D 155 0.0984493 0.0234736 0.0537195 0.1574144 0.0135360 0.0345348 0.1533226 0.0073851 0.0382190 0.0200492 0.0536904 0.0821167 0.0110787 0.0022075 0.0072662 0.0560527 0.0662517 0.0000000 0.0795730 0.0416596
156 K 156 0.0142768 0.1878161 0.1226677 0.0109837 0.0027546 0.0180663 0.0300621 0.0070509 0.0097888 0.0000000 0.0042934 0.3547355 0.0029064 0.0464277 0.0137509 0.1084274 0.0499682 0.0000000 0.0020635 0.0139598
157 L 157 0.0269478 0.0180571 0.0000000 0.0000000 0.0114627 0.0107677 0.0000000 0.0099827 0.0000000 0.2404175 0.3121905 0.0569604 0.0395895 0.0950483 0.0040192 0.0264271 0.0170976 0.0000000 0.0069532 0.1240786
158 R 158 0.0703262 0.1434696 0.0710741 0.0439543 0.0000000 0.2312812 0.0866704 0.0393589 0.0286319 0.0301730 0.0653704 0.0428410 0.0184055 0.0270516 0.0176065 0.0538208 0.0243561 0.0028920 0.0000000 0.0027166
159 S 159 0.0470356 0.0676324 0.0947201 0.1328751 0.0000000 0.1641907 0.1799614 0.0142462 0.0411800 0.0263175 0.0072107 0.0665450 0.0026005 0.0067521 0.0137249 0.0666099 0.0395930 0.0000000 0.0066180 0.0221869
160 S 160 0.0535777 0.0899176 0.0506946 0.0434900 0.0193907 0.1962002 0.1618887 0.0547454 0.0345838 0.0104449 0.0364174 0.0498039 0.0123943 0.0000000 0.0194108 0.0949555 0.0159052 0.0000000 0.0257600 0.0304193
161 A 161 0.0787783 0.0277340 0.0341167 0.0305078 0.0044758 0.0248326 0.0000000 0.0358142 0.0209921 0.2522544 0.1737825 0.0134301 0.0035918 0.0105920 0.0200293 0.0151749 0.0689301 0.0000000 0.0047412 0.1802222
162 E 162 0.0635128 0.1139073 0.0313773 0.0202591 0.0138910 0.0757076 0.1733748 0.0224866 0.0798741 0.0132979 0.0471400 0.1613291 0.0105555 0.0000000 0.0382027 0.0750481 0.0275370 0.0000000 0.0000000 0.0324990
163 Q 163 0.0665303 0.0759171 0.0698857 0.0814770 0.0159608 0.1992220 0.1044579 0.0279286 0.0409724 0.0094604 0.0304492 0.1378254 0.0029812 0.0104117 0.0361761 0.0347113 0.0348769 0.0000000 0.0058861 0.0148698
164 L 164 0.0833356 0.0968778 0.0368227 0.0000000 0.0171565 0.0646775 0.0000000 0.0041163 0.0236981 0.0188913 0.1027623 0.1529209 0.1237822 0.0244458 0.0198515 0.0316200 0.0264792 0.1007836 0.0130163 0.0587625
165 E 165 0.0296514 0.0310756 0.0331138 0.0068179 0.0275874 0.1099471 0.1915099 0.0292235 0.0179982 0.0561482 0.1197621 0.0545143 0.0613413 0.0195487 0.0469912 0.0741248 0.0204455 0.0000000 0.0204095 0.0497898
166 E 166 0.0403532 0.0323074 0.0511437 0.0570111 0.0000000 0.0744494 0.1377232 0.0454252 0.0650580 0.0000000 0.0666832 0.0268287 0.0275041 0.0827722 0.1104737 0.0647612 0.0311464 0.0042975 0.0474715 0.0345902
167 K 167 0.0319491 0.0931081 0.0775446 0.0290055 0.0065917 0.1519470 0.0544121 0.1007815 0.0211776 0.0533815 0.0454476 0.0350155 0.0576970 0.0839323 0.0215803 0.0625824 0.0243333 0.0045311 0.0133703 0.0316114
168 L 168 0.0304548 0.0322028 0.1176029 0.0173579 0.0133590 0.1183809 0.0000000 0.0205845 0.0892839 0.0439696 0.0486005 0.0156273 0.1896229 0.0628238 0.0287546 0.0276178 0.0250911 0.0430220 0.0188646 0.0567791
169 L 169 0.0732928 0.0270386 0.0121211 0.0165702 0.0325104 0.0945231 0.0151481 0.0708374 0.0199644 0.0453154 0.1348516 0.0162422 0.1252834 0.0679388 0.0515954 0.0699050 0.0808920 0.0000000 0.0179824 0.0279876
170 D 170 0.0541916 0.0845289 0.0287789 0.1068797 0.0223117 0.0688915 0.1084305 0.0000000 0.0180869 0.0134880 0.0527404 0.0936007 0.2080073 0.0000000 0.0155002 0.0464737 0.0569297 0.0000000 0.0000000 0.0211603
171 F 171 0.0298183 0.1793094 0.0118719 0.0422752 0.0216430 0.0484100 0.0058676 0.0069673 0.0048495 0.0493533 0.0131349 0.0058875 0.2746898 0.0523279 0.0000000 0.0210484 0.0172687 0.1828977 0.0065018 0.0258779
172 A 172 0.1604038 0.0560971 0.0489253 0.0709801 0.0086945 0.0446650 0.0864832 0.0304817 0.0012665 0.0195744 0.1084869 0.0155599 0.1837649 0.0431144 0.0269141 0.0583331 0.0115246 0.0031053 0.0047472 0.0168779
173 Y 173 0.0000000 0.0044386 0.0000000 0.0038429 0.0000000 0.0000000 0.0000000 0.0000000 0.0000000 0.0095039 0.0257985 0.0000000 0.0000000 0.0207185 0.0000000 0.0000000 0.0026868 0.0000000 0.9330108 0.0000000
174 S 174 0.0164320 0.1225395 0.0314592 0.0047568 0.0020677 0.0824930 0.0000000 0.0137917 0.2048135 0.0029532 0.0000000 0.0039099 0.0218321 0.0091518 0.0018643 0.3538974 0.1280379 0.0000000 0.0000000 0.0000000
175 E 175 0.0308225 0.0193812 0.0083394 0.2101400 0.0000000 0.0939042 0.4450957 0.0015884 0.0000000 0.0029364 0.0027504 0.0781580 0.0000000 0.0029639 0.0650366 0.0257671 0.0071575 0.0000000 0.0000000 0.0059588
176 K 176 0.0189255 0.0437598 0.0766149 0.0000000 0.0000000 0.0143588 0.0215688 0.0037293 0.0089513 0.0624236 0.0234841 0.4891092 0.0093788 0.0000000 0.0000000 0.0094077 0.0356115 0.0000000 0.0040780 0.1785986
177 V 177 0.0037443 0.0000000 0.0000000 0.0000000 0.0000000 0.0000000 0.0000000 0.0000000 0.0000000 0.2274684 0.0304414 0.0000000 0.0000000 0.0000000 0.0000000 0.0000000 0.0028945 0.0000000 0.0000000 0.7354515
178 I 178 0.0101914 0.0144015 0.0032495 0.0000000 0.0000000 0.0113575 0.0061711 0.0000000 0.0160314 0.2169741 0.2951404 0.0923366 0.2317453 0.0136427 0.0000000 0.0071377 0.0000000 0.0000000 0.0000000 0.0816206
179 D 179 0.0017451 0.0067337 0.0168239 0.7659534 0.0000000 0.0194765 0.1680113 0.0000000 0.0000000 0.0000000 0.0000000 0.0119256 0.0000000 0.0000000 0.0000000 0.0040813 0.0016197 0.0000000 0.0036295 0.0000000
180 H 180 0.0000000 0.0058603 0.0056928 0.0000000 0.0000000 0.0000000 0.0054059 0.0000000 0.9142956 0.0000000 0.0213415 0.0000000 0.0000000 0.0020437 0.0000000 0.0000000 0.0000000 0.0000000 0.0453601 0.0000000
181 Y 181 0.0164544 0.0038516 0.0031142 0.0000000 0.0125905 0.0000000 0.0000000 0.0076246 0.0030107 0.0000000 0.0000000 0.0033366 0.0000000 0.3971558 0.0000000 0.0391644 0.0000000 0.0000000 0.5114042 0.0022930
182 E 182 0.0141591 0.0901566 0.1057248 0.0148215 0.0000000 0.0503393 0.2300753 0.0000000 0.0000000 0.0040141 0.0485478 0.1745155 0.0862668 0.0386446 0.0000000 0.0669059 0.0488224 0.0022679 0.0236753 0.0010633
183 N 183 0.0025680 0.0417140 0.7066706 0.0154063 0.0125183 0.0093001 0.0054209 0.0000000 0.1105399 0.0000000 0.0000000 0.0546516 0.0000000 0.0000000 0.0000000 0.0207099 0.0205005 0.0000000 0.0000000 0.0000000
184 P 184 0.0000000 0.0128352 0.0000000 0.0000000 0.0000000 0.0000000 0.0000000 0.0000000 0.0000000 0.0000000 0.0000000 0.0000000 0.0000000 0.0000000 0.9871648 0.0000000 0.0000000 0.0000000 0.0000000 0.0000000
185 R 185 0.0000000 0.7849547 0.0000000 0.0000000 0.0000000 0.0300279 0.0030521 0.0000000 0.0926464 0.0029160 0.0093583 0.0644832 0.0000000 0.0000000 0.0000000 0.0061210 0.0000000 0.0000000 0.0000000 0.0064404
186 N 186 0.0000000 0.0000000 0.9221494 0.0000000 0.0000000 0.0000000 0.0000000 0.0108242 0.0670264 0.0000000 0.0000000 0.0000000 0.0000000 0.0000000 0.0000000 0.0000000 0.0000000 0.0000000 0.0000000 0.0000000
187 V 187 0.0825017 0.0831832 0.0000000 0.0000000 0.0122212 0.0278734 0.0000000 0.0000000 0.0178947 0.0413040 0.0074422 0.0556706 0.0161941 0.0313361 0.0054691 0.0089865 0.0193253 0.0000000 0.0190649 0.5715330
188 G 188 0.0000000 0.0230633 0.0000000 0.0000000 0.0000000 0.0000000 0.0000000 0.9411123 0.0052404 0.0000000 0.0116662 0.0057845 0.0043138 0.0000000 0.0000000 0.0000000 0.0000000 0.0046917 0.0041278 0.0000000
189 S 189 0.0713249 0.0398900 0.0027787 0.0027841 0.0000000 0.0152640 0.1648463 0.0034568 0.0085462 0.0086584 0.0396965 0.0524454 0.0009772 0.0037891 0.0253129 0.3485502 0.1352242 0.0000000 0.0000000 0.0764551
190 F 190 0.0000000 0.0308563 0.0000000 0.0000000 0.0000000 0.0000000 0.0123855 0.0083839 0.0000000 0.2430887 0.3961747 0.0000000 0.1185299 0.1451269 0.0000000 0.0000000 0.0000000 0.0000000 0.0022341 0.0432199
191 D 191 0.0509359 0.0000000 0.0534958 0.3913554 0.0000000 0.0038086 0.3243224 0.0038316 0.0000000 0.0000000 0.0010879 0.0269475 0.0000000 0.0000000 0.0882890 0.0273041 0.0141664 0.0000000 0.0000000 0.0144553
192 N 192 0.0158763 0.0177952 0.1524259 0.2652657 0.0000000 0.0139186 0.0594347 0.0449463 0.0065994 0.0000000 0.0038838 0.3597160 0.0063600 0.0000000 0.0390675 0.0102019 0.0045087 0.0000000 0.0000000 0.0000000
193 N 193 0.3321136 0.0000000 0.1334405 0.0825817 0.0013827 0.0102436 0.0217634 0.0361224 0.0132459 0.0018975 0.0019604 0.0565460 0.0000000 0.0271285 0.0969224 0.0986098 0.0759388 0.0000000 0.0042874 0.0058155
194 D 194 0.0527136 0.0000000 0.1412065 0.5483632 0.0000000 0.0098154 0.0345445 0.0178312 0.0000000 0.0000000 0.0169821 0.0136979 0.0013398 0.0090160 0.0000000 0.1187454 0.0335973 0.0000000 0.0000000 0.0021471
195 E 195 0.2226188 0.0263121 0.0120554 0.0282593 0.0000000 0.0227174 0.0764441 0.0184063 0.0012182 0.0276654 0.0411317 0.1288972 0.0110767 0.0065202 0.1988993 0.0480257 0.0328606 0.0000000 0.0036770 0.0932142
196 N 196 0.0354574 0.0123433 0.2865901 0.1649389 0.0060883 0.0558256 0.0530442 0.0235496 0.0134700 0.0000000 0.0000000 0.0510251 0.0023182 0.0242944 0.0000000 0.1356635 0.0864097 0.0000000 0.0189721 0.0300094
197 V 197 0.0363065 0.0000000 0.0000000 0.0268986 0.0000000 0.0000000 0.0000000 0.0081208 0.0177542 0.0644961 0.0020581 0.0000000 0.0000000 0.0000000 0.0000000 0.0053675 0.0058004 0.0000000 0.0236590 0.8095390
198 G 198 0.0242510 0.0095213 0.0093046 0.0000000 0.0000000 0.0041785 0.0038525 0.8011875 0.0596225 0.0248733 0.0093823 0.0122380 0.0000000 0.0000000 0.0044075 0.0137792 0.0000000 0.0000000 0.0000000 0.0234019
199 S 199 0.0034521 0.0092327 0.0084859 0.0133129 0.0000000 0.0087335 0.0431459 0.0000000 0.0496828 0.1090632 0.0017144 0.0160321 0.0093415 0.0049873 0.0000000 0.0281004 0.4863272 0.0000000 0.0189969 0.1893913
200 G 200 0.1026537 0.0000000 0.0000000 0.0000000 0.0000000 0.0084677 0.0000000 0.7583051 0.0055120 0.0211431 0.0000000 0.0052243 0.0000000 0.0045091 0.0000000 0.0297782 0.0000000 0.0000000 0.0000000 0.0644068
201 M 201 0.0060419 0.0248422 0.0145199 0.0866834 0.0000000 0.0458237 0.2207139 0.0000000 0.0299153 0.0516210 0.3190422 0.0248569 0.0860647 0.0063585 0.0000000 0.0082943 0.0415243 0.0000000 0.0000000 0.0336979
202 V 202 0.0300495 0.0099542 0.0000000 0.0173472 0.0123617 0.0062216 0.0388718 0.0555500 0.0000000 0.0434145 0.0673051 0.0027061 0.0381810 0.0124966 0.0000000 0.0000000 0.0096496 0.0000000 0.0078088 0.6480825
203 G 203 0.0033888 0.0024678 0.0972349 0.0152401 0.0000000 0.0000000 0.0000000 0.7757782 0.0453671 0.0000000 0.0056596 0.0081262 0.0053183 0.0059148 0.0000000 0.0120289 0.0000000 0.0000000 0.0145477 0.0089277
204 A 204 0.3745843 0.0000000 0.3787085 0.0310091 0.0000000 0.0000000 0.0033099 0.0000000 0.0000000 0.0000000 0.0000000 0.0300431 0.0000000 0.0000000 0.0000000 0.1500860 0.0161916 0.0000000 0.0000000 0.0160676
205 P 205 0.0840981 0.0000000 0.0000000 0.0000000 0.0000000 0.0024798 0.0066888 0.0112550 0.0000000 0.0461855 0.0781714 0.0000000 0.0040088 0.0000000 0.7590261 0.0040448 0.0000000 0.0000000 0.0000000 0.0040417
206 A 206 0.4599752 0.0054764 0.0000000 0.0036086 0.0000000 0.0193237 0.0392589 0.0108652 0.0000000 0.0037864 0.0794843 0.0632191 0.0042728 0.0000000 0.0000000 0.1086930 0.1598226 0.0000000 0.0000000 0.0422138
207 C 207 0.0000000 0.0000000 0.0000000 0.0053977 0.9735981 0.0000000 0.0000000 0.0000000 0.0000000 0.0000000 0.0000000 0.0000000 0.0000000 0.0000000 0.0000000 0.0049366 0.0000000 0.0000000 0.0160676 0.0000000
208 G 208 0.0000000 0.0000000 0.0000000 0.0000000 0.0000000 0.0000000 0.0000000 0.9839324 0.0000000 0.0160676 0.0000000 0.0000000 0.0000000 0.0000000 0.0000000 0.0000000 0.0000000 0.0000000 0.0000000 0.0000000
209 D 209 0.0000000 0.0000000 0.0000000 0.9789958 0.0000000 0.0000000 0.0210042 0.0000000 0.0000000 0.0000000 0.0000000 0.0000000 0.0000000 0.0000000 0.0000000 0.0000000 0.0000000 0.0000000 0.0000000 0.0000000
210 V 210 0.1136210 0.0765054 0.0000000 0.0154248 0.0000000 0.0352992 0.0486672 0.0000000 0.0108527 0.0965550 0.0162112 0.0160410 0.0447594 0.0000000 0.0000000 0.0185974 0.0254177 0.0000000 0.0097444 0.4723037
211 M 211 0.0000000 0.0000000 0.0000000 0.0000000 0.0000000 0.0000000 0.0000000 0.0000000 0.0000000 0.1906914 0.1573487 0.0000000 0.5362851 0.0000000 0.0000000 0.0000000 0.0145322 0.0000000 0.0000000 0.1011426
212 K 212 0.0108157 0.2277477 0.0031696 0.0058596 0.0056275 0.0622202 0.0653543 0.0000000 0.0264031 0.0035124 0.0115822 0.4365034 0.0083223 0.0000000 0.0000000 0.0324616 0.0950358 0.0000000 0.0000000 0.0053846
213 L 213 0.0000000 0.0000000 0.0000000 0.0000000 0.0000000 0.0000000 0.0000000 0.0000000 0.0000000 0.1980861 0.6688935 0.0000000 0.0434377 0.0241827 0.0000000 0.0000000 0.0000000 0.0000000 0.0000000 0.0654000
214 Q 214 0.0065044 0.0306295 0.0017457 0.0201876 0.0000000 0.4624759 0.0125900 0.0000000 0.0388282 0.0000000 0.0000000 0.0000000 0.0388301 0.0604957 0.0000000 0.0241584 0.0773895 0.0155278 0.2023151 0.0083223
215 I 215 0.0000000 0.0000000 0.0000000 0.0000000 0.0000000 0.0000000 0.0000000 0.0000000 0.0000000 0.4973221 0.2974838 0.0000000 0.0402127 0.0137407 0.0000000 0.0000000 0.0000000 0.0000000 0.0000000 0.1512407
216 K 216 0.0182846 0.1150944 0.0076932 0.0287399 0.0000000 0.1191865 0.0449452 0.0000000 0.0000000 0.0081481 0.0127554 0.6204775 0.0025257 0.0038462 0.0000000 0.0071614 0.0017695 0.0000000 0.0020459 0.0073264
217 V 217 0.0000000 0.0000000 0.0000000 0.0000000 0.0022659 0.0000000 0.0000000 0.0000000 0.0000000 0.2176678 0.0669385 0.0000000 0.0061917 0.0233140 0.0000000 0.0000000 0.0055211 0.0000000 0.0000000 0.6781011
218 N 218 0.0063314 0.0336262 0.1530081 0.3936014 0.0000000 0.0081634 0.1893570 0.0386655 0.0000000 0.0000000 0.0035808 0.1081168 0.0000000 0.0000000 0.0000000 0.0528024 0.0038532 0.0000000 0.0000000 0.0088939
219 D 219 0.0123873 0.0010244 0.0620339 0.4969968 0.0000000 0.0046630 0.1906958 0.0633120 0.0055160 0.0000000 0.0000000 0.0280113 0.0000000 0.0000000 0.1190144 0.0122004 0.0018226 0.0000000 0.0023222 0.0000000
220 E 220 0.0174856 0.0014239 0.2527765 0.2855862 0.0000000 0.0467785 0.1328355 0.0157664 0.0181496 0.0000000 0.0000000 0.1252480 0.0032646 0.0000000 0.0000000 0.0424847 0.0559588 0.0000000 0.0022416 0.0000000
221 G 221 0.0000000 0.0095231 0.0488849 0.0523697 0.0000000 0.0529336 0.0386739 0.6760250 0.0267866 0.0000000 0.0000000 0.0184833 0.0024842 0.0000000 0.0000000 0.0063823 0.0674535 0.0000000 0.0000000 0.0000000
222 I 222 0.0000000 0.1274409 0.0135417 0.0042051 0.0058774 0.0100676 0.0067257 0.0000000 0.0098718 0.2372070 0.0139929 0.1868350 0.0120224 0.0000000 0.0000000 0.0000000 0.0768966 0.0000000 0.0000000 0.2953159
223 I 223 0.0000000 0.0000000 0.0000000 0.0000000 0.0000000 0.0000000 0.0000000 0.0000000 0.0000000 0.8485928 0.0125611 0.0000000 0.0000000 0.0000000 0.0000000 0.0000000 0.0000000 0.0000000 0.0000000 0.1388461
224 E 224 0.0571699 0.0177942 0.0000000 0.0413783 0.0000000 0.0463342 0.3055383 0.0000000 0.0053247 0.0527220 0.0355674 0.1076456 0.0162410 0.0000000 0.0000000 0.0775455 0.1129771 0.0000000 0.0000000 0.1237619
225 D 225 0.0176606 0.0052050 0.0359258 0.8217940 0.0000000 0.0127170 0.0932417 0.0000000 0.0000000 0.0000000 0.0000000 0.0134561 0.0000000 0.0000000 0.0000000 0.0000000 0.0000000 0.0000000 0.0000000 0.0000000
226 A 226 0.4652204 0.0000000 0.0000000 0.0000000 0.0172168 0.0000000 0.0000000 0.0000000 0.0000000 0.1575426 0.0140439 0.0000000 0.0000000 0.0000000 0.0000000 0.0314405 0.0026374 0.0000000 0.0000000 0.3118984
227 R 227 0.0573548 0.1875641 0.0000000 0.0000000 0.0428056 0.0083188 0.0000000 0.0276047 0.0057238 0.0000000 0.0000000 0.5529073 0.0010178 0.0000000 0.0000000 0.0867217 0.0228116 0.0000000 0.0000000 0.0071698
228 F 228 0.0000000 0.0000000 0.0000000 0.0000000 0.0000000 0.0000000 0.0000000 0.0000000 0.0077321 0.0118994 0.0000000 0.0000000 0.0000000 0.9094477 0.0000000 0.0000000 0.0000000 0.0254043 0.0382756 0.0072410
229 K 229 0.0070535 0.0317948 0.0091561 0.0583843 0.0000000 0.1432665 0.0836699 0.0000000 0.0000000 0.0025263 0.0331432 0.5297856 0.0124945 0.0000000 0.0000000 0.0350747 0.0263486 0.0112786 0.0000000 0.0160235
230 T 230 0.0251855 0.0000000 0.0000000 0.0098337 0.0000000 0.0000000 0.0000000 0.2190431 0.0000000 0.0000000 0.0000000 0.0000000 0.0000000 0.0000000 0.0000000 0.0309871 0.6824520 0.0000000 0.0000000 0.0324986
231 Y 231 0.0027302 0.0213559 0.0000000 0.0277768 0.0000000 0.0227086 0.0828065 0.0000000 0.0243412 0.0000000 0.0013058 0.0101537 0.0000000 0.6119538 0.0000000 0.0249265 0.0111123 0.0000000 0.1338908 0.0249379
232 G 232 0.0000000 0.0000000 0.0000000 0.0000000 0.0000000 0.0000000 0.0000000 0.9936076 0.0000000 0.0000000 0.0000000 0.0000000 0.0000000 0.0000000 0.0000000 0.0063924 0.0000000 0.0000000 0.0000000 0.0000000
233 C 233 0.0000000 0.0000000 0.0000000 0.0000000 1.0000000 0.0000000 0.0000000 0.0000000 0.0000000 0.0000000 0.0000000 0.0000000 0.0000000 0.0000000 0.0000000 0.0000000 0.0000000 0.0000000 0.0000000 0.0000000
234 G 234 0.2133524 0.0000000 0.0000000 0.0000000 0.0116431 0.0000000 0.0000000 0.5962855 0.0000000 0.0000000 0.0024587 0.0000000 0.0000000 0.0000000 0.0121126 0.1169067 0.0403254 0.0000000 0.0000000 0.0069155
235 S 235 0.1773996 0.0000000 0.0000000 0.0000000 0.0000000 0.0000000 0.0000000 0.0000000 0.0000000 0.2219207 0.0000000 0.0000000 0.0000000 0.0000000 0.0000000 0.5894295 0.0112502 0.0000000 0.0000000 0.0000000
236 A 236 0.7347596 0.0000000 0.0252252 0.0000000 0.0000000 0.0000000 0.0000000 0.0000000 0.0000000 0.0000000 0.0098089 0.0000000 0.0000000 0.0000000 0.0000000 0.2159668 0.0142395 0.0000000 0.0000000 0.0000000
237 I 237 0.0000000 0.0066860 0.0000000 0.0000000 0.0000000 0.0671909 0.0000000 0.0000000 0.0000000 0.7258661 0.0316500 0.0000000 0.0708683 0.0000000 0.0000000 0.0000000 0.0501130 0.0000000 0.0000000 0.0476257
238 A 238 0.9557832 0.0000000 0.0000000 0.0000000 0.0000000 0.0000000 0.0000000 0.0000000 0.0000000 0.0000000 0.0000000 0.0000000 0.0000000 0.0000000 0.0000000 0.0442168 0.0000000 0.0000000 0.0000000 0.0000000
239 S 239 0.0887182 0.0000000 0.0000000 0.0000000 0.0072410 0.0000000 0.0000000 0.0000000 0.0000000 0.0000000 0.0000000 0.0000000 0.0000000 0.0000000 0.0000000 0.7616011 0.1264824 0.0000000 0.0000000 0.0159574
240 S 240 0.2188511 0.0000000 0.0000000 0.0000000 0.0000000 0.0000000 0.0000000 0.0194141 0.0000000 0.0000000 0.0000000 0.0000000 0.0000000 0.0000000 0.0000000 0.6971708 0.0645639 0.0000000 0.0000000 0.0000000
241 S 241 0.0060952 0.0000000 0.0000000 0.0077738 0.0000000 0.0000000 0.0072914 0.0000000 0.0000000 0.0000000 0.0000000 0.0000000 0.0098089 0.0063924 0.0000000 0.9626382 0.0000000 0.0000000 0.0000000 0.0000000
242 L 242 0.0799469 0.0000000 0.0000000 0.0000000 0.0000000 0.0027475 0.0098089 0.0000000 0.0000000 0.0664876 0.2538870 0.0000000 0.3211334 0.0069071 0.0000000 0.0000000 0.0000000 0.0000000 0.1397144 0.1193672
243 V 243 0.2960025 0.0000000 0.0000000 0.0000000 0.0000000 0.0000000 0.0000000 0.0000000 0.0000000 0.0303729 0.2666849 0.0000000 0.2141649 0.0000000 0.0000000 0.0108570 0.0370736 0.0000000 0.0098089 0.1350353
244 T 244 0.0180781 0.0000000 0.0000000 0.0000000 0.0000000 0.0000000 0.0000000 0.0000000 0.0000000 0.0063071 0.0000000 0.0000000 0.0000000 0.0000000 0.0000000 0.0645485 0.9081676 0.0000000 0.0000000 0.0028987
245 E 245 0.0000000 0.0097779 0.0122058 0.1074063 0.0000000 0.0477102 0.7784996 0.0000000 0.0000000 0.0000000 0.0000000 0.0000000 0.0000000 0.0000000 0.0000000 0.0037028 0.0163407 0.0000000 0.0000000 0.0243566
246 W 246 0.1105777 0.0172433 0.0000000 0.0000000 0.0000000 0.0142655 0.0000000 0.0000000 0.0000000 0.0359883 0.3233360 0.0030647 0.2142490 0.0000000 0.0000000 0.0192024 0.0176317 0.2267962 0.0020134 0.0156318
247 V 247 0.1058028 0.0000000 0.0000000 0.0000000 0.0098620 0.0000000 0.0000000 0.0000000 0.0000000 0.2981373 0.1033849 0.0000000 0.0086855 0.0000000 0.0000000 0.0020523 0.0000000 0.0000000 0.0000000 0.4720751
248 K 248 0.0017747 0.0973068 0.0060971 0.0000000 0.0000000 0.0216112 0.0166066 0.0000000 0.0033274 0.1075936 0.0146844 0.6872555 0.0218070 0.0000000 0.0000000 0.0000000 0.0037064 0.0000000 0.0000000 0.0182294
249 G 249 0.0000000 0.0029893 0.0068638 0.0000000 0.0000000 0.0029037 0.0014689 0.9745659 0.0000000 0.0000000 0.0000000 0.0051132 0.0000000 0.0000000 0.0000000 0.0060952 0.0000000 0.0000000 0.0000000 0.0000000
250 K 250 0.0056502 0.0442077 0.0000000 0.0000000 0.0000000 0.0174845 0.0000000 0.0053862 0.0135616 0.0054662 0.0382414 0.7304634 0.1335434 0.0000000 0.0000000 0.0013525 0.0046428 0.0000000 0.0000000 0.0000000
251 S 251 0.0030041 0.0127408 0.0148770 0.0250092 0.0000000 0.0093446 0.0046580 0.0021399 0.0309666 0.0029966 0.0011070 0.0272939 0.0000000 0.0000000 0.0527464 0.1691836 0.6439325 0.0000000 0.0000000 0.0000000
252 L 252 0.0042710 0.0106106 0.0000000 0.0000000 0.0123037 0.0019863 0.0256101 0.0000000 0.0000000 0.2118304 0.4430867 0.0186487 0.0133197 0.0000000 0.0023489 0.0038263 0.0199795 0.0018386 0.0049567 0.2253829
253 D 253 0.0641997 0.0019452 0.0270991 0.3907509 0.0000000 0.0266926 0.3856976 0.0084282 0.0025470 0.0018492 0.0000000 0.0142578 0.0000000 0.0000000 0.0223762 0.0258244 0.0198433 0.0030482 0.0034802 0.0019603
254 E 254 0.0062264 0.0000000 0.0053862 0.1412062 0.0000000 0.0910898 0.7196538 0.0000000 0.0018262 0.0000000 0.0000000 0.0000000 0.0000000 0.0000000 0.0000000 0.0045040 0.0124510 0.0000000 0.0109895 0.0066668
255 A 255 0.8881699 0.0000000 0.0000000 0.0023681 0.0136336 0.0000000 0.0000000 0.0056251 0.0000000 0.0102265 0.0082179 0.0000000 0.0000000 0.0000000 0.0053862 0.0060906 0.0000000 0.0000000 0.0000000 0.0602822
256 Q 256 0.0845000 0.0169756 0.0000000 0.0027233 0.0032646 0.0224164 0.0765822 0.0435027 0.0069745 0.0112984 0.4596392 0.0610569 0.0720805 0.0184797 0.0000000 0.0430900 0.0095113 0.0299487 0.0170837 0.0208723
257 A 257 0.1175426 0.0561444 0.0433052 0.0438056 0.0000000 0.1229988 0.1347344 0.0157716 0.0079695 0.0000000 0.0046999 0.3236294 0.0167946 0.0000000 0.0035985 0.0340906 0.0717142 0.0000000 0.0000000 0.0032008
258 I 258 0.0000000 0.0000000 0.0000000 0.0000000 0.0000000 0.0000000 0.0000000 0.0000000 0.0000000 0.5144292 0.3063477 0.0000000 0.0509175 0.0023686 0.0000000 0.0000000 0.0179366 0.0000000 0.0000000 0.1080004
259 K 259 0.0149217 0.0451773 0.0066920 0.0380854 0.0000000 0.0075384 0.0198214 0.1304630 0.0112114 0.0000000 0.0052941 0.3291966 0.0059519 0.0066918 0.0000000 0.0856574 0.2821489 0.0000000 0.0033327 0.0078159
260 N 260 0.0110379 0.0218857 0.6383353 0.1513990 0.0000000 0.0078159 0.0336518 0.0033704 0.0161478 0.0000000 0.0000000 0.0461126 0.0000000 0.0059065 0.0285008 0.0072802 0.0000000 0.0194553 0.0091010 0.0000000
261 T 261 0.0733864 0.0331812 0.0290851 0.0548287 0.0000000 0.0827427 0.0715662 0.0010087 0.0018342 0.0331123 0.0275498 0.1957502 0.0230023 0.0000000 0.0000000 0.0702316 0.2915879 0.0000000 0.0000000 0.0111328
262 D 262 0.1426454 0.0042443 0.0030354 0.4262967 0.0000000 0.0913141 0.2034072 0.0036868 0.0116799 0.0000000 0.0012734 0.0145739 0.0212622 0.0454529 0.0000000 0.0077084 0.0107816 0.0000000 0.0011474 0.0114904
263 I 263 0.0712661 0.0000000 0.0000000 0.0000000 0.0000000 0.0000000 0.0000000 0.0000000 0.0000000 0.5863778 0.0308708 0.0050962 0.0101606 0.0115857 0.0000000 0.0000000 0.0000000 0.0000000 0.0000000 0.2846428
264 A 264 0.5874097 0.0000000 0.0000000 0.0000000 0.0014205 0.0000000 0.0000000 0.0000000 0.0000000 0.0161758 0.2024100 0.0000000 0.0204265 0.0212450 0.0029893 0.0315545 0.0246315 0.0000000 0.0077321 0.0840051
265 E 265 0.0859722 0.0111778 0.0229065 0.1361067 0.0000000 0.0928518 0.2879376 0.0328087 0.0131632 0.0000000 0.0018036 0.2271182 0.0063225 0.0000000 0.0000000 0.0696715 0.0121598 0.0000000 0.0000000 0.0000000
266 E 266 0.2112411 0.0047268 0.0073182 0.0052243 0.0000000 0.0041375 0.3654110 0.1829641 0.0775828 0.0000000 0.0000000 0.0149299 0.0177902 0.0196090 0.0000000 0.0051847 0.0020025 0.0000000 0.0725327 0.0093450
267 L 267 0.0000000 0.0000000 0.0000000 0.0000000 0.0000000 0.0000000 0.0000000 0.0000000 0.0000000 0.0114822 0.8004575 0.0000000 0.0000000 0.0000000 0.0000000 0.0000000 0.0000000 0.0000000 0.0000000 0.1880603
268 E 268 0.1108772 0.0269576 0.0558776 0.0052576 0.0912395 0.0134826 0.0228141 0.3904906 0.0023682 0.0000000 0.0000000 0.0285158 0.0000000 0.0000000 0.0000000 0.2353604 0.0129214 0.0000000 0.0000000 0.0038374
269 L 269 0.0052656 0.0000000 0.0000000 0.0000000 0.0000000 0.0271779 0.0231154 0.0166309 0.0000000 0.0149320 0.7763797 0.1290310 0.0000000 0.0000000 0.0000000 0.0000000 0.0000000 0.0000000 0.0000000 0.0074675
270 P 270 0.0000000 0.0000000 0.0000000 0.0000000 0.0000000 0.0000000 0.0050962 0.0121302 0.0000000 0.0000000 0.0201727 0.0000000 0.0000000 0.1428107 0.7729773 0.0039780 0.0000000 0.0000000 0.0428350 0.0000000
271 P 271 0.0187096 0.0080822 0.0000000 0.0224136 0.0000000 0.0062864 0.0784949 0.0013179 0.0000000 0.0000000 0.0000000 0.0312944 0.0000000 0.0000000 0.8231866 0.0055576 0.0046568 0.0000000 0.0000000 0.0000000
272 V 272 0.2123896 0.0019221 0.0300368 0.0072410 0.0000000 0.0666908 0.0954071 0.0000000 0.0222445 0.0335207 0.0000000 0.0025806 0.0038263 0.0000000 0.0030393 0.0156638 0.0000000 0.0000000 0.0000000 0.5054374
273 K 273 0.0000000 0.2219207 0.0000000 0.0000000 0.0000000 0.0000000 0.0000000 0.0000000 0.0000000 0.0000000 0.0000000 0.7668292 0.0000000 0.0000000 0.0000000 0.0112502 0.0000000 0.0000000 0.0000000 0.0000000
274 I 274 0.0070094 0.0041662 0.0000000 0.0000000 0.0000000 0.0032237 0.0018556 0.0072876 0.0000000 0.2859651 0.2975613 0.0134662 0.1962036 0.0166166 0.0000000 0.0000000 0.0000000 0.0000000 0.0069480 0.1596968
275 H 275 0.0000000 0.0000000 0.0053954 0.0000000 0.0000000 0.0000000 0.0000000 0.0000000 0.7672977 0.0000000 0.0053862 0.2219207 0.0000000 0.0000000 0.0000000 0.0000000 0.0000000 0.0000000 0.0000000 0.0000000
276 C 276 0.0160608 0.0000000 0.0000000 0.0000000 0.9839392 0.0000000 0.0000000 0.0000000 0.0000000 0.0000000 0.0000000 0.0000000 0.0000000 0.0000000 0.0000000 0.0000000 0.0000000 0.0000000 0.0000000 0.0000000
277 S 277 0.2239243 0.0000000 0.0000000 0.0000000 0.0000000 0.0000000 0.0000000 0.0000000 0.0000000 0.0000000 0.0000000 0.0000000 0.0000000 0.0000000 0.0000000 0.7509629 0.0251127 0.0000000 0.0000000 0.0000000
278 I 278 0.0000000 0.0000000 0.0914739 0.0000000 0.0000000 0.0039280 0.0000000 0.0000000 0.0000000 0.0830875 0.1323284 0.0000000 0.2511033 0.0113018 0.0000000 0.0041827 0.1566565 0.0000000 0.0000000 0.2659379
279 L 279 0.0000000 0.0000000 0.0000000 0.0000000 0.0000000 0.0000000 0.0000000 0.0000000 0.0000000 0.0131877 0.8858986 0.0041827 0.0967310 0.0000000 0.0000000 0.0000000 0.0000000 0.0000000 0.0000000 0.0000000
280 A 280 0.7234817 0.0000000 0.0000000 0.0000000 0.0000000 0.0000000 0.0000000 0.1944843 0.0000000 0.0161728 0.0000000 0.0000000 0.0000000 0.0000000 0.0088631 0.0455919 0.0078280 0.0000000 0.0000000 0.0035783
281 E 281 0.0862784 0.0300490 0.0000000 0.0246013 0.0000000 0.0634665 0.5061620 0.0000000 0.0019740 0.0020820 0.0379508 0.0016246 0.0063172 0.0000000 0.0000000 0.0000000 0.0039373 0.1988249 0.0028487 0.0338834
282 D 282 0.0014732 0.0000000 0.0451281 0.4638778 0.0000000 0.0363905 0.1970049 0.0137710 0.0625682 0.0000000 0.0000000 0.1264284 0.0257418 0.0000000 0.0000000 0.0198445 0.0077714 0.0000000 0.0000000 0.0000000
283 A 283 0.8418218 0.0023483 0.0000000 0.0000000 0.0048500 0.0000000 0.0000000 0.0318342 0.0000000 0.0000000 0.0000000 0.0000000 0.0000000 0.0000000 0.0000000 0.0073047 0.0836876 0.0000000 0.0000000 0.0281533
284 I 284 0.0000000 0.0000000 0.0000000 0.0000000 0.0000000 0.0000000 0.0000000 0.0000000 0.0000000 0.4559850 0.4256121 0.0000000 0.0236837 0.0203340 0.0000000 0.0000000 0.0000000 0.0106257 0.0000000 0.0637595
285 K 285 0.0015184 0.1351171 0.0196475 0.0042670 0.0000000 0.0645848 0.1396567 0.0030966 0.1142843 0.0000000 0.0033405 0.4961877 0.0000000 0.0000000 0.0000000 0.0024863 0.0122011 0.0000000 0.0025065 0.0011055
286 A 286 0.5371128 0.0251078 0.0202637 0.0376342 0.0000000 0.0184249 0.0355390 0.0071537 0.0215844 0.0000000 0.0137636 0.1500285 0.0070066 0.0000000 0.0000000 0.1045777 0.0010191 0.0000000 0.0000000 0.0207841
287 A 287 0.9305831 0.0000000 0.0000000 0.0000000 0.0000000 0.0000000 0.0000000 0.0694169 0.0000000 0.0000000 0.0000000 0.0000000 0.0000000 0.0000000 0.0000000 0.0000000 0.0000000 0.0000000 0.0000000 0.0000000
288 I 288 0.0049547 0.0000000 0.0000000 0.0000000 0.0000000 0.0000000 0.0000000 0.0000000 0.0000000 0.5617887 0.1784107 0.0000000 0.0091426 0.0000000 0.0000000 0.0000000 0.0135777 0.0000000 0.0000000 0.2321256
289 A 289 0.1836483 0.0556771 0.1090643 0.0547266 0.0000000 0.0306127 0.1394065 0.0047585 0.0170312 0.0024889 0.0084432 0.2011752 0.0075700 0.0017388 0.0000000 0.0812287 0.0172279 0.0208528 0.0456691 0.0186803
290 D 290 0.0047902 0.0108592 0.2271407 0.5917968 0.0024251 0.0227297 0.0621105 0.0040885 0.0098169 0.0031095 0.0017494 0.0396784 0.0000000 0.0014336 0.0000000 0.0162797 0.0019917 0.0000000 0.0000000 0.0000000
291 Y 291 0.0060738 0.0000000 0.0061495 0.0053557 0.0000000 0.0000000 0.0317839 0.0000000 0.0018906 0.0075576 0.0121461 0.0074886 0.0026261 0.0364581 0.0000000 0.0164761 0.0000000 0.0266691 0.8304442 0.0088807
292 K 292 0.0321294 0.2916252 0.0185419 0.0014819 0.0000000 0.0953773 0.0811002 0.0000000 0.0161888 0.0112528 0.0877919 0.2133748 0.0097975 0.0088113 0.0000000 0.0030782 0.0124155 0.0040066 0.0990739 0.0139529
293 S 293 0.0702742 0.0497221 0.0429847 0.0183542 0.0000000 0.0557785 0.1169535 0.1575275 0.0138532 0.0132790 0.0307641 0.1126562 0.0097887 0.0278387 0.0054358 0.1677497 0.0674094 0.0000000 0.0000000 0.0396304
294 K 294 0.0000000 0.1015324 0.0068603 0.0124536 0.0000000 0.0000000 0.1075808 0.0037798 0.0043887 0.0000000 0.0000000 0.7273259 0.0000000 0.0000000 0.0106268 0.0220324 0.0034193 0.0000000 0.0000000 0.0000000
295 R 295 0.0247758 0.1907542 0.2322091 0.0154649 0.0000000 0.2957888 0.0107437 0.0000000 0.1083645 0.0000000 0.0070285 0.0866738 0.0145539 0.0000000 0.0000000 0.0055105 0.0044586 0.0036738 0.0000000 0.0000000
296 E 296 0.0678128 0.0122918 0.1306204 0.0878159 0.0000000 0.1279784 0.1596424 0.1668002 0.0031965 0.0000000 0.0271459 0.1241190 0.0000000 0.0000000 0.0205067 0.0360409 0.0176315 0.0042092 0.0000000 0.0141883
297 A 297 0.2046362 0.0289114 0.0110675 0.0065511 0.0000000 0.0400154 0.0129954 0.1192860 0.0075106 0.0357565 0.0981577 0.1980079 0.0459923 0.0000000 0.0396120 0.0932818 0.0242376 0.0000000 0.0000000 0.0339807
298 K 298 0.0000000 0.0956287 0.0412245 0.0000000 0.0000000 0.0000000 0.3347639 0.0000000 0.0000000 0.0000000 0.0000000 0.5283829 0.0000000 0.0000000 0.0000000 0.0000000 0.0000000 0.0000000 0.0000000 0.0000000
